	17Networks_LH_VisCent_ExStr_1	17Networks_LH_VisCent_ExStr_2	17Networks_LH_VisCent_ExStr_3	17Networks_LH_VisCent_ExStr_4	17Networks_LH_VisCent_ExStr_5	17Networks_LH_VisCent_ExStr_6	17Networks_LH_VisCent_Striate_1	17Networks_LH_VisCent_ExStr_7	17Networks_LH_VisCent_ExStr_8	17Networks_LH_VisCent_ExStr_9	17Networks_LH_VisCent_ExStr_10	17Networks_LH_VisCent_ExStr_11	17Networks_LH_VisPeri_ExStrInf_1	17Networks_LH_VisPeri_ExStrInf_2	17Networks_LH_VisPeri_ExStrInf_3	17Networks_LH_VisPeri_ExStrInf_4	17Networks_LH_VisPeri_ExStrInf_5	17Networks_LH_VisPeri_StriCal_1	17Networks_LH_VisPeri_StriCal_2	17Networks_LH_VisPeri_ExStrSup_1	17Networks_LH_VisPeri_ExStrSup_2	17Networks_LH_VisPeri_ExStrSup_3	17Networks_LH_VisPeri_ExStrSup_4	17Networks_LH_VisPeri_ExStrSup_5	17Networks_LH_SomMotA_1	17Networks_LH_SomMotA_2	17Networks_LH_SomMotA_3	17Networks_LH_SomMotA_4	17Networks_LH_SomMotA_5	17Networks_LH_SomMotA_6	17Networks_LH_SomMotA_7	17Networks_LH_SomMotA_8	17Networks_LH_SomMotA_9	17Networks_LH_SomMotA_10	17Networks_LH_SomMotA_11	17Networks_LH_SomMotA_12	17Networks_LH_SomMotA_13	17Networks_LH_SomMotA_14	17Networks_LH_SomMotA_15	17Networks_LH_SomMotA_16	17Networks_LH_SomMotA_17	17Networks_LH_SomMotA_18	17Networks_LH_SomMotA_19	17Networks_LH_SomMotB_Aud_1	17Networks_LH_SomMotB_Aud_2	17Networks_LH_SomMotB_Ins_1	17Networks_LH_SomMotB_S2_1	17Networks_LH_SomMotB_S2_2	17Networks_LH_SomMotB_Aud_3	17Networks_LH_SomMotB_Aud_4	17Networks_LH_SomMotB_S2_3	17Networks_LH_SomMotB_S2_4	17Networks_LH_SomMotB_S2_5	17Networks_LH_SomMotB_S2_6	17Networks_LH_SomMotB_Cent_1	17Networks_LH_SomMotB_Cent_2	17Networks_LH_SomMotB_Cent_3	17Networks_LH_SomMotB_Cent_4	17Networks_LH_SomMotB_Cent_5	17Networks_LH_DorsAttnA_TempOcc_1	17Networks_LH_DorsAttnA_TempOcc_2	17Networks_LH_DorsAttnA_TempOcc_3	17Networks_LH_DorsAttnA_TempOcc_4	17Networks_LH_DorsAttnA_ParOcc_1	17Networks_LH_DorsAttnA_ParOcc_2	17Networks_LH_DorsAttnA_SPL_1	17Networks_LH_DorsAttnA_SPL_2	17Networks_LH_DorsAttnA_SPL_3	17Networks_LH_DorsAttnA_SPL_4	17Networks_LH_DorsAttnA_SPL_5	17Networks_LH_DorsAttnA_SPL_6	17Networks_LH_DorsAttnA_SPL_7	17Networks_LH_DorsAttnB_PostC_1	17Networks_LH_DorsAttnB_PostC_2	17Networks_LH_DorsAttnB_PostC_3	17Networks_LH_DorsAttnB_PostC_4	17Networks_LH_DorsAttnB_PostC_5	17Networks_LH_DorsAttnB_PostC_6	17Networks_LH_DorsAttnB_PostC_7	17Networks_LH_DorsAttnB_PostC_8	17Networks_LH_DorsAttnB_PostC_9	17Networks_LH_DorsAttnB_FEF_1	17Networks_LH_DorsAttnB_FEF_2	17Networks_LH_DorsAttnB_FEF_3	17Networks_LH_DorsAttnB_PrCv_1	17Networks_LH_SalVentAttnA_ParOper_1	17Networks_LH_SalVentAttnA_ParOper_2	17Networks_LH_SalVentAttnA_ParOper_3	17Networks_LH_SalVentAttnA_Ins_1	17Networks_LH_SalVentAttnA_Ins_2	17Networks_LH_SalVentAttnA_Ins_3	17Networks_LH_SalVentAttnA_Ins_4	17Networks_LH_SalVentAttnA_FrOper_1	17Networks_LH_SalVentAttnA_FrOper_2	17Networks_LH_SalVentAttnA_ParMed_1	17Networks_LH_SalVentAttnA_ParMed_2	17Networks_LH_SalVentAttnA_ParMed_3	17Networks_LH_SalVentAttnA_FrMed_1	17Networks_LH_SalVentAttnA_FrMed_2	17Networks_LH_SalVentAttnA_FrMed_3	17Networks_LH_SalVentAttnB_PFCl_1	17Networks_LH_SalVentAttnB_PFCl_2	17Networks_LH_SalVentAttnB_PFCl_3	17Networks_LH_SalVentAttnB_Ins_1	17Networks_LH_SalVentAttnB_Ins_2	17Networks_LH_SalVentAttnB_Ins_3	17Networks_LH_SalVentAttnB_OFC_1	17Networks_LH_SalVentAttnB_PFCmp_1	17Networks_LH_LimbicB_OFC_1	17Networks_LH_LimbicB_OFC_2	17Networks_LH_LimbicB_OFC_3	17Networks_LH_LimbicB_OFC_4	17Networks_LH_LimbicB_OFC_5	17Networks_LH_LimbicA_TempPole_1	17Networks_LH_LimbicA_TempPole_2	17Networks_LH_LimbicA_TempPole_3	17Networks_LH_LimbicA_TempPole_4	17Networks_LH_LimbicA_TempPole_5	17Networks_LH_LimbicA_TempPole_6	17Networks_LH_LimbicA_TempPole_7	17Networks_LH_ContA_Temp_1	17Networks_LH_ContA_IPS_1	17Networks_LH_ContA_IPS_2	17Networks_LH_ContA_IPS_3	17Networks_LH_ContA_IPS_4	17Networks_LH_ContA_IPS_5	17Networks_LH_ContA_PFCd_1	17Networks_LH_ContA_PFClv_1	17Networks_LH_ContA_PFClv_2	17Networks_LH_ContA_PFCl_1	17Networks_LH_ContA_PFCl_2	17Networks_LH_ContA_PFCl_3	17Networks_LH_ContA_Cingm_1	17Networks_LH_ContB_Temp_1	17Networks_LH_ContB_Temp_2	17Networks_LH_ContB_IPL_1	17Networks_LH_ContB_IPL_2	17Networks_LH_ContB_IPL_3	17Networks_LH_ContB_PFCd_1	17Networks_LH_ContB_PFClv_1	17Networks_LH_ContB_PFClv_2	17Networks_LH_ContB_PFClv_3	17Networks_LH_ContB_PFCmp_1	17Networks_LH_ContC_pCun_1	17Networks_LH_ContC_pCun_2	17Networks_LH_ContC_pCun_3	17Networks_LH_ContC_Cingp_1	17Networks_LH_ContC_Cingp_2	17Networks_LH_DefaultA_IPL_1	17Networks_LH_DefaultA_IPL_2	17Networks_LH_DefaultA_PFCd_1	17Networks_LH_DefaultA_PFCd_2	17Networks_LH_DefaultA_PFCd_3	17Networks_LH_DefaultA_pCunPCC_1	17Networks_LH_DefaultA_pCunPCC_2	17Networks_LH_DefaultA_pCunPCC_3	17Networks_LH_DefaultA_pCunPCC_4	17Networks_LH_DefaultA_pCunPCC_5	17Networks_LH_DefaultA_pCunPCC_6	17Networks_LH_DefaultA_pCunPCC_7	17Networks_LH_DefaultA_PFCm_1	17Networks_LH_DefaultA_PFCm_2	17Networks_LH_DefaultA_PFCm_3	17Networks_LH_DefaultA_PFCm_4	17Networks_LH_DefaultA_PFCm_5	17Networks_LH_DefaultA_PFCm_6	17Networks_LH_DefaultB_Temp_1	17Networks_LH_DefaultB_Temp_2	17Networks_LH_DefaultB_Temp_3	17Networks_LH_DefaultB_Temp_4	17Networks_LH_DefaultB_Temp_5	17Networks_LH_DefaultB_Temp_6	17Networks_LH_DefaultB_IPL_1	17Networks_LH_DefaultB_IPL_2	17Networks_LH_DefaultB_PFCd_1	17Networks_LH_DefaultB_PFCd_2	17Networks_LH_DefaultB_PFCd_3	17Networks_LH_DefaultB_PFCd_4	17Networks_LH_DefaultB_PFCd_5	17Networks_LH_DefaultB_PFCd_6	17Networks_LH_DefaultB_PFCl_1	17Networks_LH_DefaultB_PFCl_2	17Networks_LH_DefaultB_PFCv_1	17Networks_LH_DefaultB_PFCv_2	17Networks_LH_DefaultB_PFCv_3	17Networks_LH_DefaultB_PFCv_4	17Networks_LH_DefaultB_PFCv_5	17Networks_LH_DefaultC_IPL_1	17Networks_LH_DefaultC_Rsp_1	17Networks_LH_DefaultC_Rsp_2	17Networks_LH_DefaultC_Rsp_3	17Networks_LH_DefaultC_PHC_1	17Networks_LH_DefaultC_PHC_2	17Networks_LH_DefaultC_PHC_3	17Networks_LH_TempPar_1	17Networks_LH_TempPar_2	17Networks_LH_TempPar_3	17Networks_LH_TempPar_4	17Networks_LH_TempPar_5	17Networks_LH_TempPar_6	17Networks_RH_VisCent_ExStr_1	17Networks_RH_VisCent_ExStr_2	17Networks_RH_VisCent_ExStr_3	17Networks_RH_VisCent_ExStr_4	17Networks_RH_VisCent_ExStr_5	17Networks_RH_VisCent_ExStr_6	17Networks_RH_VisCent_Striate_1	17Networks_RH_VisCent_ExStr_7	17Networks_RH_VisCent_ExStr_8	17Networks_RH_VisCent_ExStr_9	17Networks_RH_VisCent_ExStr_10	17Networks_RH_VisCent_ExStr_11	17Networks_RH_VisPeri_ExStrInf_1	17Networks_RH_VisPeri_ExStrInf_2	17Networks_RH_VisPeri_ExStrInf_3	17Networks_RH_VisPeri_ExStrInf_4	17Networks_RH_VisPeri_ExStrInf_5	17Networks_RH_VisPeri_StriCal_1	17Networks_RH_VisPeri_StriCal_2	17Networks_RH_VisPeri_ExStrSup_1	17Networks_RH_VisPeri_ExStrSup_2	17Networks_RH_VisPeri_ExStrSup_3	17Networks_RH_VisPeri_ExStrSup_4	17Networks_RH_SomMotA_1	17Networks_RH_SomMotA_2	17Networks_RH_SomMotA_3	17Networks_RH_SomMotA_4	17Networks_RH_SomMotA_5	17Networks_RH_SomMotA_6	17Networks_RH_SomMotA_7	17Networks_RH_SomMotA_8	17Networks_RH_SomMotA_9	17Networks_RH_SomMotA_10	17Networks_RH_SomMotA_11	17Networks_RH_SomMotA_12	17Networks_RH_SomMotA_13	17Networks_RH_SomMotA_14	17Networks_RH_SomMotA_15	17Networks_RH_SomMotA_16	17Networks_RH_SomMotA_17	17Networks_RH_SomMotA_18	17Networks_RH_SomMotA_19	17Networks_RH_SomMotA_20	17Networks_RH_SomMotB_Aud_1	17Networks_RH_SomMotB_Aud_2	17Networks_RH_SomMotB_Ins_1	17Networks_RH_SomMotB_S2_1	17Networks_RH_SomMotB_S2_2	17Networks_RH_SomMotB_Aud_3	17Networks_RH_SomMotB_S2_3	17Networks_RH_SomMotB_S2_4	17Networks_RH_SomMotB_S2_5	17Networks_RH_SomMotB_S2_6	17Networks_RH_SomMotB_S2_7	17Networks_RH_SomMotB_S2_8	17Networks_RH_SomMotB_Cent_1	17Networks_RH_SomMotB_Cent_2	17Networks_RH_SomMotB_Cent_3	17Networks_RH_DorsAttnA_TempOcc_1	17Networks_RH_DorsAttnA_TempOcc_2	17Networks_RH_DorsAttnA_TempOcc_3	17Networks_RH_DorsAttnA_ParOcc_1	17Networks_RH_DorsAttnA_ParOcc_2	17Networks_RH_DorsAttnA_ParOcc_3	17Networks_RH_DorsAttnA_SPL_1	17Networks_RH_DorsAttnA_SPL_2	17Networks_RH_DorsAttnA_SPL_3	17Networks_RH_DorsAttnA_SPL_4	17Networks_RH_DorsAttnA_SPL_5	17Networks_RH_DorsAttnA_SPL_6	17Networks_RH_DorsAttnA_SPL_7	17Networks_RH_DorsAttnA_SPL_8	17Networks_RH_DorsAttnB_TempOcc_1	17Networks_RH_DorsAttnB_PostC_1	17Networks_RH_DorsAttnB_PostC_2	17Networks_RH_DorsAttnB_PostC_3	17Networks_RH_DorsAttnB_PostC_4	17Networks_RH_DorsAttnB_PostC_5	17Networks_RH_DorsAttnB_PostC_6	17Networks_RH_DorsAttnB_PostC_7	17Networks_RH_DorsAttnB_PostC_8	17Networks_RH_DorsAttnB_FEF_1	17Networks_RH_DorsAttnB_FEF_2	17Networks_RH_DorsAttnB_FEF_3	17Networks_RH_SalVentAttnA_ParOper_1	17Networks_RH_SalVentAttnA_ParOper_2	17Networks_RH_SalVentAttnA_ParOper_3	17Networks_RH_SalVentAttnA_PrC_1	17Networks_RH_SalVentAttnA_Ins_1	17Networks_RH_SalVentAttnA_Ins_2	17Networks_RH_SalVentAttnA_Ins_3	17Networks_RH_SalVentAttnA_Ins_4	17Networks_RH_SalVentAttnA_FrOper_1	17Networks_RH_SalVentAttnA_FrOper_2	17Networks_RH_SalVentAttnA_FrOper_3	17Networks_RH_SalVentAttnA_FrMed_1	17Networks_RH_SalVentAttnA_ParMed_1	17Networks_RH_SalVentAttnA_ParMed_2	17Networks_RH_SalVentAttnA_FrMed_2	17Networks_RH_SalVentAttnA_ParMed_3	17Networks_RH_SalVentAttnA_ParMed_4	17Networks_RH_SalVentAttnA_FrMed_3	17Networks_RH_SalVentAttnA_FrMed_4	17Networks_RH_SalVentAttnB_IPL_1	17Networks_RH_SalVentAttnB_PFClv_1	17Networks_RH_SalVentAttnB_PFCl_1	17Networks_RH_SalVentAttnB_PFCl_2	17Networks_RH_SalVentAttnB_PFCl_3	17Networks_RH_SalVentAttnB_Ins_1	17Networks_RH_SalVentAttnB_Ins_2	17Networks_RH_SalVentAttnB_PFCmp_1	17Networks_RH_SalVentAttnB_PFCmp_2	17Networks_RH_LimbicB_OFC_1	17Networks_RH_LimbicB_OFC_2	17Networks_RH_LimbicB_OFC_3	17Networks_RH_LimbicB_OFC_4	17Networks_RH_LimbicB_OFC_5	17Networks_RH_LimbicB_OFC_6	17Networks_RH_LimbicA_TempPole_1	17Networks_RH_LimbicA_TempPole_2	17Networks_RH_LimbicA_TempPole_3	17Networks_RH_LimbicA_TempPole_4	17Networks_RH_LimbicA_TempPole_5	17Networks_RH_LimbicA_TempPole_6	17Networks_RH_ContA_IPS_1	17Networks_RH_ContA_IPS_2	17Networks_RH_ContA_IPS_3	17Networks_RH_ContA_IPS_4	17Networks_RH_ContA_PFCd_1	17Networks_RH_ContA_PFCl_1	17Networks_RH_ContA_PFCl_2	17Networks_RH_ContA_PFCl_3	17Networks_RH_ContA_PFCl_4	17Networks_RH_ContA_PFCl_5	17Networks_RH_ContA_Cingm_1	17Networks_RH_ContB_Temp_1	17Networks_RH_ContB_Temp_2	17Networks_RH_ContB_IPL_1	17Networks_RH_ContB_IPL_2	17Networks_RH_ContB_IPL_3	17Networks_RH_ContB_IPL_4	17Networks_RH_ContB_PFCld_1	17Networks_RH_ContB_PFCld_2	17Networks_RH_ContB_PFCld_3	17Networks_RH_ContB_PFCld_4	17Networks_RH_ContB_PFClv_1	17Networks_RH_ContB_PFClv_2	17Networks_RH_ContB_PFClv_3	17Networks_RH_ContB_PFClv_4	17Networks_RH_ContB_PFCmp_1	17Networks_RH_ContC_pCun_1	17Networks_RH_ContC_pCun_2	17Networks_RH_ContC_pCun_3	17Networks_RH_ContC_pCun_4	17Networks_RH_ContC_pCun_5	17Networks_RH_ContC_Cingp_1	17Networks_RH_ContC_Cingp_2	17Networks_RH_DefaultA_Temp_1	17Networks_RH_DefaultA_IPL_1	17Networks_RH_DefaultA_IPL_2	17Networks_RH_DefaultA_PFCd_1	17Networks_RH_DefaultA_PFCd_2	17Networks_RH_DefaultA_pCunPCC_1	17Networks_RH_DefaultA_pCunPCC_2	17Networks_RH_DefaultA_pCunPCC_3	17Networks_RH_DefaultA_pCunPCC_4	17Networks_RH_DefaultA_pCunPCC_5	17Networks_RH_DefaultA_PFCm_1	17Networks_RH_DefaultA_PFCm_2	17Networks_RH_DefaultA_PFCm_3	17Networks_RH_DefaultA_PFCm_4	17Networks_RH_DefaultA_PFCm_5	17Networks_RH_DefaultA_PFCm_6	17Networks_RH_DefaultB_Temp_1	17Networks_RH_DefaultB_Temp_2	17Networks_RH_DefaultB_AntTemp_1	17Networks_RH_DefaultB_PFCd_1	17Networks_RH_DefaultB_PFCd_2	17Networks_RH_DefaultB_PFCd_3	17Networks_RH_DefaultB_PFCd_4	17Networks_RH_DefaultB_PFCd_5	17Networks_RH_DefaultB_PFCv_1	17Networks_RH_DefaultB_PFCv_2	17Networks_RH_DefaultB_PFCv_3	17Networks_RH_DefaultC_IPL_1	17Networks_RH_DefaultC_IPL_2	17Networks_RH_DefaultC_Rsp_1	17Networks_RH_DefaultC_Rsp_2	17Networks_RH_DefaultC_PHC_1	17Networks_RH_DefaultC_PHC_2	17Networks_RH_TempPar_1	17Networks_RH_TempPar_2	17Networks_RH_TempPar_3	17Networks_RH_TempPar_4	17Networks_RH_TempPar_5	17Networks_RH_TempPar_6	17Networks_RH_TempPar_7	17Networks_RH_TempPar_8	17Networks_RH_TempPar_9	17Networks_RH_TempPar_10	aHIP-lh	pHIP-lh	lAMY-lh	mAMY-lh	THA-DP-lh	THA-VP-lh	THA-VA-lh	THA-DA-lh	NAc-shell-lh	NAc-core-lh	pGP-lh	aGP-lh	aPUT-lh	pPUT-lh	aCAU-lh	pCAU-lh	aHIP-rh	pHIP-rh	lAMY-rh	mAMY-rh	THA-DP-rh	THA-VP-rh	THA-VA-rh	THA-DA-rh	NAc-shell-rh	NAc-core-rh	pGP-rh	aGP-rh	aPUT-rh	pPUT-rh	aCAU-rh	pCAU-rh	region1	region2	region3	region4	region5	region6	region7	region8	region9	region10	region11	region12	region13	region14	region15	region16	region17	region18	region19	region20	region21	region22	region23	region24	region25	region26	region27	region28	region29	region30	region31	region32
17Networks_LH_VisCent_ExStr_1	1.02073641	0.43751136	0.45192473	0.44235534	0.33253472	0.43082275	0.40980682	0.15628932	0.25472655	0.29106193	0.13832984	0.10186133	0.28683924	0.37881367	0.52488473	0.24639825	0.11002146	0.20352358	0.22628832	0.18148871	0.19485711	0.22759130	0.15137228	0.25240243	0.10830569	0.22034191	0.09494642	-0.13771202	0.19132961	0.05769341	0.05495496	0.07454880	0.23529381	0.14582323	0.02301532	0.17626402	-0.05298569	0.27672317	0.27380449	0.33578699	0.10119008	0.02862321	0.19689630	0.06002231	0.29350052	0.19507219	0.04254721	0.13317055	-0.04546483	-0.01362100	0.17139857	0.25999034	0.21549549	0.30653609	0.07903453	-0.05878545	0.12252846	-0.07810559	0.20771135	0.38416162	0.35875566	0.62494044	0.47045799	0.29334914	0.07573549	0.08563606	0.07885849	0.10321170	0.05691554	0.21791288	0.10335125	0.11264349	0.13527205	0.21565186	0.22708165	0.20659376	0.09911816	-0.04291708	0.03438096	0.05628707	0.26677410	0.26956257	0.26879601	0.13301616	0.21217465	0.23825451	0.21672349	0.19409861	0.10781059	0.11553616	0.04279629	0.06168651	0.15083558	0.19013654	0.17303562	0.09939896	0.15832792	0.38407765	0.29666425	0.16485605	0.21592801	0.34143759	0.20435678	-0.03550981	0.16030559	0.03004676	0.02442187	0.30886018	0.32802018	0.02987499	0.12412525	0.27463776	0.34208981	0.09130060	0.07536248	0.15242868	0.09499761	-0.00023830	0.06896403	0.03491236	0.25579844	0.03729212	0.21027508	0.20553147	0.16166070	0.06944057	0.29843040	0.11343499	-0.02402201	0.11708791	0.21311199	0.21553481	0.13657442	0.38538727	0.24610649	0.22511387	0.22846038	0.07458520	0.24595428	0.25923497	0.38345596	0.36991500	0.31557930	-0.09503437	0.02746997	0.03791740	0.14677462	-0.08066441	0.26116230	0.30522175	0.31216809	0.32835881	0.26985757	0.17628395	0.06974974	0.15556508	0.27666723	0.44791583	0.14752620	0.24223313	0.28205973	0.15020147	0.28542291	0.22689417	0.51853945	0.24568804	0.06281699	0.17317316	0.36914096	0.22676170	0.29288341	0.20314335	0.29146787	0.23726372	0.48713703	0.41899766	0.44820702	0.02794824	0.18204298	0.30885511	0.17835667	0.35697434	0.26099148	0.10147601	0.28028554	0.28553946	0.22517497	0.23338527	0.28454738	0.11982810	0.12136500	0.18308210	0.13713621	0.15224213	0.05610090	0.21462678	0.14687310	0.23038397	0.18882625	0.24258388	0.52338255	0.27843497	0.48198758	0.35265675	0.31557268	0.17570150	0.48256219	0.23084192	0.15274164	0.28261304	0.18739049	0.09443369	0.23997666	0.19066062	0.49173876	0.30167065	0.05694107	0.07287729	0.22099073	0.14699262	0.26222162	0.15443416	0.19997997	0.09225426	0.17257227	0.18312120	0.02287202	0.04220569	0.20394274	-0.00114924	0.18555536	0.22635185	0.14942905	0.05277809	0.14446018	0.13701857	-0.04606525	0.27011206	0.13032832	-0.08713642	0.33387175	0.12231199	0.27822319	0.19394136	0.16839164	0.00326040	-0.00118954	0.00443508	0.12372112	-0.07051668	0.10031894	0.06589163	0.17406404	-0.09454969	0.07927051	0.02561800	0.15530116	0.07219574	0.30564010	0.42469544	0.31148657	0.21957540	0.07702752	0.24709805	0.23338209	0.08086967	0.11486985	0.06418023	0.10561894	0.16601435	0.17717006	0.11541478	0.35551230	0.03157530	0.08365363	0.22190871	0.04619564	0.09273774	0.16236011	0.11591351	0.17985310	0.43127616	0.16650469	0.11773952	0.01653721	-0.00198810	-0.09055829	0.34225018	0.04693530	-0.00049754	0.13485070	0.08677157	-0.15994682	0.13811149	0.07736305	0.32597568	0.06974540	0.12835767	0.07499641	0.10038900	-0.06863797	0.34596094	0.13068146	0.10882173	0.07656996	0.08252139	0.29524251	0.15637803	-0.06694856	-0.10443649	0.17775316	0.17498518	0.12123467	0.12114386	0.10089385	-0.11948983	0.19555882	0.22553727	0.17724754	0.14106860	-0.02215166	0.16297724	0.13489749	0.31604621	0.09837481	0.17738609	0.07517201	0.20126786	-0.07827776	0.21993899	0.11347553	0.00491410	0.07081067	0.12727254	0.14131748	0.28252509	0.29485316	0.03852771	0.10522262	0.14775711	0.02833023	0.12354688	0.12328848	0.34905760	0.11714993	0.02703961	-0.03822179	0.12178815	0.32657126	0.17090675	-0.15052883	-0.00845717	0.12434524	0.11773637	-0.01746967	0.01769448	-0.11055803	0.20597961	0.20346720	0.21851257	0.17165268	0.05115782	0.00523595	-0.03741581	0.05580612	0.38572162	0.09916850	0.13773434	0.24131721	0.15498375	0.29158012	0.22361553	0.19644334	0.21994529	0.17306500	0.04088218	0.34227283	0.30416307	0.39781591	0.19517783	0.43397472	0.14651733	0.27655749	0.17425009	0.27483685	0.17608983	0.24278053	0.01022409	0.05955083	0.25265317	0.06703127	0.04014650	-0.04936148	0.18085700	-0.10647278	-0.04936989	0.11602080	0.12643307	0.16393892	0.02024221	0.14351697	0.15222820	0.15859393	0.17002988	0.38171768	0.02966943	-0.05037672	0.24522915	0.01508089	-0.15002043	0.16684043	-0.06111312	0.08085779	0.10978918	-0.13307771	0.26682831	0.12588354	0.10974338	0.14451060	0.17287827	0.32477275	-0.06062420	-0.08682641	0.09686643	0.03592579	-0.13002665	-0.08063943	0.03876625	-0.01970816	-0.05382668	-0.01499258	0.07088286	0.25985128	0.13383991	0.15575989	0.10288437	0.04511502	0.15493826	0.18780360	-0.08037276	0.35331099	0.15264387	0.34108678	0.29606554	0.26289847	0.21128142	0.22019352	0.17029950	0.30778770	0.20603916	0.14941756	0.22399184	0.26719819	0.08372626	0.06728509	0.12314913	0.40017107	0.33917811	0.43780814	0.43766747	0.41447788	0.53488080	0.52425604	0.33924091
17Networks_LH_VisCent_ExStr_2	0.43751136	1.04516738	0.17594999	0.41293110	0.30806223	0.43123532	0.52229788	0.12340679	0.47524171	0.12046208	0.39801063	0.37389813	0.43111868	0.28124990	0.48094121	0.28753349	0.12961715	0.29718705	0.25569532	0.26837611	0.19585141	0.24311784	0.28325874	0.12187110	0.23771727	0.29620260	0.20747213	0.04507448	0.31430416	0.12051552	0.14024179	0.13876021	0.34117279	0.24391663	0.22667344	0.29554121	0.12391267	0.23739876	0.29390840	0.35369700	0.25890372	0.13873433	0.25768944	0.07097185	0.20048077	0.20493034	0.12337616	0.05382960	0.11324877	0.18068037	0.22568837	0.26517524	0.29940604	0.26965099	0.11750367	-0.00071420	0.11171143	0.13911479	0.14126025	0.44890407	0.39515422	0.34047541	0.48084348	0.16250659	-0.08374731	0.02137941	0.15833553	0.11517402	-0.11853227	0.10251560	0.18720320	0.16939112	0.15610943	0.32710699	0.13852799	0.33050367	0.13148333	0.16813646	0.08281551	0.16689781	0.21684547	0.30105902	0.24317046	0.21035282	0.22437473	0.27251289	0.10112767	0.02298974	0.10448860	0.06874235	0.04220473	0.08284074	0.08891414	0.11284443	0.17219672	-0.01893343	0.12817380	0.32837561	0.23449294	0.30325263	0.02621360	0.19639232	0.06942956	-0.03546718	0.08492833	-0.17601324	0.01450318	0.31728554	0.20453902	0.16609630	0.06148355	0.13737600	0.21507312	0.02717304	0.14891260	0.16520544	0.20548909	0.19075501	0.16041909	0.00059967	0.12515530	0.06453854	-0.07406615	0.19725708	-0.05458553	-0.01349971	0.09757059	0.11908938	-0.02906971	0.09864532	0.20363484	0.25447729	0.17552305	0.10554225	0.26220037	0.15866123	0.01848909	-0.07809688	0.21304016	0.13832338	0.21276812	0.10592280	0.27142693	0.03199614	0.04291157	0.05315906	0.11999516	-0.04309216	0.29740800	0.40705739	0.22441030	0.25145774	0.28231435	0.30040293	0.27041540	0.25559501	0.22292577	0.35046514	0.14403232	0.28325025	0.35406786	0.17035762	0.21707612	0.25512637	0.24621341	0.15947487	0.15112430	0.11189654	0.34409330	0.23639160	0.25748172	0.09754470	0.31232759	0.19578795	0.41646576	0.42587277	0.29634741	0.18616735	0.19829314	0.19829046	0.20263542	0.27188406	0.29279513	0.15188751	0.32080091	0.25565658	0.14846614	0.28590766	0.38421260	0.37399147	0.37896254	0.24869469	0.31043851	0.23473337	0.02320099	0.20238032	0.26124921	0.12221753	-0.00053331	0.23696327	0.36727031	0.07678986	0.48722813	0.19320077	0.19033162	0.22912298	0.47561597	0.49057974	0.37710379	0.25839640	0.33287720	0.32510538	0.40297888	0.22872513	0.44773694	0.24041142	0.15655152	0.18832956	0.12296560	0.26122713	0.27865355	0.18228453	0.23345905	0.23920390	0.27427957	0.32392498	0.05136561	0.21317641	0.27537382	0.26366886	0.18296258	0.14557019	0.18840871	0.16116425	0.24702251	0.29354829	0.05566749	0.18133392	0.26658169	0.10250395	0.31980105	0.07237149	0.20158989	0.17184485	0.16297508	0.02338495	0.05876254	0.08206438	0.20855018	0.04359574	0.17922198	0.14519334	0.23131259	-0.01228879	0.25029742	0.18011041	0.16215265	0.19901902	0.34240812	0.31890378	0.25570920	0.16032351	0.00194630	0.11842545	0.22692863	0.04018940	0.13502911	0.16908609	0.16282209	-0.00941390	0.29619595	0.22529678	0.14995069	0.23233881	0.17027480	0.14056786	0.19310677	0.11461383	0.14354866	0.22446183	0.25958172	0.33864695	0.06214488	0.09831193	0.06344395	0.12501090	0.02888512	0.25125221	0.04765953	-0.01824258	0.11503559	0.13698875	0.01250814	0.14314509	0.07774694	0.32704446	0.11866714	0.11207070	0.15447520	0.06797660	-0.04675184	0.29186859	0.10722733	0.01290483	-0.04388761	0.00765819	0.25763544	0.14925863	-0.00890475	-0.04833959	0.24675783	0.12557519	0.06340386	0.13976407	0.05533703	-0.11813108	0.15433658	0.23852615	0.19645562	0.11846374	0.12695452	0.18646206	0.17440323	0.28339992	0.18411194	0.14377417	-0.02228492	0.01438858	0.12298327	0.17351035	0.18669185	0.06594513	0.03138891	0.14687244	0.21640366	0.20116054	0.32403238	-0.04485730	0.02676370	0.01789590	-0.08754453	0.09952415	0.23902943	0.32611505	0.19222077	0.13849316	-0.08176471	0.05278232	0.16207689	0.14617769	0.04526178	0.09463881	0.20882596	0.27407898	-0.05171086	0.16670373	0.00588383	0.29820371	0.25072709	0.24462000	0.16578312	0.28611075	0.23390022	0.22926426	0.21073308	0.28423758	0.25507833	0.21090623	0.22314229	0.25450455	0.27518687	0.15904303	0.07214532	0.17758648	0.15992080	0.22425724	0.25788032	0.41528010	0.35731987	0.29780215	0.32870300	0.24606905	0.23803001	0.12383669	0.37934316	0.18500732	0.30939514	0.33013563	0.14838973	0.32808134	0.00984945	0.33290168	0.12057217	0.22877246	0.11458804	-0.09222595	0.08038827	0.17294229	0.13665433	0.00582712	0.25614349	0.22224914	0.10124064	0.09565629	0.32894617	0.01179353	0.14462417	0.27988561	-0.04823601	-0.16873451	0.10584551	-0.13135580	0.14326133	0.15517871	-0.12202614	0.16883504	0.20357963	0.23212332	0.13952625	0.16432677	0.32298207	0.08339756	0.11271533	0.12686008	-0.07444846	-0.09394827	0.06943290	0.14627432	0.01794193	0.00982206	-0.04178756	0.10416969	0.38655973	0.17674153	0.33243897	0.17202354	0.15243698	0.29416350	0.38527534	0.05473803	0.28449854	0.28084328	0.35832065	0.24846305	0.23448269	0.38486035	0.10207449	0.28702269	0.37495569	0.27627016	0.24772960	0.30802831	0.27356248	0.37760880	0.22976997	0.20116929	0.31845306	0.32839401	0.30778897	0.35820829	0.47149490	0.47882675	0.34968438	0.35771863
17Networks_LH_VisCent_ExStr_3	0.45192473	0.17594999	1.05033527	0.49184711	0.26565381	0.21764799	0.31996466	-0.00748384	0.06319135	0.21989436	-0.04391594	-0.09880361	0.07590170	0.24772047	0.31336145	0.02447528	0.10546912	0.11571560	0.04951590	-0.06300959	0.09703281	0.05832779	-0.02387236	0.23196923	0.03375608	0.14521300	0.03787571	-0.10427902	0.10911010	-0.04420686	-0.05700758	-0.03692223	0.16115638	0.08461295	-0.05391772	0.02193680	-0.18173767	0.27314147	0.30364795	0.18253291	-0.04550732	-0.04086543	0.10323923	0.14628742	0.08837322	0.11905451	-0.20214882	0.08493041	0.03127564	-0.04127358	-0.08324121	-0.01749172	0.02837219	0.14628112	-0.04733638	-0.17704946	0.00420078	-0.09955397	0.09726094	0.15778210	0.08221080	0.55182260	0.35382838	0.17713099	0.14015377	0.13806418	-0.00865295	0.10437807	-0.10167918	0.13136741	0.07262593	0.06688617	0.08128257	0.12411141	0.33472658	0.15978919	0.00476872	-0.19399886	-0.03231671	-0.00923950	0.20610547	0.20971255	0.19213155	0.08887877	0.10735449	0.09569379	0.18323788	0.04652382	-0.05897132	0.03473135	-0.14336326	-0.11824526	-0.00164051	-0.01877956	0.21397371	-0.03480719	0.17155961	0.26580309	0.14074015	0.03680685	0.05073843	0.10199289	-0.00999132	-0.13868430	-0.08043024	-0.04021676	0.04565888	0.15268456	0.25158355	-0.01820537	0.10905026	0.36451360	0.27020775	0.07380265	0.04478924	0.11673571	0.06672323	0.08946345	-0.04980183	0.11946957	0.04498573	0.13087577	0.10672166	0.14309517	0.07709287	0.04047917	0.25476612	-0.04450990	-0.14541528	0.02231222	0.18079203	0.23056853	-0.01901536	0.44192811	0.07838362	0.16187338	0.08860791	-0.02310596	0.29496739	0.12331768	0.25710109	0.18578443	0.22405887	0.01276081	-0.01091587	0.11061594	0.11463194	-0.00915754	0.23238508	0.24055611	0.30210703	0.23102921	0.24177022	0.30245895	0.22216468	0.19172525	0.15991077	0.40173083	0.23576934	0.32354867	0.37850445	0.23572867	0.21807645	0.10443385	0.43898183	0.16995823	-0.03962002	0.04337345	0.30410260	0.23477997	0.18040398	0.13774656	0.13421781	0.18036444	0.34312038	0.20466108	0.17708478	0.01167288	0.14624640	0.23143478	0.05391661	0.30921119	0.04165673	0.00041817	0.19689187	0.15201307	0.01831882	0.30214009	0.14605594	0.24301095	0.15864077	0.10008610	0.12496654	-0.00064907	-0.04724748	0.09114521	-0.00570359	-0.06770853	0.01718064	0.04557916	0.29875725	0.37815357	0.40284277	0.21857982	0.25335859	0.30269614	0.34808842	0.06350333	0.02699963	0.14791556	0.08255081	-0.03569680	0.08022113	0.09975975	0.24764329	0.25610033	-0.12004303	0.19686496	0.15460141	0.10105151	0.18729473	0.19923624	0.09960133	-0.00666956	0.15616002	0.02640338	0.06729237	-0.03350098	0.10421084	0.01143621	-0.04078304	0.01303817	0.06414542	-0.03564053	-0.04818230	0.01229939	-0.10853802	0.10733475	-0.01610844	-0.10419275	0.24864780	0.14520651	0.20494265	0.10522026	0.02656974	-0.20255490	-0.09973371	-0.16410005	0.07480805	-0.09590669	0.04568846	-0.10909685	0.02575947	-0.10289173	-0.00686526	0.02596297	0.02792565	-0.10874835	0.10520857	0.32126239	0.23200145	0.05411694	0.03428808	0.25372095	0.11961817	-0.01762885	0.04932502	-0.06296533	-0.00601357	-0.02767475	-0.12485822	0.02115975	0.09934669	-0.04995370	0.13956292	0.14421379	0.09892057	-0.02753623	0.13415796	-0.04932326	0.07188608	0.27667635	0.00325280	-0.00893660	-0.05801907	0.01241580	-0.14409244	0.08928897	0.00175147	-0.18177641	0.01353712	-0.14012149	-0.24538958	-0.07164117	-0.05693151	0.19766474	0.01957317	0.18427148	0.05836146	0.05904101	-0.09995840	0.25039877	0.04440218	-0.02349434	-0.00288093	-0.05854035	0.02683247	0.11015424	-0.17299016	-0.24886992	0.00935055	0.01856803	0.21500363	0.02469003	0.17093020	0.02867197	0.11354448	0.19093922	0.13009506	0.09112106	0.09366283	0.21817996	0.09738490	0.24484674	0.02993863	0.14992229	-0.05238109	0.03356597	0.00928455	0.13863517	-0.02297132	0.05570817	-0.01207258	0.03629304	0.13390974	0.21029390	0.19714730	-0.07934657	0.00975823	0.00371643	-0.05047040	-0.04333814	0.08340905	0.21713199	0.07236979	0.05035891	0.06003074	0.05189895	0.22040407	0.20686953	0.04865172	0.03313723	0.24114404	0.21748500	0.01094283	0.14056813	-0.02230894	0.25825189	0.12761779	0.16362769	0.17505396	0.10747543	0.17867382	0.16526719	0.03452232	0.30129496	0.24859999	0.31517747	0.15930395	0.13332057	0.28909141	0.04490665	-0.01609043	0.14533078	0.03582247	0.20192462	0.19457223	0.06093433	0.31641085	0.04769700	0.29737563	0.00037856	0.13983369	0.00203120	0.33992180	0.29086349	0.26235983	0.19645483	-0.01535687	0.13891022	0.18815624	0.09013170	-0.00539006	0.12723989	-0.13865319	-0.16596447	-0.04679217	-0.02812462	0.07864699	-0.09679822	0.03154813	0.03607148	0.06305809	0.02984210	0.17718048	-0.11265603	-0.21498517	0.11100104	-0.04807917	-0.12231310	-0.06473540	-0.11553505	-0.12158387	-0.10531367	-0.05987072	0.14647272	0.16670829	0.07273657	0.15697980	-0.03786495	0.21501117	-0.17340391	-0.20946644	-0.01374350	0.12433432	-0.13741377	-0.14714060	-0.13992861	-0.21097590	-0.20385729	-0.13329593	-0.06946872	0.11491514	0.04533626	0.03188751	0.07153005	-0.01637230	0.06372867	-0.00085559	-0.01654571	0.22068073	0.07935632	0.10071310	0.15074907	0.22236512	0.08611588	0.08597351	-0.20655120	0.25794914	0.21470356	0.09760023	-0.00352095	0.04030987	0.05895606	-0.11665160	0.08814694	0.15304951	0.25556319	0.35867282	0.35401232	0.30163755	0.38272433	0.39683594	0.17876527
17Networks_LH_VisCent_ExStr_4	0.44235534	0.41293110	0.49184711	1.03801706	0.42467402	0.40978499	0.61278125	0.21094213	0.39393737	0.28156095	0.18222879	0.13673996	0.35899005	0.23440573	0.43195282	0.17173119	0.14453533	0.23945128	0.14921382	0.05945205	0.06627595	0.11660336	0.04415597	0.24272923	0.16668619	0.23489892	0.20334670	0.06942238	0.33156540	0.12285529	0.05098575	0.07011278	0.40302212	0.31306163	0.14555493	0.27028561	-0.03796432	0.23838959	0.29715572	0.35513568	0.13654537	0.07776063	0.13054680	0.01653711	0.13667366	0.16336080	-0.03584830	0.06234310	0.02137546	-0.03857601	0.01381890	0.14742062	0.15383740	0.17433134	-0.01430107	-0.16921437	0.02224891	-0.03284647	0.09776132	0.29570415	0.31491000	0.55555968	0.52558355	0.18142067	-0.00786548	0.02509070	0.12057555	0.15669051	-0.04396435	0.12629686	0.17033851	0.13201402	0.13453680	0.30717308	0.34468143	0.41054966	0.15774071	0.05226766	-0.01665204	0.08652162	0.14682431	0.29125755	0.29899564	0.20909303	0.19214302	0.22665995	0.20053316	0.13129381	0.05813497	0.07203069	-0.04374291	0.08144537	0.05038213	-0.00528388	0.26439326	0.10231188	0.15819623	0.33328238	0.20993866	0.23250232	0.17920175	0.15657913	-0.05883279	-0.02289109	-0.03667217	-0.12351156	0.17141418	0.17387533	0.32170473	0.15377567	0.18348465	0.41824374	0.20133630	-0.05648899	0.02377885	0.10470581	0.03450091	0.15875727	0.04606583	0.06576809	0.02975648	0.12578988	0.01694245	0.09197080	0.03083358	0.07856177	0.27297836	-0.05039904	-0.08081120	0.02273772	0.10820160	0.09414050	0.08838535	0.48536720	0.15039103	0.12421455	0.03690790	-0.09057152	0.28806814	0.11275084	0.22135966	0.16371878	0.19966374	0.07954332	0.04747056	0.16851610	0.15282515	-0.00507184	0.22758781	0.31538812	0.31543819	0.18927749	0.22971795	0.33529633	0.23782966	0.22994112	0.17329726	0.35517649	0.26408079	0.36850499	0.30021324	0.31728401	0.16474637	0.15736553	0.35573322	0.15936497	0.05072524	-0.02647892	0.35786374	0.20963655	0.23119947	0.16345017	0.21934282	0.22186366	0.31628619	0.22432578	0.17111922	-0.02310020	0.13306275	0.26229419	0.02600952	0.25547285	0.23634610	0.14047705	0.35115715	0.21388607	-0.00846326	0.28179898	0.26066425	0.30764850	0.24646915	0.20640284	0.17847335	0.11394932	0.03054604	0.22762018	0.14748192	0.01815004	-0.08434636	0.23311758	0.43443892	0.26558906	0.46912318	0.32757938	0.25558040	0.20440966	0.45053123	0.41644001	0.30020159	0.26465313	0.23923387	0.14909504	0.26812079	0.19639703	0.31275870	0.24935771	0.02942285	0.24489972	0.20927980	0.07425051	0.18638197	0.18244548	0.14966217	0.11596689	0.22855177	0.22214326	0.09064569	0.04909807	0.28689947	0.18688940	0.13192678	0.15182763	0.16764500	0.00332552	0.20190778	0.14442889	-0.07017094	0.16647236	0.14794409	0.04409892	0.27820138	0.18618072	0.28644366	0.20320859	-0.03225251	-0.14929766	-0.10789526	-0.11763453	0.17080586	-0.08511711	0.07286665	-0.08379865	0.15254720	-0.06232827	0.09080229	0.05286856	0.06609982	-0.01168462	0.39052134	0.38916354	0.36145452	0.19870374	0.04335376	0.21595833	0.22183444	0.07402035	0.12503841	0.13291349	0.11807970	0.12359439	0.12201069	0.15842526	0.11782377	0.00753826	0.20174612	0.26526888	0.23686462	0.13317616	0.19081527	0.18428003	0.26535822	0.42547937	0.08586663	0.04671593	0.04230972	0.03967799	-0.01081566	0.17793913	0.12678379	-0.10493836	0.04914304	-0.05385665	-0.10214394	0.10134075	-0.01714867	0.30392223	0.01954018	0.23121982	0.12782722	0.13297666	0.01237918	0.44067822	0.22877539	0.06964517	0.02769166	-0.07449272	0.13378656	0.24658315	-0.02162188	-0.11490097	0.13391415	0.04780412	0.31754505	0.21994462	0.29950509	0.13145856	0.21006209	0.09162172	0.16951796	0.02910709	0.27766739	0.23523881	0.18441778	0.17687877	0.16354119	0.26223009	-0.03623774	0.04531608	0.17183071	0.14852067	0.08129255	0.15126950	0.01936994	0.02196836	0.12856926	0.24949258	0.31568201	0.02421794	0.07300559	0.10487155	-0.01006563	0.03497303	0.12653192	0.30758270	0.08287687	0.14963771	0.17348722	0.13383195	0.31191924	0.17941720	0.04976654	0.12944690	0.32504486	0.25943729	0.06173706	0.15116179	-0.03590561	0.28971514	0.22647866	0.21769146	0.22915584	0.18570840	0.21028980	0.23310230	0.19427647	0.30101319	0.26133464	0.27259278	0.08963519	0.19047453	0.26703531	0.18710308	0.12697255	0.27384370	0.05260218	0.28199879	0.27599113	0.16172352	0.32013597	0.13249388	0.40717632	0.23333703	0.32531598	0.12231409	0.36320219	0.27477388	0.29378369	0.27281213	-0.06755413	0.31919263	0.18167250	0.30493322	0.15130854	0.28322144	0.03001329	-0.08367311	0.16675496	0.13847179	0.18628057	0.08750809	0.12143703	0.06271303	0.11127949	0.03301046	0.26277219	-0.06033188	-0.00530774	0.22554087	0.00459758	-0.10203040	-0.03433503	-0.20060444	0.04351390	0.01497642	-0.02832360	0.23536254	0.24983712	0.13310764	0.20878874	0.19426418	0.19520487	-0.17858235	-0.05917532	-0.00861399	0.19394974	-0.10246838	-0.14789115	0.07597129	-0.07828267	-0.18189454	-0.04742933	0.03884837	0.40062906	0.12087002	0.22589731	0.17989359	0.01956058	0.25600666	0.23748916	0.09857749	0.35710966	0.16338015	0.31611704	0.36341863	0.45109201	0.24524329	0.13203085	-0.00858362	0.35836894	0.31479400	0.29522936	0.25481924	0.18436116	0.33946386	0.14000785	0.21237680	0.32811659	0.47225987	0.41675883	0.40670870	0.38829544	0.49163847	0.46001875	0.32586210
17Networks_LH_VisCent_ExStr_5	0.33253472	0.30806223	0.26565381	0.42467402	0.97075376	0.54551545	0.56238983	0.25960468	0.39344127	0.27011569	0.11274495	0.17607517	0.49340977	0.29381127	0.31421495	0.16436479	0.14137728	0.26466489	0.20667368	0.25669461	0.17265435	0.24706319	0.10238078	0.16856610	0.15690489	0.13590959	0.07479975	0.00212117	0.15344568	0.18943005	-0.02573768	-0.03831978	0.26746988	0.15777674	0.00560561	0.11341544	-0.08516985	0.05841281	0.03412689	0.21039622	0.09190593	0.14078905	0.05268729	-0.00706613	0.20729285	0.25196209	0.21334041	0.14741103	-0.06981283	0.17063947	0.10858186	0.23414614	0.12228108	0.10448506	-0.03120316	-0.07985415	-0.02135031	0.02767287	0.08103325	0.24949689	0.48192111	0.32974473	0.41800888	0.19233946	0.12829955	0.07390147	0.09988006	0.15272457	0.00664054	0.00889339	0.12752537	0.01893442	0.16108306	0.14926132	0.11919536	0.22563727	0.04977409	-0.00667105	0.09933984	0.14260572	0.15928935	0.18793961	0.07263794	0.11220598	0.15350775	0.29290921	0.33851213	0.15102444	0.36770692	0.29993798	0.16826037	0.14545672	0.12553502	0.14590842	0.26095628	0.16703264	0.13236228	0.23756968	0.19956624	0.16002575	0.32466381	0.27906462	0.13140996	0.26343901	0.21572599	0.13848805	0.23611538	0.17853692	0.08334671	0.25947535	0.10457209	0.10266025	0.01941795	-0.16804174	0.01988564	0.04447417	-0.02359859	0.20071653	0.15112433	0.23974825	0.16394336	0.03457269	0.10857286	0.11090763	0.13285876	0.12321813	0.20393761	0.16672842	0.11513156	0.12937144	0.12357124	0.13674307	0.21205473	0.24235953	0.16709140	0.13789379	0.20207481	0.04217477	0.14846006	0.17413419	0.22476323	0.29791500	0.12639726	-0.03049211	0.07899477	0.17184683	0.10795845	0.06272953	0.20604132	0.17610349	0.23038307	0.20277914	0.20810606	0.09413478	0.07315351	0.15825814	0.11301093	0.16875170	0.16714697	0.26328082	0.08195145	0.16115046	0.17256146	0.21308682	0.23741774	0.22518340	0.07354440	-0.14704245	0.05640895	0.01002548	0.16923282	0.14998240	0.24068444	0.27426172	0.22099473	0.32406904	0.33870482	0.00812831	0.11963608	0.27536954	0.10084647	0.16281026	0.35545470	0.33430494	0.30493923	0.35793318	0.17902935	0.24230556	0.21014174	0.10155119	0.11389143	0.25745584	0.28984929	0.33199035	0.14543982	0.15529562	0.14019831	0.12160202	0.05947718	0.27803949	0.20755333	0.18711783	0.25833791	0.27295720	0.44151642	0.11130861	0.40852226	0.22504912	0.28009179	0.10457494	0.21091873	0.11521462	0.16872569	0.11189240	0.21168616	0.10593050	0.03280708	0.14627760	0.14362087	0.14572100	0.24622179	0.14466165	0.19754148	0.05515182	0.08249114	0.16571286	-0.01052641	0.09931685	0.10755741	0.04727716	0.07533937	0.07799469	0.04489773	-0.06182859	0.03449420	0.01368922	-0.06487324	0.08450339	0.13262318	0.04195040	0.12092667	0.07024400	0.01893258	0.20723702	0.07048191	0.03634349	-0.04380529	-0.01882111	0.09493106	-0.02581559	0.15763746	0.00195642	0.12159112	0.08044605	0.06410313	0.00458036	-0.01657354	-0.01020648	0.29199689	0.17565721	0.08759254	0.01323812	-0.00488994	0.13859074	0.16293750	0.06587916	0.22446046	0.08250220	0.15246483	-0.01340610	0.09207653	0.12300561	0.17503702	-0.00259395	0.04317471	0.03073105	0.10309570	-0.05958862	0.21566673	0.15946294	0.23456179	0.13848135	-0.01668315	0.03249773	0.13289510	0.06453052	0.06199056	0.10811500	0.16765976	0.07931836	0.19813602	0.14517041	-0.02615523	0.21114347	0.09822427	0.24704082	0.07237040	0.17481881	0.11904207	0.22823250	0.15610840	0.13318393	0.27517817	0.07815223	0.14112920	0.07416707	0.37090129	0.28187103	0.11519340	0.11470397	0.20262858	0.17290529	0.15864414	0.18679922	0.16876293	0.17241082	0.19925624	0.00757591	0.05623286	-0.13327673	0.32101035	0.10741655	0.23444237	0.19621888	0.10979698	0.04615856	-0.02457553	-0.04862770	0.11811840	0.13386627	0.09980559	0.17185387	-0.00263064	0.10629304	0.01266821	0.08364365	0.33856226	0.14355915	0.14957866	0.03654540	0.00641784	0.10604199	0.24190373	0.19049328	0.14787359	0.23957600	0.12607517	0.20644552	0.29602805	0.17315342	-0.02542794	0.10586918	0.18194620	0.19861890	0.09741205	0.06551815	-0.08505768	0.08543918	0.21490129	0.17904122	0.18243578	0.17988943	0.13097486	0.09861756	0.13469603	0.13404707	0.10230201	0.11162974	0.06837079	0.15607553	0.18870376	0.36302391	0.09968413	0.15488370	0.03998636	0.19811865	0.33931713	0.20541199	0.16496289	0.16666719	0.27129941	0.26557241	0.35298144	0.23595729	0.15555654	0.09106905	0.25110401	0.08324245	0.09822543	0.28890932	0.21408058	0.15254728	0.10472734	0.24609179	-0.05646142	-0.03988974	0.11911703	0.07434711	0.16803314	0.14554775	0.14402902	0.21197969	0.13786580	0.18207143	0.24485950	0.16448667	0.01794398	0.13663008	0.02162298	-0.03212779	0.06061411	-0.09932643	0.17910036	0.13597092	-0.01335669	0.10968711	0.16954908	0.05480756	0.26902724	0.22005478	0.15351982	0.05335931	-0.05760080	0.01422187	0.02806312	-0.01892250	-0.14199505	0.04902648	0.05308804	-0.09039553	-0.06194102	0.03023858	0.31583070	0.07561714	0.12954711	0.11161842	0.15146824	0.20130352	0.20394892	0.19868503	0.25063626	0.20247146	0.27324513	0.31434319	0.38947340	0.29008493	0.30040240	0.07539256	0.25303040	0.17541206	0.13026085	0.14930274	0.23343261	0.21320588	0.24942547	0.17791724	0.22685603	0.35704205	0.13779100	0.20712890	0.22588002	0.30122665	0.28714325	0.18831304
17Networks_LH_VisCent_ExStr_6	0.43082275	0.43123532	0.21764799	0.40978499	0.54551545	1.06283510	0.54415015	0.45794160	0.61893732	0.27966802	0.21590054	0.16431796	0.54964255	0.42874272	0.39715182	0.30443517	0.12109762	0.30843851	0.22303019	0.39624928	0.05438451	0.33034728	0.20073319	0.10030395	0.30372761	0.25989373	0.20734618	0.07244010	0.32917447	0.27962291	0.14434821	0.12736733	0.38382906	0.24165760	0.05189083	0.32910715	-0.00780401	0.09015196	0.13113680	0.40907099	0.23254066	0.08516076	0.16251803	0.05201548	0.30885981	0.16199661	0.28027744	0.24362090	-0.01962230	0.17448229	0.31579993	0.39924725	0.27211929	0.26310160	0.07252923	-0.08013483	0.02237382	0.01544118	0.15271063	0.25203807	0.48099116	0.32180322	0.57270575	0.16822896	-0.00453737	0.04966585	0.06554529	0.12531714	0.01680387	0.14213004	0.17214350	0.03217482	0.20919307	0.22898317	0.18383669	0.27642629	0.13669713	0.09335322	-0.05401774	0.06534740	0.20902501	0.23715737	0.14676301	0.16786246	0.29049124	0.34976541	0.23846223	0.19095413	0.48874229	0.34861841	0.36589564	0.26580559	0.31608786	0.24035492	0.27190250	0.19030097	0.13513444	0.37527093	0.35694698	0.22111996	0.26232269	0.25698163	0.01789390	0.22186900	0.39588097	0.14303563	0.05892558	0.20968243	0.22803269	0.17481413	0.11483018	0.18329792	0.10056480	-0.06646442	0.06464533	0.10791283	0.06106020	0.16098458	0.11361986	0.24462808	0.26152973	-0.09542332	0.09585402	0.07703000	0.10783493	0.10296199	0.17900925	0.14951911	0.02755861	0.16008224	0.06401356	0.15730111	0.26122647	0.21941829	0.22351118	0.03358825	0.14602255	-0.00487154	0.02556277	0.14234295	0.15058498	0.15709618	0.23175082	-0.11082555	0.04979350	-0.00830489	0.05241611	-0.01224791	0.09488523	0.08886329	0.04634530	0.10431222	0.04242849	-0.06014963	-0.11378687	0.02612935	0.13520138	0.21709487	-0.09024241	0.02093110	0.09287098	0.16469682	0.25837236	0.28721090	0.10612078	0.18800649	0.10465602	0.00154464	0.19838913	0.10087908	0.12241162	0.15533060	0.20937784	0.13115445	0.28375579	0.20576422	0.27532636	-0.04517550	-0.01725449	0.21603100	0.01971901	0.12062524	0.36567504	0.24816673	0.29871020	0.30895577	0.21630572	0.02516853	0.33890959	0.07834177	0.07240485	0.22014563	0.25306348	0.43481878	0.24938591	0.22925135	0.18571024	0.29056988	0.06737526	0.30320597	0.27795124	0.13285687	0.29568163	0.30269844	0.34111191	-0.02643432	0.51458660	0.40717509	0.37424862	0.25976888	0.22474086	0.12316563	0.37515726	0.25248347	0.44128521	0.17362727	0.17544500	0.04301875	0.26601511	0.20168869	0.21598997	0.08635181	0.18604543	0.10231955	0.21889501	0.39251230	0.03272324	0.26244155	0.21193208	0.16738098	0.15637162	0.13873489	0.10568290	0.06891807	0.24405891	0.12106776	-0.00694123	0.22075115	0.17275411	0.08510944	0.23727692	0.10376783	0.17221948	0.29432096	0.25761108	0.18656385	0.03105560	0.13097520	0.34552083	0.01047693	0.22169128	0.16756018	0.30677461	0.08860932	0.14502007	0.10028278	0.08397933	0.15497743	0.33981824	0.17159075	0.05294056	0.23390474	-0.03914429	-0.00380421	0.21704614	-0.01993782	0.24577722	0.17441884	0.18684827	0.14111364	0.22789766	0.13334306	0.26403239	0.08419867	0.14428449	0.19277577	0.17360004	0.14463133	0.13121389	0.18765644	0.26551578	0.33211431	0.15776999	0.20124096	0.18819628	0.12363712	0.10856637	0.32150236	0.23740983	0.17870429	0.35570607	0.33674568	0.12290210	0.44249593	0.30287476	0.41147088	0.21677575	0.18040338	0.25996728	0.21148711	0.08674713	0.34976328	0.23305741	0.11951037	0.19979892	0.01367950	0.34839158	0.14175782	0.12411277	0.22108297	0.30369682	0.27457616	0.12347049	0.22316062	0.15646050	0.09660598	0.26081812	0.01519411	0.08487106	0.05149715	0.21297736	0.16826811	0.18296448	0.14572960	0.12113830	0.19870364	0.00966549	0.07674440	-0.02149726	0.16946191	0.17182749	0.09054413	0.10027337	0.14356003	0.00268773	0.14383120	0.30617883	0.11723045	0.10644158	0.13370533	0.01962622	0.09774585	0.23247610	0.25819220	0.05414141	0.21384426	0.08986354	0.19893712	0.29856005	0.19577665	-0.17142600	0.03413063	-0.07040185	0.10783875	-0.02654282	0.05486240	-0.10556398	0.15047722	0.14694394	0.08191039	0.06829962	0.00770116	-0.06087297	-0.11502666	0.11709586	0.24862422	-0.03003702	0.03847132	0.07224916	0.22789225	0.26508673	0.24973226	0.12009078	0.20972236	0.17572869	0.17905375	0.34339301	0.25375973	0.25653409	0.12549472	0.34203297	0.30958140	0.37903169	0.31970801	0.04965903	-0.08180247	0.22653567	-0.07819058	0.10237330	0.24491303	0.17621122	0.17735992	0.03977866	0.31015870	0.07038073	0.03679284	0.21901330	0.23671211	0.13027231	0.19279347	0.22258456	0.19552724	0.11021360	0.20625255	0.32856517	0.05485007	0.09837870	0.21467173	0.02825314	-0.08782813	0.14886864	-0.08786403	0.26780211	0.26094691	0.03114419	0.20799980	0.17631425	0.10221803	0.25091270	0.36482729	0.28124207	0.09726579	-0.02607446	0.00555181	0.01914273	-0.09183031	0.01727035	0.08064534	0.16814294	0.04260192	0.04882202	0.04345127	0.30007268	0.10814778	0.14227418	0.15432665	0.13737966	0.20185608	0.29191867	0.11934473	0.27856409	0.10917899	0.26881897	0.27009242	0.22873632	0.22385567	0.11358312	0.18845360	0.14391640	0.13989944	0.18190786	0.20617480	0.15228450	0.21672803	0.26083862	0.11448474	0.18242169	0.17804933	0.14019895	0.13937087	0.20191132	0.27475157	0.22127287	0.11567484
17Networks_LH_VisCent_Striate_1	0.40980682	0.52229788	0.31996466	0.61278125	0.56238983	0.54415015	1.09820767	0.33527816	0.65819652	0.37029708	0.39649423	0.28343438	0.41784259	0.16836302	0.42735659	0.15135167	0.11984971	0.44658765	0.25363661	0.25111799	0.17393828	0.18831815	0.28611843	0.17613776	0.26493028	0.28563464	0.18556882	0.05885486	0.35165915	0.12567867	0.07970801	0.12539231	0.37749773	0.35639718	0.17360555	0.35744628	0.08076241	0.21446004	0.28840122	0.40673498	0.24365339	0.12230023	0.17671878	0.08427220	0.17636971	0.28256490	0.10050020	0.09973571	-0.00036946	0.11791305	0.10477835	0.22627143	0.17658458	0.19386533	0.05783421	-0.06975186	0.06702666	0.10148475	0.20040696	0.44808955	0.39194054	0.48282210	0.52741964	0.19091196	0.07718690	0.05491796	0.18808896	0.14614198	0.13392766	0.20494400	0.28369640	0.28292413	0.17735285	0.32237595	0.21179496	0.41767539	0.17361129	0.18899587	0.12417354	0.27688625	0.15287497	0.31842495	0.31688833	0.27701351	0.31282598	0.24903203	0.27762314	0.22637670	0.15752329	0.17113800	0.15248042	0.13050453	0.12534045	0.14464769	0.26577045	0.14623154	0.23487906	0.33277560	0.30294268	0.30051976	0.28238419	0.28645826	0.13474699	0.06787736	0.11293587	0.02055100	0.21436344	0.26242953	0.22534361	0.19823134	0.14655672	0.27325468	0.15450701	-0.03704072	0.08207967	0.14125081	0.12907195	0.21809104	0.12797651	0.06628942	0.18861774	0.15196397	0.10942502	0.22318227	0.18447629	0.19321229	0.24120358	0.13244280	0.08005699	0.13151800	0.16968619	0.17636682	0.21892726	0.33553055	0.22795373	0.15412832	0.18821803	0.05228546	0.22018083	0.20595077	0.18698402	0.22562951	0.16932100	-0.02149406	0.05049770	0.13003027	0.15054402	0.04367994	0.23411994	0.31208927	0.28469450	0.28934744	0.24706103	0.19873028	0.11663067	0.24105618	0.21497118	0.32392637	0.21645957	0.32765200	0.20624249	0.20441218	0.16155486	0.18386790	0.30768297	0.12392398	0.11202368	-0.00800099	0.25075902	0.12159470	0.31559261	0.20238518	0.25025241	0.25080929	0.32693033	0.39787251	0.37067239	0.07005118	0.13797647	0.24091259	0.14378623	0.30058937	0.27360765	0.18860815	0.30058303	0.29185993	0.15220256	0.30211469	0.24684201	0.14847181	0.15220450	0.14413289	0.18871291	0.14579740	0.07099784	0.15134655	0.25077587	0.23537450	0.00928722	0.34424719	0.32072406	0.16982685	0.41529510	0.26710577	0.31691428	0.31175284	0.51138893	0.52815299	0.54602098	0.41879450	0.38674463	0.28958180	0.29460586	0.11776838	0.29515877	0.32827110	-0.02227580	0.29057752	0.16240051	0.19990427	0.34234181	0.21951757	0.32820568	0.21089819	0.32888824	0.29975977	0.05808984	0.19295540	0.29459795	0.15534260	0.23606646	0.29309692	0.20444197	0.11716616	0.26139289	0.17720566	0.03679605	0.17688344	0.28068698	0.08606430	0.31263731	0.12184261	0.23128136	0.21446992	0.09562505	-0.00007286	-0.02604455	-0.05174882	0.18675991	-0.03022870	0.13641715	0.02739807	0.16020940	0.01522622	0.17783516	0.14158585	0.10088281	0.08449551	0.39322196	0.37288620	0.34660428	0.28935197	0.05170152	0.21687440	0.33616270	0.17062594	0.25722884	0.24389075	0.22257019	0.18663032	0.26151750	0.23681356	0.31161274	0.10590028	0.19462650	0.30593075	0.23168932	0.23632346	0.25707753	0.26736118	0.27157276	0.40038930	0.18918702	0.06365615	0.12863183	0.13543938	0.14171420	0.28637597	0.23139871	0.06723541	0.20648742	0.12256851	-0.02800289	0.21536472	0.11663430	0.33658360	0.08945238	0.26302768	0.21020242	0.28199124	0.04420852	0.33973758	0.16175626	0.17331893	0.10228919	0.02908830	0.27627497	0.33539881	0.08459899	0.08206887	0.23021264	0.19706195	0.17888328	0.17729950	0.24875855	0.06380087	0.14824844	0.07611096	0.20895465	0.05262069	0.29955150	0.21334269	0.27722198	0.19246969	0.22269125	0.28417094	0.07823993	0.16154174	0.09539020	0.16311060	0.18361392	0.20828323	0.05096630	0.21527503	0.14210015	0.22708213	0.30542733	0.12357486	0.13996802	0.15001778	0.07982741	0.14349932	0.26188141	0.30543390	0.14016790	0.22299705	0.08369297	0.16933966	0.25359965	0.16202949	-0.06318894	0.14211820	0.22807232	0.30142518	0.08910198	0.05492566	-0.02803103	0.21104730	0.25262237	0.23306804	0.16430573	0.20648549	0.19129064	0.13179478	0.29532385	0.32575652	0.20288337	0.17375554	0.03323035	0.15739087	0.18401927	0.19596277	0.08700475	0.23803539	0.15365390	0.22955302	0.38927283	0.36234853	0.24732661	0.26851677	0.32973503	0.21878785	0.35093060	0.25529230	0.26737844	0.23392803	0.20372897	0.15688592	0.09016555	0.26963194	0.15596443	0.25280757	0.07322631	0.28127507	0.06126069	0.00918932	0.25777016	0.21491238	0.22635188	0.20897656	0.07801825	0.12665816	0.14817446	0.04809986	0.27419408	0.06140712	0.05442355	0.19000240	-0.03547517	-0.09602032	0.07191887	-0.21519309	0.22032825	0.12349180	-0.05023763	0.26077014	0.20077168	0.10212019	0.17496789	0.15670003	0.22657014	-0.01808997	0.03327139	0.01043559	0.04787135	-0.13579878	-0.07071615	0.09824435	0.07038935	-0.03049117	-0.00912264	0.14049026	0.48607318	0.22338688	0.30629946	0.21253784	0.24242451	0.39272642	0.33477532	0.21907875	0.40708566	0.27896179	0.39795809	0.40147013	0.46769269	0.46903043	0.25849919	0.17758131	0.50855238	0.38985558	0.36584632	0.31149462	0.41138693	0.43521691	0.29528540	0.30679848	0.42011598	0.50089238	0.39638969	0.43467984	0.46986150	0.54302938	0.45719066	0.41922149
17Networks_LH_VisCent_ExStr_7	0.15628932	0.12340679	-0.00748384	0.21094213	0.25960468	0.45794160	0.33527816	1.09681184	0.56725255	0.39218852	0.38815373	0.34847289	0.32213957	0.23966624	0.16832610	0.19331580	0.14438445	0.29357027	0.28184432	0.41881986	0.11661581	0.40223287	0.38606331	0.11584769	0.37011361	0.26029031	0.35912067	0.32638121	0.47890420	0.29014201	0.24466387	0.28269455	0.46141256	0.46196199	0.16064859	0.34698796	0.21119839	0.09875996	0.11835048	0.40302228	0.32899478	0.10852182	0.13197269	0.03061191	0.28372432	0.13246556	0.42824689	0.29874740	-0.07735103	0.11901648	0.27096765	0.37493344	0.35411433	0.28995799	0.14529514	0.04392735	0.07448041	0.18818556	0.26000300	-0.01506394	0.32067261	0.09812731	0.32907459	0.24840259	0.20499175	0.24829740	0.06394404	0.19207721	0.26671831	0.26357114	0.33060777	0.26280044	0.19962141	0.38725306	0.23336278	0.32069035	0.37651858	0.32146000	0.01800777	0.13579777	0.19848752	0.23684785	0.08487543	0.11748685	0.34313536	0.27776337	0.20280012	0.23035180	0.30483648	0.16307924	0.42662604	0.40109820	0.36166954	0.31377537	0.27603702	0.24022888	0.16950480	0.26917922	0.27770794	0.22313913	0.25145970	0.19886889	-0.05584064	0.22558504	0.36018699	0.15839685	-0.00947349	-0.03445316	0.05346467	0.01154624	-0.01668245	0.11896949	0.04511669	-0.04042874	0.03775430	0.09089975	0.02150230	0.10016177	-0.06456495	0.08256297	0.32259272	-0.14617882	0.20243694	0.02034535	0.21660871	0.17937667	0.06634057	0.12447461	0.16991915	0.28754427	-0.02345963	-0.02953058	0.22559868	0.07440254	0.04888601	-0.06083512	0.15338192	0.12432853	-0.14601149	0.05904935	0.00694862	0.05701390	0.11224226	-0.08343798	0.13983642	-0.01881404	-0.04466932	0.01098080	-0.05267480	-0.15253737	-0.22067630	-0.04464741	-0.22864602	-0.22480453	-0.26872741	-0.13128387	-0.02042367	0.05242322	-0.22967145	-0.16209785	-0.12830612	-0.02284218	0.11458388	0.07974370	-0.13033419	0.00742000	-0.00301727	0.02178988	0.01779850	-0.00392397	0.07313835	0.21310193	0.06247031	0.01704131	0.05565085	-0.02631888	0.12749217	-0.05354634	-0.14558519	0.08786852	-0.13748725	-0.01433448	0.14765608	0.11513076	0.13407067	0.13068891	0.14725650	-0.13169079	0.10483168	-0.18284292	-0.06291815	-0.02111771	0.06433656	0.15080349	0.22355131	0.19186235	0.24050979	0.28948635	0.15834108	0.38748790	0.22788989	0.06232638	0.19978806	0.08060949	0.06837656	-0.11657811	0.19332802	0.45419601	0.48894141	0.38412613	0.34859143	0.31311811	0.21944505	0.14140289	0.15477346	0.08945771	0.07492266	0.03716550	0.27961857	0.18382421	0.11174615	0.02137481	0.15813829	0.18739535	0.27555121	0.46144088	0.03853610	0.42182203	0.26588767	0.27323734	0.24167438	0.30263118	0.24593695	0.27199725	0.38696945	0.24209891	0.04971828	0.25550131	0.27676882	0.13023651	0.21627233	0.12625937	0.24786287	0.06359940	0.13739392	0.27808197	0.14462954	0.12169988	0.24371361	0.02284005	0.13361292	0.21278644	0.33321054	0.15959944	0.21762455	0.14085035	0.11180449	0.18513091	0.31190012	0.04174542	0.10655293	0.42263439	0.10745383	0.10474318	0.38659717	0.15518348	0.29326455	0.42539165	0.32212538	0.34992832	0.31136138	0.17202467	0.18319266	0.12090446	0.24540515	0.29833452	0.16642432	0.36431026	0.14738791	0.18820062	0.34014187	0.26147228	0.27506743	0.29170845	0.27798505	0.25990705	0.26888010	0.31388006	0.21735533	0.14112229	0.27228138	0.31390360	0.28039742	0.42035140	0.25640949	0.39169211	0.28319319	0.17337537	0.20088840	0.33207718	0.28164725	0.38814915	0.15579665	0.23769125	0.13164864	0.06862957	0.22491657	0.06785981	0.09755082	0.39616774	0.14767647	0.27809800	0.04417661	0.05473975	0.05791369	0.00885580	0.14802736	-0.15865918	0.01054520	0.12468274	0.17531613	0.13593687	0.19667329	-0.07143187	0.15712429	0.27218192	0.18637728	0.22121273	-0.14783125	0.06920513	0.20578212	0.05534321	0.31458107	0.12009561	-0.00467210	0.04759556	-0.02362899	0.18270443	0.10805596	0.27506894	0.11975071	0.01507720	0.06215309	0.03632099	-0.05504346	-0.06686515	-0.06713487	0.13306153	0.17129394	0.14680790	-0.08326662	0.07733359	-0.31658760	-0.00195925	0.07409546	-0.12074392	-0.01180823	0.03161047	0.02884087	-0.09309893	-0.09597904	-0.22161885	-0.22942658	-0.29557738	-0.03364175	0.11649051	-0.23054840	-0.18717956	-0.06095017	0.00437918	0.03110231	0.16083719	0.10792643	0.12413485	0.17604590	0.05866060	0.19474289	-0.00190461	0.10041487	-0.01145786	0.13620605	0.05651891	0.17758712	0.21806388	-0.17185341	-0.17829473	-0.00396756	-0.22178988	-0.10470663	0.16101015	-0.00772503	-0.04150459	-0.05404495	0.20134986	0.15900197	0.29040585	0.42896244	0.40660543	0.12341163	0.32412831	0.09959452	0.00934215	0.11997663	0.08009442	0.21440579	0.04094181	0.18173198	0.27846195	0.06371805	-0.13052805	0.05790702	-0.03489676	0.35196251	0.32939106	0.11292552	0.22486629	0.05658041	0.00877276	0.15725451	0.23005231	0.11617384	0.09928945	0.14869000	0.12494393	0.10190790	-0.03399203	0.10532246	0.15321579	0.30846294	0.22712782	0.16683392	0.07646185	0.17081314	0.20185475	0.16377970	0.03578197	0.08881598	0.28478010	0.20931216	0.08312000	0.16954693	-0.00501039	0.19850303	0.20437005	0.13372892	0.07682038	-0.10403197	0.01003187	0.07994487	0.16789065	0.25687407	0.06818297	0.09663563	0.29478916	0.07104058	0.10650431	0.12154698	0.06304071	0.07328313	-0.01824233	-0.00952536	0.05712731	0.05685246	-0.05604552
17Networks_LH_VisCent_ExStr_8	0.25472655	0.47524171	0.06319135	0.39393737	0.39344127	0.61893732	0.65819652	0.56725255	1.21171361	0.39416498	0.65347204	0.51918698	0.37257328	0.16987175	0.35862232	0.18460047	0.07134825	0.53389020	0.27114593	0.42256132	0.19738244	0.39662835	0.52164057	0.07793593	0.47468440	0.35958670	0.32656607	0.19906014	0.52799632	0.30471162	0.31812837	0.32105802	0.50623058	0.51267806	0.25468046	0.48502019	0.24918110	0.16051491	0.32374338	0.47086698	0.43817968	0.17890099	0.26865614	0.12320988	0.21443289	0.18281123	0.26205165	0.18841952	0.00297310	0.04730293	0.26428649	0.33413925	0.25791630	0.21958515	0.21881114	0.00412624	0.12865558	0.18743344	0.25195303	0.21120719	0.32386174	0.18638371	0.42639162	0.13588851	0.07779594	0.11497400	0.18932147	0.11207773	0.22989318	0.34173578	0.40889344	0.42649149	0.14898966	0.32459956	0.20474739	0.38977609	0.30351194	0.44125405	0.09232368	0.32017692	0.19756805	0.30304420	0.31513740	0.36502679	0.39385488	0.23991815	0.14440223	0.17958032	0.24373058	0.13285134	0.38337792	0.30158559	0.28139778	0.28002972	0.31321308	0.30495036	0.24677114	0.33696706	0.34172242	0.32573492	0.36069014	0.26532110	0.10602478	0.20006429	0.29793811	0.14727065	0.12514113	0.22416833	0.05329156	0.12780575	0.05302767	0.09562073	0.13150840	0.02093724	0.07171315	0.08012212	0.11829893	0.09503018	-0.04887353	-0.00401197	0.30312076	-0.00822441	0.16353611	0.11670668	0.21993371	0.18984089	0.07731619	0.18500051	0.15111960	0.18947373	0.09519831	0.12907793	0.24829520	0.10225689	0.17649313	0.08511584	0.21370224	0.09389285	-0.01342890	0.15811094	0.02239226	0.12697044	0.17642256	-0.04184760	0.10401881	0.04562400	0.09151497	0.10639139	0.11978972	0.12219026	0.00328632	0.13687782	0.08079743	-0.01890171	-0.09467879	0.13487024	0.20878283	0.17420844	-0.04849779	0.11810010	0.02653987	0.11767736	0.14759453	0.11842811	0.07194716	0.06752881	-0.01888216	0.06659944	0.14913757	0.01793536	0.25859200	0.12847698	0.11312264	0.07523368	0.18568983	0.25575661	0.25549917	-0.07942705	-0.03443287	0.10192622	0.03057303	0.21390916	0.23504449	0.21719804	0.21710461	0.26383140	0.18944237	0.06551127	0.14177781	-0.03943425	-0.01617422	0.07837234	0.08461702	0.15089247	0.16530436	0.11627511	0.30629971	0.33677902	0.10814336	0.39110336	0.27980686	0.08502515	0.33476335	0.08390525	0.11074259	0.21116781	0.39767809	0.70885165	0.72754386	0.44963593	0.44234417	0.46515645	0.31974012	0.13519020	0.26836231	0.20637116	0.09410819	0.20740670	0.21961145	0.33090430	0.34685769	0.18818226	0.31393382	0.23542114	0.33868425	0.54715602	0.07846894	0.41557970	0.32485156	0.35927763	0.34659046	0.38860461	0.30602569	0.30794972	0.45991655	0.33557778	0.17680250	0.28443819	0.38265441	0.18704100	0.30416164	0.15955400	0.34081395	0.11800319	0.17406891	0.19582672	0.12815178	0.07425906	0.23653792	0.05969461	0.09460377	0.20770612	0.35725795	0.08427737	0.16920643	0.23671763	0.19607159	0.24268073	0.39686451	0.17084410	0.19505335	0.40832410	0.09985479	0.18360874	0.47837648	0.19550961	0.29762577	0.39769948	0.33007657	0.29599447	0.37517762	0.25083263	0.29018353	0.23150786	0.26355517	0.32437338	0.24168823	0.37238239	0.16779602	0.25064709	0.36818873	0.40518737	0.31373613	0.20142009	0.21762670	0.28241609	0.25467157	0.41788058	0.22764077	0.16622305	0.24241412	0.33939087	0.16246595	0.41256148	0.21149421	0.41450387	0.25540181	0.23733047	0.34472749	0.31231416	0.08477400	0.35112342	0.09444599	0.25560947	0.15413967	0.04579202	0.26420677	0.23055545	0.18967086	0.30787583	0.26355545	0.28598262	0.00227943	0.03138040	0.13035345	0.01719867	0.04911880	-0.00532326	0.03362126	0.10971404	0.11238905	0.11233351	0.16670710	-0.06288407	0.25852883	0.30160053	0.16618044	0.23004490	-0.05823165	0.13186854	0.28116662	0.13077131	0.16523660	0.25462449	0.10073336	0.13603846	0.15962522	0.15521511	0.16001917	0.20211391	0.13586246	0.08144284	0.20321648	0.26978304	0.06835768	0.11061241	-0.08054753	0.15546473	0.16551651	0.20688747	-0.06243456	0.13527449	-0.08948490	0.19360651	0.03573141	-0.04459528	-0.00480519	0.13406252	0.11110697	0.18363497	0.04026358	-0.01994977	-0.02165057	-0.08785632	0.22236964	0.18784430	-0.02414872	-0.08911371	-0.04228565	0.06478353	0.13770331	0.17654267	0.05716317	0.21233616	0.26303893	0.05747403	0.31590757	0.33988307	0.13677625	0.10486902	0.16307297	0.11006503	0.30796949	0.29603565	0.03990125	0.00389275	0.02350422	-0.06069462	0.08190047	0.22228500	-0.01508241	0.20141322	-0.00984677	0.25783494	0.21842273	0.21503559	0.31366733	0.36563097	0.15345961	0.26764483	0.06920015	0.06130022	0.08321307	0.02280597	0.26184327	0.02258980	0.25891708	0.26054714	-0.02903877	-0.11581878	0.08167774	-0.15486488	0.35786594	0.28004174	0.01641561	0.26043022	0.08445222	0.12523146	0.08915247	0.13933965	0.13338826	0.08585472	0.20582173	0.09366705	-0.04806612	-0.19093987	0.15207586	0.07823082	0.30258315	0.14816680	0.06325799	0.23087672	0.33536571	0.24060774	0.28735368	0.21916945	0.18612342	0.42488365	0.42181206	0.09393982	0.31110919	0.15903001	0.27100184	0.25180188	0.26092726	0.23721176	0.04666436	0.07131384	0.29631846	0.26105162	0.28372217	0.19571545	0.27273252	0.36158239	0.30206511	0.26465217	0.25814922	0.25450173	0.20597221	0.15698440	0.24978197	0.22431021	0.17536419	0.22393505
17Networks_LH_VisCent_ExStr_9	0.29106193	0.12046208	0.21989436	0.28156095	0.27011569	0.27966802	0.37029708	0.39218852	0.39416498	1.12027121	0.40113048	0.30632015	0.18797188	0.21386165	0.28317053	0.05102404	0.22509162	0.43419617	0.46198239	0.33768748	0.46748776	0.47307336	0.28017009	0.32540872	0.24175957	0.12113264	0.20707153	0.19410509	0.24918824	0.18970062	0.10317394	0.14746035	0.32459459	0.30427035	0.00634040	0.14986086	0.02185724	0.02987945	0.08649244	0.18403113	0.09984900	0.04727998	0.06507636	0.10473859	0.20824547	0.27911370	0.17813392	0.16367880	-0.03030009	0.01368476	0.15770766	0.16986916	0.15480381	0.18171664	0.03122865	0.15744511	0.01231957	0.09587679	0.14800680	0.15023984	0.09173043	0.26896738	0.21647180	0.15916013	0.16311922	0.15955406	-0.05240430	0.08353618	0.14168746	0.11829916	0.14098188	0.24783214	0.19188155	0.20406178	0.14989052	0.20017106	0.13105958	0.14933580	0.15496675	0.27401644	0.06366589	0.08368258	-0.00228090	-0.02684867	0.12792331	0.19363170	0.27366222	0.32151916	0.05703828	0.11883371	0.25869345	0.30754395	0.24355476	0.18237603	0.17713653	0.21757829	0.25423140	0.24105218	0.11163741	0.05872615	0.37819847	0.31894567	0.09135536	0.18151509	0.08924682	0.07946491	0.14740545	0.00101052	0.08665955	0.11511662	0.00877289	0.03692808	0.10825885	0.00508753	-0.06621728	0.02131308	0.01886039	-0.04689159	-0.07537556	0.05048627	0.30633080	-0.11413833	0.29479014	0.10030958	0.14994790	0.07869756	0.10702627	0.04241678	0.17899740	0.08212013	-0.06900460	-0.07481049	0.16435303	0.24906532	-0.06300086	0.08672311	0.22023026	0.04389659	-0.01871367	0.03185282	0.07686577	0.28630207	0.07962867	0.07971222	0.11645459	-0.02876481	0.11368406	0.07121095	0.03467893	-0.06393614	0.02172127	0.14210714	0.01028525	0.00030652	-0.08528951	-0.03229002	0.11985446	0.08014138	0.03390743	0.11565973	-0.09823256	-0.05123906	-0.01047368	-0.04287764	0.13726122	0.10647685	0.01586819	0.05257915	0.05629771	0.00814481	0.14151452	0.18257266	0.06632833	0.13898693	0.08794668	0.09218977	0.29228690	0.11638325	0.02124815	0.14388086	0.09234023	0.11945806	0.04736671	0.14043464	0.06807481	0.12003730	0.00467918	0.02836386	0.05068801	-0.09350676	-0.02732301	-0.14691959	-0.08655620	-0.12354006	0.15244043	0.20665710	0.23624726	0.18216767	0.12778564	0.24913808	0.16086489	0.09109142	0.24976692	0.05890399	0.06946874	0.11889060	0.15386656	0.24471225	0.30230860	0.48888025	0.36599346	0.34852401	0.03985833	-0.09048525	0.05669657	0.40410772	-0.00816821	0.34617157	0.37228428	0.36434883	0.47583999	0.43098867	0.43534209	0.11915841	0.20333210	0.14824446	0.17383950	0.20634056	0.16633292	0.07942231	0.13165981	0.18312393	0.26827342	0.10608167	0.05940225	0.05010810	0.10760652	0.17566831	0.12411849	0.07227994	0.07875765	0.01835428	0.05318623	0.07801251	0.12351198	0.04868859	0.14250208	0.07194826	0.14189937	0.04598194	0.08757343	0.14828694	0.15714134	0.07739494	0.16435617	0.01398674	-0.01584374	-0.07444288	0.13855002	0.06069355	0.06304446	0.28034925	0.17210842	0.18560621	0.23684333	0.17843684	0.17582180	0.21981858	0.16890937	0.17037406	0.12731890	0.11752064	0.11771211	-0.04895906	0.13968547	0.15029565	0.17465127	0.13598075	0.25984553	0.14329623	0.06149573	0.19681393	0.01407577	0.07190654	0.17539196	0.10304208	0.05458129	0.28245902	0.15944606	0.12828973	0.16115917	0.22443801	0.18086341	0.21939230	0.07304437	0.25375554	0.13062267	0.26379487	0.15896428	0.28204327	0.15366459	0.21533074	0.14909933	0.25857334	0.12371753	0.05880957	0.24127163	0.22781002	0.13852648	0.25422292	0.19219685	0.27894831	0.01837453	0.00715374	0.03629844	0.02795641	-0.12960969	-0.05433971	-0.00430785	-0.04031937	0.14181309	0.05592852	0.11342311	0.04422549	0.04414825	0.09944975	0.11639717	0.09355699	-0.05255330	0.10715378	0.17697712	0.00545165	0.04080279	0.06759169	-0.00948723	0.02911950	-0.07848552	0.16571914	0.20080369	0.19152518	0.18473027	0.13103834	0.22830307	0.11085810	0.05875889	-0.04137983	0.01465268	0.15890138	0.18271798	0.24855412	0.00517323	0.23981333	-0.06588086	0.14913286	0.10913100	-0.04595017	0.02447095	0.01122348	0.13742144	0.08605735	0.12640115	0.01265015	-0.03358160	-0.20541551	-0.00592150	0.09638298	-0.03496364	-0.17281834	-0.00987506	-0.05281239	0.04695783	0.28266904	0.17747059	0.08448101	0.20090198	0.00042038	0.24376875	-0.03649012	0.18562267	0.18164381	0.14694752	-0.03038595	0.23895588	0.24349575	0.01562606	0.00125924	0.09394086	-0.11844707	-0.06347329	-0.00199650	0.01280433	-0.16777367	-0.08702442	0.15336457	0.00978713	0.27536076	0.43199605	0.32154436	0.20596571	0.31487331	-0.17719775	0.01123107	0.03625043	-0.07866717	0.08343170	0.06408684	-0.07424857	0.07123281	0.01007235	0.01847635	-0.03556778	-0.09510494	0.13452555	0.11440045	0.01906458	0.15336748	-0.08765435	-0.07024999	0.03447029	-0.09217431	0.04023492	-0.01921590	-0.01770529	-0.00628781	0.07409225	0.01838269	0.04731659	-0.13365777	0.13556057	0.07003028	0.04084828	0.07062248	0.10970168	0.09978868	-0.01137636	-0.02185425	0.10930822	0.07884617	0.06383142	-0.00791221	0.22741515	0.01092985	0.19090789	0.22421878	0.35796535	0.15102279	0.27102601	-0.09500236	0.12636541	0.10782524	0.15474375	-0.05659120	0.10645178	0.07882846	-0.18657435	0.07878485	0.21869040	0.24937009	0.12861854	0.08944214	0.07405452	0.23128911	0.30340473	0.11607292
17Networks_LH_VisCent_ExStr_10	0.13832984	0.39801063	-0.04391594	0.18222879	0.11274495	0.21590054	0.39649423	0.38815373	0.65347204	0.40113048	1.10584566	0.67938419	0.14877194	0.06315893	0.23108998	0.09854283	0.04430817	0.51366027	0.33149014	0.40164059	0.44822667	0.41184619	0.62465760	0.20563494	0.32729026	0.35386754	0.34870685	0.25787994	0.42946863	0.26036239	0.35300886	0.33232972	0.42018735	0.49060878	0.38688553	0.36330857	0.37984517	0.24687847	0.31696698	0.36541156	0.44978460	0.20678416	0.23958054	0.18223395	0.17973437	0.14080767	0.13473174	0.07014685	0.10971307	0.04962556	0.20067706	0.22530685	0.27178877	0.25192893	0.29204091	0.19328583	0.20356014	0.33630271	0.33758096	0.06759302	0.17185957	-0.02567941	0.17798464	0.14414060	0.20815859	0.17153061	0.16523206	0.07017585	0.16093012	0.16975965	0.37080413	0.46640276	0.06622690	0.31108693	0.10123414	0.25888433	0.23009475	0.54441709	0.31646470	0.42003250	0.21937933	0.17286907	0.13175703	0.23696005	0.21973004	0.14720511	0.04330421	0.12355706	0.01660592	0.00576271	0.17515952	0.19049734	0.21692359	0.16440952	0.19590557	0.27908772	0.31258628	0.20370080	0.15879516	0.18708551	0.26259704	0.32313288	0.09626770	0.11240941	0.10841771	-0.06778830	-0.05919105	0.05609334	-0.09832820	-0.04411941	-0.12254472	-0.01193867	0.18710563	0.16741282	0.04284462	0.07414981	0.17102872	0.00736343	-0.11825469	-0.16486395	0.26845926	-0.05798577	0.06902838	0.00544664	0.04467512	0.10580502	-0.04066347	-0.00006525	0.14461697	0.13283849	-0.04479124	-0.03244259	0.14310156	-0.15546050	-0.01240937	0.04778460	0.01645343	0.00789374	-0.09494090	-0.07059820	0.01016778	0.11752628	0.14142547	0.10544098	0.17622725	0.08586877	0.10328352	0.11720103	0.03547833	0.05187885	0.03085172	0.03680229	0.01994476	0.07726101	0.05463632	0.04663893	0.12873949	0.06674352	-0.00315062	0.18674647	0.08122110	0.02077274	0.18351339	0.11768224	0.02701344	0.03954425	-0.03532005	0.22698670	0.04778284	0.01565268	0.05552374	0.06723788	0.07811055	0.02960661	0.15008334	0.15495893	0.20791903	0.10739406	-0.03386746	0.05489152	0.10892666	0.08248526	0.06859147	-0.04476721	0.01059916	0.09113166	-0.01294568	0.02415779	0.03576105	-0.03994345	0.05663397	-0.03683720	-0.00361575	-0.07397389	0.00226463	0.02960861	0.20657218	0.19605322	0.08778409	0.19014852	0.15684939	-0.11511007	0.33156362	-0.13683687	-0.07410061	0.18819262	0.15143969	0.58953697	0.55345998	0.43935138	0.63141607	0.62659030	0.22558192	0.00777935	0.11967126	0.13803093	0.05504044	0.25575637	0.18788569	0.36576430	0.45181123	0.22790519	0.41422252	0.33166988	0.34981116	0.43457433	0.15023873	0.35642216	0.31209483	0.37821556	0.33323415	0.37733809	0.36350500	0.39390766	0.36033943	0.41443257	0.36574374	0.31935925	0.44829405	0.13533330	0.32380375	0.18299095	0.26927457	0.01356717	0.13597095	0.17919259	0.17894904	0.03153131	0.12263313	0.08681797	0.06349258	0.17148766	0.29747795	-0.02483704	0.19101380	0.21521404	0.24075246	0.26668352	0.28343989	0.07558558	0.23591512	0.40339588	0.13955722	0.31780254	0.40620164	0.20609095	0.18066812	0.36051462	0.32524655	0.23391941	0.37211298	0.28945222	0.11022540	0.25472395	0.26951972	0.26644950	0.18429042	0.37854775	0.27268490	0.29928055	0.38966711	0.23995622	0.20056480	0.19237813	0.18019374	0.27040876	0.19357869	0.29571563	0.11615394	0.11307052	0.13709392	0.19988471	0.14681002	0.19613305	0.04360994	0.31265537	0.17334630	0.19169303	0.24990489	0.33924106	0.08924505	0.21529739	0.03294925	0.26733904	-0.00795469	0.07149991	0.23793639	0.31845357	0.10519912	0.23254241	0.23701736	0.25748436	-0.04546766	-0.02651672	-0.03535837	-0.17659240	-0.03769201	0.03281940	-0.02639417	0.22387180	-0.01924022	0.09150299	0.10967431	-0.04426558	0.19584238	0.17797220	0.15983461	0.22013365	0.07438087	0.02922146	0.21980555	0.03512291	0.14589846	0.22101612	0.12120983	0.07998562	-0.06649235	0.11495560	0.11891902	0.15699545	0.10465084	0.10393073	0.19981268	0.15867547	0.09345308	-0.17672319	-0.17291019	0.02050447	0.11481219	0.23905910	0.14740845	0.20703938	0.05859849	0.25872857	0.11024224	-0.03931321	0.11469973	0.20434695	0.13600119	0.10950647	0.12352088	0.14298043	0.10673577	0.06306156	0.08797548	0.06429048	0.11000743	-0.05049217	0.06391531	0.08260128	0.12212019	0.10916723	0.11262189	0.15820548	0.19383370	-0.00679281	0.17126564	0.17568392	0.19219562	0.19546146	-0.01567515	-0.05866525	0.10888929	0.07570509	0.16397781	0.17551290	-0.05308743	0.09025231	0.07039309	0.13980331	-0.17818661	0.18865730	0.10989373	0.19796854	0.26552316	0.24721024	0.34990155	0.35512816	0.20236872	0.22063269	0.02284425	-0.02297997	0.00952586	-0.10546023	0.08152531	-0.05122536	0.13540331	0.12893038	-0.05750158	-0.13705379	0.05487308	-0.09217988	0.21030035	0.16692204	-0.00225346	0.14511665	0.00161474	0.13881587	-0.11893212	-0.14718791	0.02560330	-0.02332007	0.18838204	0.03969162	-0.08988974	-0.01446884	0.20526011	0.03218732	0.22626709	0.15990120	0.09716320	0.18231037	0.22996743	0.27317077	0.32791552	0.14075812	0.08431754	0.42026360	0.36528356	-0.03229574	0.20579227	0.19982196	0.26811180	0.18198531	0.13996705	0.22448786	0.00865243	0.03892121	0.20755946	0.32185532	0.25504501	0.16303447	0.29552228	0.32784950	0.14441861	0.22745515	0.25602410	0.25709165	0.24032303	0.14351837	0.23633978	0.17781986	0.14456094	0.26011327
17Networks_LH_VisCent_ExStr_11	0.10186133	0.37389813	-0.09880361	0.13673996	0.17607517	0.16431796	0.28343438	0.34847289	0.51918698	0.30632015	0.67938419	1.06719721	0.22360662	0.02850987	0.23216289	0.02279624	0.03644479	0.36094254	0.28752855	0.28747039	0.37712218	0.38880683	0.48178787	0.11956332	0.23101625	0.24908370	0.30338273	0.19756237	0.31193802	0.18246681	0.25341122	0.21384022	0.39271242	0.44085903	0.32668604	0.25901335	0.27784308	0.12298457	0.18196869	0.26356248	0.30398326	0.26118457	0.09207832	0.04060387	0.10130063	0.10954124	0.20009019	-0.00428185	0.12455675	0.11532436	0.05341622	0.15636654	0.22072808	0.20926856	0.14352744	0.05676287	0.07873727	0.28495078	0.14923094	0.14031351	0.21253039	0.01365978	0.21340141	0.17748543	0.12319095	0.24229882	0.19443972	0.21554191	0.10372763	0.14182211	0.33675453	0.32332773	0.09823761	0.28076930	0.14784743	0.24333897	0.21362802	0.47503958	0.25516237	0.33527942	0.18960138	0.09136361	0.01967682	0.06946196	0.03080880	0.14200590	0.00300260	0.06216036	0.04436533	-0.08108166	0.06346564	0.15918395	0.11170689	0.04387894	0.09913710	0.16957981	0.15987528	0.08661288	-0.04238280	0.13079302	0.20809904	0.23179999	0.02481721	0.06594664	0.02577155	-0.09912505	-0.03229620	-0.04210622	-0.13477420	-0.03876412	-0.14965397	-0.12184788	0.00177988	0.06812884	-0.01742856	-0.00581271	0.15079181	-0.00481531	-0.15282333	-0.06877587	0.25583455	-0.06632299	0.00988099	-0.03170279	0.10877933	0.11238391	-0.01309746	0.01550740	0.21151539	0.10350666	-0.11466939	-0.11232812	0.09376027	-0.15131542	0.02689812	-0.03876237	-0.03582006	0.03410640	-0.12548158	-0.11632973	-0.10482979	0.00192799	-0.06709185	0.06660476	0.18041811	0.02687327	0.10522291	0.09815605	-0.00042170	0.00445124	-0.10385219	0.02783345	-0.01929422	0.13076126	0.04477372	0.07315098	0.07550204	-0.05094166	-0.06077124	0.07120531	-0.00308106	-0.07053220	-0.03156706	-0.02186795	-0.11760270	-0.04104164	-0.12958072	0.06552930	-0.03681554	-0.05228271	-0.01584188	-0.10018468	0.10613326	-0.05829362	-0.00297015	0.14062429	0.12951429	0.05731559	-0.03395913	0.01760801	0.00368498	-0.08311861	0.05989537	0.02494571	-0.01518273	-0.01927040	-0.07297958	0.01649610	0.00454044	-0.03176210	0.03841604	0.07284424	0.05358278	-0.04645436	-0.02271719	0.02416043	0.22752596	0.14162725	0.12796483	0.21129429	0.19618647	-0.05399655	0.31927352	-0.07584085	0.02014627	0.09568853	0.12757661	0.45352632	0.46462627	0.27691427	0.55112826	0.55515728	0.15069632	0.02697799	0.08110639	0.04991047	0.02739601	0.31926091	0.14438609	0.28510478	0.35032618	0.16381632	0.28783969	0.20559002	0.13166201	0.28897300	0.02056942	0.20817390	0.17341414	0.36185229	0.29639601	0.27788204	0.27566564	0.29816212	0.29062891	0.32181497	0.23548181	0.21054160	0.35229124	0.09303533	0.24461079	0.11473292	0.18914215	-0.03895256	0.00569591	0.03993654	0.06872329	-0.07795469	0.07697668	0.05543038	0.02019157	0.04715846	0.19305327	-0.00697905	0.10836501	0.09721991	0.08141355	0.15889502	0.28628786	0.14242907	0.16406004	0.25278159	0.16730702	0.30672387	0.42778766	0.23408316	0.12180209	0.39627186	0.31647398	0.12369735	0.34520829	0.22740713	0.07490760	0.15415264	0.19441376	0.21934501	0.11666716	0.27242452	0.22527478	0.21859030	0.37696628	0.14070419	0.09472185	0.11828258	0.14930178	0.22993165	0.09603743	0.11345335	0.01931489	0.02491537	0.08040847	0.08896991	0.10229748	0.08940412	0.01205126	0.15394334	0.10985157	0.18734234	0.08017021	0.26346351	0.13384684	0.16812513	0.08712984	0.15828105	-0.00341515	0.11301012	0.21935126	0.22211896	0.10410092	0.15058313	0.12154729	0.14304765	-0.05361204	-0.03347480	-0.13404101	-0.09081645	-0.07350155	-0.03047394	-0.10998879	0.07407886	-0.12970179	-0.06288977	0.03246352	-0.04691720	0.22684445	0.10261312	0.11436945	0.12077084	0.06700691	-0.05021272	0.13447524	-0.03163137	0.09204416	0.06161426	0.06995955	0.05096543	-0.00111170	0.17519626	0.12563790	0.13965353	0.08534915	0.07888275	0.08244245	0.03458191	0.09894679	-0.15398597	-0.13591797	0.06567768	0.06407953	0.05504723	0.06662447	0.17724047	0.01879541	0.17028632	0.07434144	0.06207544	0.05508772	0.07937793	0.11855557	0.12974001	0.11252614	0.07339139	0.10689756	0.03338793	0.05701941	0.02598953	0.01310993	-0.09077863	0.00675077	0.00369054	-0.00004797	0.18728540	0.05950356	0.06887496	0.16397985	-0.10058370	0.06236117	0.09146452	0.04662365	0.19912214	0.00109902	-0.00286396	0.05855856	0.02298619	0.13615869	0.07417654	-0.01296852	0.05010048	0.08970480	0.15754748	-0.12943653	0.08688914	0.06222026	0.14642074	0.12858113	0.21494036	0.26697037	0.24909582	0.14200353	0.18447212	0.02149578	-0.00549283	-0.03876006	-0.10042401	0.16655508	0.01876528	0.12589303	0.14121405	-0.13760594	-0.18438559	-0.10862246	-0.05206329	0.17314513	0.06764864	-0.03287784	0.05165051	-0.06675238	0.06091545	-0.07627822	-0.04700208	0.03009709	0.01512738	0.16424055	0.02130358	-0.12700046	0.07819939	0.13048751	0.06185785	0.18672731	0.02743009	0.01455322	0.09259411	0.18574997	0.20424541	0.19777864	0.07019748	0.15754527	0.33735246	0.29695538	0.01102601	0.07598170	0.19267470	0.21978527	0.13896998	0.09142462	0.17626659	0.02367942	0.06403276	0.13608173	0.19030217	0.12835671	0.10363988	0.22666527	0.23159944	0.19641185	0.17845369	0.17481172	0.21066669	0.11431641	0.07107385	0.11824561	0.08445318	0.04418568	0.21255917
17Networks_LH_VisPeri_ExStrInf_1	0.28683924	0.43111868	0.07590170	0.35899005	0.49340977	0.54964255	0.41784259	0.32213957	0.37257328	0.18797188	0.14877194	0.22360662	1.25450782	0.54792799	0.34569304	0.53539659	0.31990188	0.30686025	0.31511791	0.43065508	0.08528804	0.28640782	-0.02456966	0.17745941	0.24697118	0.18827511	0.26432754	0.11876622	0.27186408	0.31606489	0.14617513	0.13473323	0.32477563	0.16982989	-0.01062894	0.27437164	-0.00506207	-0.01796840	-0.07832891	0.31214003	0.15360246	0.18980829	0.07003232	0.13844673	0.47436373	0.27518827	0.41194205	0.28859514	0.14310794	0.35117599	0.28930763	0.42653715	0.40358228	0.26367195	0.03499228	-0.05372462	0.03811134	0.13745860	0.11429341	0.19558462	0.59395092	0.21536018	0.48152013	0.05571529	-0.17732761	0.03090946	-0.04530342	0.24052765	-0.19680666	-0.18675335	0.02641586	-0.12683197	0.21182067	0.27298928	0.00557162	0.30361087	0.08488509	0.02253467	-0.07136115	-0.09007235	0.08045525	0.19172875	-0.04145391	0.10986229	0.20427000	0.50190743	0.31601537	0.19866182	0.49870733	0.54767452	0.22376557	0.33397381	0.34352820	0.12126978	0.27250817	0.14823724	-0.03113794	0.37799763	0.25100448	0.26900829	0.13790278	0.09978342	-0.21206154	0.21871025	0.29562704	-0.01016881	-0.08758776	0.18436057	0.04383039	0.17582911	0.03438584	0.19957792	-0.11553929	-0.09537259	0.06385617	0.11352796	0.00174844	0.06358921	0.13273921	0.24517103	0.13490447	-0.19242465	-0.11564655	-0.09760584	-0.13580899	-0.05209915	0.02719738	-0.06648491	-0.03553227	0.03355527	-0.01305987	0.04610303	0.16127297	-0.01789100	0.10014348	-0.01103885	-0.04811705	-0.27171052	-0.09167920	-0.05834143	-0.02908022	-0.03036736	0.20293350	0.06009986	0.00894373	-0.04883154	0.10003776	-0.01447437	0.13391310	0.07776120	0.02556405	-0.03393910	-0.07147041	0.18008216	0.12014977	0.01909387	-0.00600531	0.19132942	-0.04099325	0.11480721	0.10502818	0.26294870	0.16571599	0.33208840	-0.03767009	0.24370451	0.12708025	-0.07912570	0.11268364	0.18635184	-0.00018714	0.16600107	0.18593152	0.22065808	0.24261692	0.08739630	0.11925272	-0.01244170	-0.08202003	0.23753047	-0.04994012	-0.06409806	0.45564779	0.14274596	0.29131248	0.24587358	0.09517029	0.03229794	0.50805989	0.35571085	0.37959600	0.24913434	0.44297560	0.61130637	0.32726332	0.45839754	0.27013851	0.19710631	-0.09757043	0.34589381	0.15504023	0.02633147	0.17564911	0.18505564	0.25018930	-0.18983294	0.35508657	0.31024973	0.15861421	0.19054510	0.20081508	0.10048304	0.48062168	0.45428765	0.34262796	0.27762860	0.33640296	0.14229101	0.27643484	0.23137395	0.17580217	0.11812898	0.10737894	0.19991019	0.14973500	0.36397684	-0.04800214	0.28376107	0.10787341	0.25101954	0.10357100	-0.03109184	0.09410548	0.01490691	0.14519910	0.11368894	-0.11235081	0.14166258	0.10234656	0.19251186	0.07282915	0.03432285	0.00797836	0.25236448	0.25979258	0.27446527	0.06372391	0.16046471	0.39060296	0.10553149	0.33187056	0.10826903	0.31372883	0.21524345	0.27857547	0.14702759	0.07402102	0.24293671	0.31738925	-0.01590389	-0.05872353	0.01398025	-0.14099456	-0.11844321	0.00086918	-0.11235658	0.16864453	-0.04439696	0.08047606	-0.06798686	0.22321778	0.07019211	-0.05856650	0.17359960	0.19496204	-0.01869878	0.20641561	0.03946445	0.06532662	0.21645797	0.32964211	0.06173706	-0.02553200	0.12740848	0.28729276	0.25161239	0.21040650	0.11005913	0.22840817	0.08881467	0.38932570	0.22658705	0.17490718	0.35837292	0.17235200	0.42429098	0.17809431	0.18674453	0.16070839	0.18697349	0.20837320	0.28952727	0.25855854	0.10596049	0.02749121	-0.16760786	0.25730320	0.06159642	-0.00394259	0.09033948	0.27687964	0.17173099	0.11150460	0.29833389	0.15586251	0.08528090	0.34020486	-0.10736122	0.09009549	0.01379564	0.31650482	0.18193302	0.25282491	0.13601978	-0.08780568	0.05441347	-0.16873079	-0.17427188	0.02124901	0.07822053	0.14624358	0.10282454	-0.02993797	-0.02237166	-0.00106025	-0.03049826	0.21758939	0.02683865	-0.04650050	0.11425719	-0.17879515	-0.08407728	0.17881874	0.04838596	-0.04974907	0.08833457	0.02838770	0.04441022	0.14005509	0.19966066	0.07246325	0.12231841	0.07797833	0.14944777	-0.14676508	0.09962308	-0.06344422	0.09153181	0.19120389	-0.02949264	0.05487722	0.13170207	0.13697082	0.14114770	0.12328567	0.11353853	0.06319752	0.13997155	-0.03582554	0.29498504	0.30177348	0.27410783	0.15615721	0.10611684	0.01086639	0.35220267	0.34525483	0.08079938	0.21899737	0.05647648	0.23877396	0.37139551	0.32342097	0.22603851	0.10685774	-0.06829476	0.48234391	0.31493636	0.08127423	0.40840002	0.24804801	0.31051042	0.23278733	0.40372109	0.10580221	-0.08234022	0.26014459	0.23266484	0.15738892	0.19576032	0.34516722	0.44819472	0.16341779	0.28525648	0.38252502	0.23865040	0.19127701	0.27607711	0.07282048	-0.04147045	0.09200186	0.08345463	0.27221639	0.32162070	0.05246047	0.15008066	0.29404892	0.19055952	0.24062661	0.34664781	0.23124700	0.25015995	0.07000264	0.11361257	0.00585822	0.04694367	0.04502457	0.10194406	0.14537481	0.02965779	0.06455796	0.08335383	0.32965163	0.11529408	0.23694988	0.15624861	0.06812776	0.17147353	0.24943132	0.10887380	0.16267588	0.09992601	0.23069793	0.24015263	0.20247167	0.24226569	0.05331800	0.09292337	0.12880413	0.19561366	0.30481555	0.18881214	0.05907325	0.23484530	0.16069206	0.00300952	0.21700162	0.13663098	0.09201509	0.10160323	0.21069227	0.20304481	0.14339262	0.08703378
17Networks_LH_VisPeri_ExStrInf_2	0.37881367	0.28124990	0.24772047	0.23440573	0.29381127	0.42874272	0.16836302	0.23966624	0.16987175	0.21386165	0.06315893	0.02850987	0.54792799	1.14073277	0.33226042	0.54143064	0.39943340	0.25126218	0.27432475	0.40249555	0.20260021	0.35923379	-0.09694729	0.37620972	0.14360613	0.11789411	0.09707817	0.04481767	0.18359793	0.19843282	0.11902031	0.05177773	0.20090925	0.09829591	-0.07359997	0.16696390	-0.02031758	-0.02099822	-0.04602200	0.20453750	0.10041832	0.11352016	0.02685083	0.27196366	0.36216499	0.16959199	0.24325313	0.33974520	0.11917022	0.31763598	0.25521414	0.26192164	0.38674412	0.30935345	-0.02778197	-0.09001855	-0.05699129	0.02929993	0.14207114	0.03481894	0.41975787	0.14197980	0.32462893	0.25248976	-0.08531831	0.11546460	-0.12510024	0.02635030	-0.11768159	-0.05786687	-0.02970738	-0.13433409	0.09580522	0.13894948	-0.01864334	0.13847193	0.05599393	-0.09248755	-0.04109526	-0.06496793	0.16923309	0.20297067	0.04130853	0.06222213	0.14312749	0.36061116	0.29593397	0.16764422	0.48314154	0.37225139	0.16845373	0.11951387	0.34933557	0.12622938	0.20669770	0.15506736	0.05301481	0.27799366	0.22439712	0.06853806	0.08356665	0.12091390	-0.09188255	0.15487867	0.33137566	0.18598675	-0.09243628	0.21766743	0.13920334	0.11898667	-0.02409604	0.17154267	0.05519092	-0.01623794	0.02265033	0.12495022	-0.01774714	0.01740078	0.01754830	0.11236061	0.20643430	-0.07530399	0.03400615	0.11248162	-0.07164223	-0.00218951	0.05064258	-0.02909894	-0.09318470	0.00490164	0.08926328	0.14556709	0.08965253	0.07890292	0.06757958	0.08878800	0.06033850	-0.11025487	0.01649039	0.03919412	0.14202969	0.14667653	0.23296729	0.16936948	0.13981638	0.05923761	0.17218610	-0.00872199	0.13901930	0.05504053	-0.00973726	0.01330634	-0.03452028	0.00654909	0.02251720	-0.03306498	0.09099190	0.12150313	0.04844659	0.14649638	0.10758551	0.06881459	0.20353974	0.16487128	0.12151818	0.24136045	0.05437438	0.04990985	0.13460537	0.16505350	0.05138416	0.23030665	0.15757266	0.24228045	0.17696167	0.01794561	0.16239911	0.02071564	0.03890934	0.16327381	0.05040622	0.15143210	0.29576818	0.12079179	0.21410360	0.17307791	0.19062636	-0.00932859	0.38206124	0.10337996	0.29717649	0.19319083	0.27655343	0.44983671	0.30138236	0.30583967	0.21520599	0.13065829	0.14520474	0.18353518	0.18524660	0.01160534	0.25752204	0.05181334	0.21328471	-0.26095621	0.24122048	0.13022737	0.07406806	0.17940261	0.12374025	0.01419444	0.35449858	0.45187263	0.45128200	0.30375519	0.34750806	0.02574810	0.40738379	0.24521035	0.15212304	0.15984537	0.05265289	0.06153062	0.07134021	0.15266250	0.02053646	0.23466321	0.09118728	0.14293099	0.04194965	-0.02566270	0.10929526	0.03418696	0.07821065	0.03258384	-0.06504895	0.14020877	0.01265260	0.14685736	0.11493215	0.03385742	0.01926180	0.35289889	0.35992026	0.25466279	0.09737997	0.15134756	0.22436269	-0.00346464	0.24543081	0.17568043	0.27810270	0.11713462	0.13523229	0.00111696	-0.00899398	0.05484557	0.20450280	-0.01930444	-0.01273337	0.14408191	-0.03222941	0.02024264	-0.07019267	-0.04860520	0.20347843	-0.09938829	0.05038104	-0.01037105	0.07981124	0.06467604	0.11117579	0.04500461	0.09583243	-0.02412994	0.12986671	0.06984674	0.08589664	0.11634298	0.15836174	0.10440978	0.04803917	0.14875621	0.18427887	0.11051492	0.02058204	0.08293860	0.17654174	0.20055775	0.40530911	0.29260963	0.06733351	0.31724011	0.19661044	0.33463845	0.10661235	0.19551461	0.14043582	0.22267875	0.09740321	0.21964272	0.17104914	0.08789572	0.09753680	-0.01256208	0.11351010	-0.03168026	0.08563114	0.13100132	0.17538259	0.16715956	0.05921195	0.17867308	0.04336802	0.00306148	0.21303017	-0.00017920	0.08716457	0.10522314	0.15035222	0.17664696	0.08076614	0.19243404	-0.06929122	0.05152388	0.02937124	-0.00070804	-0.00606701	0.11009101	-0.01713672	-0.01308803	0.00238838	-0.00615886	-0.05820724	0.02903737	0.19348181	0.02835402	0.04457147	0.09060717	0.00371218	-0.02794543	0.07539163	0.04278149	-0.03086872	-0.00983457	0.04928664	0.05557918	0.19709591	0.12472924	0.18122690	0.18331945	0.03772651	-0.02942726	0.06420182	0.11770301	-0.05086574	0.08248463	0.16944571	0.00979805	-0.04863571	-0.02159059	-0.08078788	0.02474437	-0.01052743	0.08023521	-0.04078862	0.00876902	0.07390141	0.20201071	0.24843747	0.17961180	0.10069067	0.08189308	0.08346702	0.18730381	0.16071580	-0.05409678	0.20573461	-0.00124389	0.08371794	0.25252192	0.22442713	0.16986849	0.07394841	-0.05504311	0.31135797	0.11294910	-0.03155594	0.28793286	0.20714647	0.05159013	0.12337285	0.30883275	0.06540967	0.02603436	0.17451275	0.19400401	0.12615368	0.03379111	0.25599517	0.29589523	0.07434104	0.17677881	0.25942139	0.04627359	-0.13157708	0.20693896	0.09584631	0.08282728	0.15244984	0.13534309	0.16325624	0.26002755	0.00003802	0.11650902	0.16982489	0.19420703	0.21277204	0.18960593	0.25121374	0.12042074	-0.17272797	0.05210803	0.16095076	0.11997863	0.07430271	0.23067472	0.13053743	0.05319281	0.10508906	0.01958659	0.10856520	0.07221563	0.11536554	0.09321600	0.03212950	0.07063458	0.16645646	0.02654092	0.16884403	-0.02468272	0.23668819	0.14911512	0.07481182	0.05600403	0.07830705	0.00586397	0.01785413	0.10451907	0.17286930	0.11171830	-0.03349093	0.02105775	-0.05311061	-0.09126676	0.18486431	0.00332882	0.17195329	0.04034387	0.19617540	0.18141657	0.16023264	-0.02572874
17Networks_LH_VisPeri_ExStrInf_3	0.52488473	0.48094121	0.31336145	0.43195282	0.31421495	0.39715182	0.42735659	0.16832610	0.35862232	0.28317053	0.23108998	0.23216289	0.34569304	0.33226042	0.88991863	0.24665596	0.09883889	0.34679375	0.28784299	0.23524058	0.20316270	0.26403712	0.15870194	0.22883155	0.17370256	0.19225924	0.14364723	-0.03544013	0.27023204	0.06813267	0.12293049	0.08573269	0.28020036	0.18898218	0.07695027	0.21561178	-0.01136557	0.18015081	0.31200358	0.31716815	0.19468479	0.07357405	0.19956133	-0.01995687	0.28291169	0.24397161	0.01934040	0.06005300	0.02968787	0.08766933	0.22179049	0.24533226	0.21456947	0.23572579	0.13072216	0.00750898	0.20502089	0.00105468	0.23419813	0.28177658	0.24239053	0.49387023	0.43927912	0.13421143	-0.02126403	0.00171905	0.14407850	0.14368467	0.03859661	0.19658350	0.12372381	0.18188777	0.15203057	0.25682998	0.21661744	0.31318523	0.11278423	0.12025580	0.07849582	0.13191028	0.13291217	0.30221494	0.28752824	0.23845553	0.19341323	0.23214966	0.16923509	0.11517508	0.08649910	0.08911081	0.02802487	0.03085105	0.08857339	0.06575566	0.18789916	0.07678290	0.14255705	0.34538026	0.28551156	0.22843932	0.18025493	0.21687432	0.11024033	0.05382710	0.09666904	-0.12658615	0.01876114	0.29655206	0.27596718	0.07095302	0.14819407	0.20159056	0.29270972	0.12524962	0.15925267	0.16926811	0.19088907	0.01054332	0.03748055	0.04784245	0.14653196	0.11299355	0.08460935	0.20566080	0.10754974	0.10873898	0.18983287	0.05203432	-0.04228399	0.01316795	0.19783586	0.21466295	0.13417910	0.26081705	0.22024849	0.24387754	0.16789345	-0.00388986	0.20879211	0.16887186	0.28082228	0.25623532	0.26269893	0.10937514	0.13087006	0.12835930	0.21265933	-0.02177692	0.31302105	0.35503529	0.30228307	0.22425360	0.24367775	0.22259646	0.20882753	0.25050287	0.32569300	0.35456199	0.26066873	0.32399730	0.26425759	0.22220076	0.22369601	0.20936691	0.36426232	0.19083354	0.11393089	0.14930012	0.30089712	0.21467875	0.29592977	0.15072654	0.26986789	0.26355330	0.35517856	0.35344859	0.33412799	-0.02369812	0.12529985	0.21749228	0.08428420	0.29703646	0.24158760	0.10004069	0.28908028	0.21073534	0.15171391	0.27174765	0.28986419	0.24173465	0.27475047	0.19368458	0.11934710	0.22469396	0.01773968	0.17565704	0.28936779	0.16706282	0.06934202	0.24412202	0.37166326	0.26079108	0.52129763	0.25318889	0.34733911	0.18690804	0.43807547	0.35512218	0.23280351	0.30702713	0.21737541	0.20574534	0.30160126	0.12979550	0.38544822	0.32498824	0.00546236	0.21362139	0.25687856	0.20513085	0.29702356	0.26963497	0.24800614	0.16601532	0.18410061	0.25874576	0.03543425	0.16449926	0.29512969	0.10003453	0.16130709	0.17890200	0.21315537	0.16380620	0.22181274	0.15454526	0.01319449	0.25080207	0.17983559	0.02879699	0.27141524	0.06516656	0.32105698	0.18809979	0.18612720	-0.01104389	0.07446158	0.02141858	0.17577239	-0.05378080	0.12572214	0.10499305	0.21111448	-0.03828140	0.12313540	0.13000194	0.22322583	0.15097213	0.24253569	0.29645703	0.22363385	0.18938207	0.11259255	0.28782607	0.26297307	0.14270980	0.14225706	0.09370293	0.13463021	0.09493917	0.19643266	0.13329595	0.20973252	0.12917486	0.13336039	0.21210526	0.14918686	0.14374068	0.18288197	0.14469186	0.21071478	0.41992440	0.15477400	0.09606697	0.01747718	0.04231844	-0.06628970	0.27806245	0.04977258	0.01670882	0.16845112	0.12282047	-0.07343076	0.09429587	0.08228147	0.33444790	0.14227641	0.25872487	0.09026581	0.13907245	-0.08302256	0.34749331	0.19435704	0.10336668	0.00205116	0.09204882	0.29596565	0.22141968	0.03969279	-0.05229515	0.24131331	0.18321771	0.10542140	0.09201015	0.16149538	-0.01328750	0.18355276	0.24728235	0.13747799	0.12469536	0.05477516	0.17152103	0.07379431	0.11106991	0.19372533	0.16492896	0.04654235	0.15356176	0.10698103	0.22923473	0.11729534	0.11884273	0.01000017	0.15494827	0.11655637	0.19813792	0.30712656	0.10270582	0.19575485	0.10019378	0.08034487	0.16399145	0.19307293	0.38725389	0.09415643	0.06151518	0.05038661	0.10747522	0.32980773	0.13587812	0.06304800	0.17603386	0.23552576	0.29051089	0.04222784	0.13089567	-0.04184496	0.26091418	0.27590575	0.33448906	0.26148781	0.17479127	0.13532246	0.13082141	0.26541430	0.31696642	0.27881842	0.21771210	0.26399666	0.20283486	0.27465839	0.29079275	0.12687383	0.22934432	0.20846428	0.09567594	0.26437464	0.28318910	0.34042632	0.15421237	0.34585050	0.09511608	0.23799224	0.16355795	0.31564701	0.26362978	0.34869901	0.18938765	0.09829295	0.28555747	0.03477181	0.20449644	0.08594820	0.23599907	0.03877044	0.03347294	0.12349737	0.15831311	0.21772294	0.08131036	0.11668000	0.17216785	0.09466625	0.07446438	0.32676588	0.02467103	0.11306678	0.25549142	-0.10348055	-0.09368976	0.06467855	-0.07475985	0.08278725	0.07815057	-0.09277597	0.25649391	0.12390579	0.13039551	0.10915257	0.15770398	0.28516749	0.03882558	0.04275571	0.05918242	-0.00869331	-0.03114503	0.01753989	0.04809069	0.01136450	-0.03241032	-0.03932900	0.12478593	0.27600815	0.11760041	0.18157309	0.00284349	0.01189170	0.19686444	0.10217068	-0.08309416	0.28113145	0.14182339	0.31910194	0.26608796	0.22724970	0.19945391	0.06807206	0.02916058	0.29580965	0.15106903	0.15372564	0.08558578	0.09651617	0.10834799	-0.01401476	0.11555275	0.32585149	0.29927777	0.34811931	0.33060326	0.30321969	0.39925943	0.35007514	0.34381709
17Networks_LH_VisPeri_ExStrInf_4	0.24639825	0.28753349	0.02447528	0.17173119	0.16436479	0.30443517	0.15135167	0.19331580	0.18460047	0.05102404	0.09854283	0.02279624	0.53539659	0.54143064	0.24665596	1.09568178	0.32480289	0.26448605	0.22308976	0.34793335	0.15886233	0.36380330	-0.01522537	0.27170937	0.22739584	0.25783980	0.16735799	-0.00883337	0.25773266	0.16617566	0.24670032	0.24520904	0.16562003	0.13217973	-0.07710098	0.27966565	0.05329992	0.12277379	0.03151031	0.20068656	0.16244687	0.20895990	0.03231842	0.20981072	0.33243471	0.16820797	0.38619139	0.23876312	-0.04290029	0.22936547	0.33402969	0.36447725	0.37935905	0.24954063	0.10436282	0.02040851	0.06147487	0.11428471	0.12649026	0.07492027	0.39859621	0.13329270	0.28635893	0.05847627	-0.13079316	0.01562397	-0.13088689	-0.01010497	-0.16334481	-0.14946470	-0.07108129	-0.15429461	0.03487844	0.09028420	-0.12386549	0.06326715	0.02476555	-0.04028063	-0.07662759	-0.07187781	0.12937960	0.14068523	0.05802963	0.13996062	0.17650536	0.29645047	0.13142705	0.09290258	0.33319043	0.30715442	0.16996711	0.17128262	0.38270806	0.13585341	0.14003417	0.13391135	0.02365375	0.31317521	0.32235516	0.33106370	0.05727094	0.12297061	-0.03259977	0.17558587	0.34771276	0.07457292	-0.10459997	0.34012602	-0.01181726	0.04859651	-0.05060114	0.17101546	0.18761954	0.06599579	0.15737815	0.11839196	0.04357743	-0.05833386	0.06302512	-0.07508112	0.14084867	-0.09567740	-0.11401139	-0.03369042	-0.20995232	-0.07686158	-0.02356954	-0.01261438	-0.04311802	0.01643864	0.10159740	0.21865331	0.14272622	-0.08303620	0.05821131	0.04893390	-0.08504613	-0.17567474	0.07616370	-0.00326157	0.09832686	0.00448291	0.33082620	0.19342298	0.05658038	-0.00430142	0.06490088	-0.03423821	0.18010755	0.19124146	0.15061398	0.02529078	-0.00083006	0.15333276	0.19440518	0.05971610	-0.02560674	0.27748609	0.11355376	0.13522713	0.27076033	0.18257079	0.34315603	0.38077266	0.08128280	0.29765656	0.11309638	0.17980443	0.24693497	0.31537881	0.07878870	0.19962800	0.16466285	0.19402385	0.35497650	0.16446047	0.13826104	0.01945022	0.00709737	0.09961244	0.08483915	0.06088959	0.33954654	0.07077195	0.22933224	0.15851534	0.16117921	0.13156885	0.49031521	0.34739150	0.46049022	0.18665331	0.29418769	0.42538885	0.25464393	0.23341393	0.12980795	0.13958443	0.01461994	0.17160491	0.20770819	-0.06677702	0.21365981	0.06508100	0.04794500	-0.26138371	0.28453434	0.20432168	0.09903478	0.13073254	0.15573105	0.03340750	0.32270056	0.51514802	0.35855243	0.26188961	0.38504644	-0.03765511	0.32868469	0.23802997	0.18967664	0.01785281	0.07016204	0.12302975	0.13393982	0.27995022	0.02639305	0.33534831	0.19855238	0.23234544	0.11584298	0.02417400	0.17280415	0.16001284	0.15579194	0.29361377	0.00304584	0.19390699	0.08913824	0.25773662	0.13052882	-0.09022037	0.07343967	0.23701446	0.31076459	0.43224291	0.11566453	0.18196660	0.20018817	0.06666171	0.20612817	0.23890677	0.26414748	0.15244453	0.16303190	0.09602899	0.11464869	0.23827199	0.14457476	-0.01457190	0.09170885	0.05579482	-0.14944299	0.00617820	-0.08867297	-0.10022172	0.06582036	-0.07306145	-0.00553972	0.01388345	0.20424859	0.04139274	0.02563512	0.11287383	0.11742415	-0.03043940	0.07530153	0.08405781	0.02151738	0.16834231	0.24114067	0.06532336	0.10150232	0.11057704	0.16904116	0.08769025	0.02273783	0.05429976	0.07408696	0.12492337	0.32427757	0.24889245	0.01602356	0.30271898	0.05691773	0.28863193	0.11620160	0.08884923	0.23851961	0.09416283	0.11313305	0.20202277	0.05391473	0.05652874	0.00038885	-0.19901250	0.08170844	-0.03090017	-0.01692087	0.07086376	0.19942278	0.08932858	-0.00488129	0.18020829	0.04340408	-0.06562988	0.29927086	0.04728088	0.15711796	0.17307096	0.06633866	0.25546908	0.16244829	0.13540803	-0.06283962	0.10254033	-0.03790195	-0.00556625	0.00508850	0.05718328	0.01942776	-0.04051614	-0.02829098	0.01322185	0.09998217	-0.04381969	0.04644212	-0.14744115	-0.17701160	0.05477342	-0.11829878	-0.12993798	-0.04041059	0.06783838	-0.09058470	0.05377874	-0.12631652	-0.12207251	0.11369676	0.11389642	0.15437672	0.09217791	0.15282239	0.01658119	-0.09732659	0.11189214	-0.02845946	0.12302860	0.08607659	-0.03365482	-0.01106027	0.06571402	0.12319752	0.19525736	0.05899917	0.09481342	0.10633546	0.09135638	0.06890322	0.31989830	0.36878958	0.06524562	0.10314706	0.00424918	0.06721326	0.17089065	0.23344556	0.11415891	0.23369037	-0.00741412	0.05781730	0.25975501	0.14918284	0.05171170	0.22748162	0.09834645	0.38668303	0.36190815	-0.01740217	0.29411771	-0.05539628	0.27254487	0.15440687	0.22082615	0.07138419	-0.02418699	0.12679811	0.13743015	0.00738628	-0.06930654	0.33699680	0.39544978	0.06506007	0.22444190	0.32321690	0.10833377	0.10919100	0.33113864	0.12005965	0.06462905	0.14761026	0.15464373	0.17721376	0.33629865	0.16475689	0.16080372	0.27348894	0.25847430	0.19349190	0.25502573	0.22935084	0.17362768	0.04642213	0.19296138	0.01708606	0.05436483	0.06015952	0.15386426	0.20603160	0.19325866	0.10880660	0.13665607	0.10446763	0.15030080	0.18962687	0.14825651	-0.04426989	0.06598562	0.15610171	0.03717911	0.09988867	0.00325473	0.12659714	0.10440728	0.08723860	0.06714914	-0.07785214	0.09076596	0.10468185	0.17158122	0.19888470	0.07590844	-0.04791074	0.14619662	-0.07251541	-0.06708696	0.20384658	0.04647940	0.21880737	0.08073118	0.27200435	0.13806766	0.13870072	0.05957425
17Networks_LH_VisPeri_ExStrInf_5	0.11002146	0.12961715	0.10546912	0.14453533	0.14137728	0.12109762	0.11984971	0.14438445	0.07134825	0.22509162	0.04430817	0.03644479	0.31990188	0.39943340	0.09883889	0.32480289	1.00757480	0.20843564	0.27738459	0.20637201	0.22266251	0.23954924	-0.06521541	0.20548261	0.04857856	0.11039555	0.10966539	0.14301375	0.10785141	0.04879185	0.05508823	0.03098399	0.07534010	-0.00017142	-0.05580444	-0.00559382	-0.04927728	-0.03173626	-0.08462259	-0.00232496	-0.03509847	0.07239205	-0.06328535	0.12641573	0.18934364	0.26382694	0.19033405	0.16605135	0.13903537	0.10655061	0.00201975	0.05339882	0.14572107	-0.02138286	-0.13033242	0.01154226	-0.16616437	0.11641443	-0.06748465	-0.01947003	0.17887643	0.03392574	0.16307480	0.07456032	-0.01775013	0.07956046	0.01003866	0.08810944	-0.07200534	0.00052134	0.06564336	-0.03398345	0.06391652	0.02633596	0.02026506	0.00540705	0.11285753	-0.08252959	-0.01631131	-0.04335174	0.03350361	0.04815905	-0.01191866	-0.06826588	-0.01738540	0.14788346	0.13740853	0.10142175	0.16694307	0.22880248	0.05596168	0.14643981	0.15794401	-0.02755563	0.09045495	-0.02418534	0.02156983	0.02642298	-0.01151067	-0.02848460	-0.02348489	-0.00978052	-0.11425177	0.08461215	0.05689301	0.06882493	0.06093632	-0.01525033	-0.02780917	0.16712010	0.08417713	0.10798563	-0.02369454	-0.11155127	-0.00144733	-0.05210049	-0.15086773	0.07081495	0.08987222	0.05534490	0.16304341	0.03895714	-0.09669695	0.04815387	-0.05773027	0.01889467	-0.01939960	-0.01099844	0.05386682	0.00429432	0.02087190	-0.00334487	-0.03516698	0.03525976	-0.09466648	-0.07848318	-0.06124487	-0.10269624	0.06840778	-0.06338393	-0.02401688	-0.09550538	0.01155494	0.06865692	0.07593533	0.09981667	0.00414383	-0.02453512	0.05697085	0.07062310	-0.04614378	0.07476172	0.04038870	0.14882700	0.10285817	0.01485353	-0.18775061	-0.01960502	0.03324099	0.00643956	0.16452151	0.12640843	0.11845025	0.06496071	0.04594680	0.07382818	0.18357097	-0.09634073	0.05117817	0.13863502	-0.01433104	0.12090776	0.00592863	0.13192275	0.08777963	0.12130014	0.01591504	0.14142341	0.09188100	0.08709063	0.11825235	0.03142502	0.18745454	0.13991206	0.08524363	0.11060505	-0.04243583	0.06072120	0.35787572	0.25983857	0.31314084	0.10569119	0.24349483	0.17133603	0.24074679	0.25359974	0.11696873	-0.03991545	-0.00416747	0.09701518	-0.03718018	-0.10253708	0.04495099	-0.01574418	0.11564380	-0.13178241	0.04003811	-0.00190395	0.00085281	0.13875124	0.07585420	-0.00194963	0.12692162	0.26519615	0.04742155	0.31385508	0.29450883	0.18332797	0.23962620	0.13367233	0.20523577	0.15706417	0.12896518	-0.01551387	0.02667150	0.02506287	-0.06682044	0.10416973	-0.01089864	0.06289595	-0.08347441	-0.12384902	0.03995881	0.05628807	-0.05448244	0.00757523	-0.05351431	-0.02474928	-0.09607872	0.14647558	-0.06858925	-0.08071755	-0.20217582	0.20164885	0.16258502	0.16864127	-0.03982274	0.08408272	0.15413028	-0.03935710	0.00472984	0.03519826	0.10533045	0.02399490	0.06891082	0.02570173	-0.16086807	-0.05293512	0.04989180	-0.09293867	-0.03855193	-0.00911528	-0.16886857	-0.11081519	-0.04473064	-0.00817299	0.19015646	0.00485735	0.04466996	-0.05818462	-0.00177308	0.02856624	-0.08569246	-0.05926546	-0.00769392	-0.00872023	-0.01269318	-0.02862486	-0.01735621	-0.00204966	-0.02672222	-0.14033371	-0.09375107	0.00544709	0.10072392	0.00835123	-0.02155961	-0.13995836	0.04931818	0.14250462	0.15462471	0.13371718	0.14855362	0.13451516	0.02618803	0.02418587	0.15827412	0.03021019	0.10787505	0.10083071	0.03954486	0.02021614	0.00707804	-0.05798415	0.04907784	-0.12253929	-0.11877886	-0.10680561	0.07198530	-0.00129362	-0.06511196	-0.10988516	0.03021622	0.24855829	0.14289918	0.08640177	0.11523305	-0.04939824	0.02863098	-0.11097035	0.24409222	0.05479285	0.16926999	0.06980327	-0.00492362	-0.00656707	0.00026817	-0.03199561	-0.06801236	0.00364259	-0.12997989	-0.06256582	-0.12098613	-0.21716489	-0.02950757	-0.13764830	-0.03671249	-0.20327804	-0.18492858	-0.11737005	-0.08236886	-0.16420902	-0.06987362	-0.16529391	0.01714193	0.12743380	-0.00367663	-0.08885427	-0.07091044	-0.00783655	0.14194629	0.04583178	0.02928892	-0.08381484	0.07553694	0.08140930	0.03839605	-0.06351821	-0.01986033	-0.05724364	-0.17480107	-0.01437973	0.13277976	0.09514935	-0.06205324	-0.10911570	-0.06498371	0.02205493	-0.06965618	0.10310959	0.08125411	0.03755343	-0.02039124	-0.12238543	-0.11945992	0.15745602	0.05492580	-0.03492803	0.00240708	0.05776253	-0.07020740	0.34589879	0.06278285	0.02285888	0.13024464	0.05694995	0.31754263	0.23180185	0.09211705	0.22518457	0.17299300	0.06082766	0.06828677	0.06753429	-0.08076510	-0.12483273	0.00181982	0.09596774	-0.11490577	-0.14076630	0.13447111	0.32031848	0.05629496	0.08344641	0.16881440	0.10545500	-0.07223115	0.05945259	0.10591619	0.09841044	0.08444886	-0.02712394	0.16368085	0.17368095	0.02508639	-0.09248203	0.14053513	0.16892315	0.17758012	0.06809864	0.06880610	0.11007164	-0.10373975	-0.04420577	0.21584068	0.16840884	0.02248099	0.11225576	0.09652339	0.04322432	-0.08833256	-0.18622205	0.09035021	0.04312464	0.06923926	0.16570052	0.05567522	0.01077905	0.06769345	0.13368906	0.09515668	-0.05945466	0.08606019	0.01729327	0.20927982	0.18024398	0.18623937	0.04955142	0.08050235	0.16586943	0.19420291	0.13078214	-0.00776756	0.16309581	-0.01334606	-0.03160883	0.10782539	0.04097712	0.04540628	0.05962069	0.16561116	0.13636301	0.10553168	0.00509263
17Networks_LH_VisPeri_StriCal_1	0.20352358	0.29718705	0.11571560	0.23945128	0.26466489	0.30843851	0.44658765	0.29357027	0.53389020	0.43419617	0.51366027	0.36094254	0.30686025	0.25126218	0.34679375	0.26448605	0.20843564	0.91698687	0.35677989	0.39257755	0.39013078	0.38196356	0.32451689	0.29703865	0.31493192	0.29128279	0.24070837	0.07002217	0.35592855	0.20928504	0.23789509	0.21818809	0.28914729	0.30872326	0.07232381	0.34057272	0.15921699	0.06952351	0.17739269	0.23628050	0.27970139	0.19743159	0.09978167	0.18312821	0.15686759	0.17360323	0.16730829	0.19587308	0.00776290	0.10721645	0.22062127	0.26428113	0.22196998	0.23646457	0.20300144	0.10592537	0.17098479	0.13188363	0.27627233	0.14395609	0.16221950	0.10473115	0.20537043	0.01445292	0.08962100	0.13806864	-0.02051028	0.09178638	0.14694833	0.15633247	0.22024425	0.32855197	0.09200613	0.22448041	0.07665240	0.22166377	0.15063549	0.30133919	0.20090874	0.33980239	0.07520425	0.23368832	0.18520025	0.24629097	0.20701300	0.19598805	0.24287725	0.22700313	0.16583296	0.14532677	0.24482684	0.21520395	0.22785332	0.14125210	0.20418464	0.29691921	0.18467715	0.25452590	0.20300651	0.19405089	0.28365166	0.22770557	0.03903009	0.14930046	0.19462341	0.08996892	0.03357533	0.18643619	0.02720201	0.11023408	0.03926483	0.04708709	0.15808470	0.12304159	0.07860004	0.08163830	0.11254526	-0.01991335	-0.02243779	0.06010059	0.17722468	0.04765343	0.07815943	0.11356052	0.02042069	0.19223260	-0.00889078	-0.02816342	-0.00660537	-0.00648739	0.06328264	0.10749286	0.09589231	0.01307098	-0.04327857	0.14027510	0.12735382	-0.04756369	0.00332065	0.07355658	0.09866927	0.14609463	0.15129072	0.21819714	0.19161119	0.09558540	0.10802584	0.10348298	0.16737095	0.10714996	0.06037084	0.03904863	0.03293766	0.04662960	0.09711800	0.09959525	0.16577355	0.18421442	0.15887942	0.22482979	0.06369368	0.06929361	0.16741510	0.10644119	0.10351918	0.14481629	0.07742373	0.15019951	0.12308941	0.00928000	0.15021299	0.24139993	0.06545858	0.22531732	0.12668141	0.14163720	0.20763242	-0.04226938	0.01349336	0.06765026	0.03553109	0.21430647	0.17416318	0.06546176	0.16683712	0.16336270	0.11185106	0.11093465	0.16955251	0.04100972	0.16729526	0.01684918	0.09117609	0.14117963	0.15457206	0.10178684	0.19103784	0.19124324	0.07680282	0.20029214	0.07566862	0.07713429	0.27333559	0.04734643	0.12495657	0.09617634	0.32649598	0.38923986	0.36365827	0.43621644	0.41961711	0.35574277	0.18960214	0.13583907	0.18562420	0.38509024	0.12001186	0.31560370	0.37459253	0.36510853	0.50268532	0.35057759	0.38674030	0.20157755	0.22680284	0.34525803	0.11563423	0.29824413	0.30590980	0.21557681	0.23640859	0.30560447	0.28553182	0.21854586	0.26754820	0.20951541	0.25319283	0.23119968	0.24904058	0.19833664	0.10659984	0.02140483	0.15318659	0.10918641	0.21213260	0.23553843	0.23315807	0.11483108	0.18630135	0.08593112	0.15900381	0.20532119	0.27179222	0.06072892	0.18473431	0.11904120	0.18725620	0.18749346	0.16742444	0.01471226	0.09221309	0.30584977	0.08184966	0.26105123	0.25240478	0.21522982	0.23323427	0.14890068	0.23463250	0.20347317	0.28365581	0.23635483	0.12868785	0.15703606	0.15972505	0.20936980	0.18751347	0.28992887	0.21378185	0.24182980	0.21957502	0.23771358	0.22922286	0.09081335	0.16214768	0.17655654	0.08189146	0.19713663	0.12461922	0.11170255	0.23764282	0.26499979	0.13542358	0.24956223	0.04415115	0.28427391	0.14749799	0.24865001	0.18036865	0.31093528	-0.01231624	0.20063514	0.01782530	0.22507214	0.00468334	-0.00303894	0.16498554	0.18423322	0.16098114	0.22570794	0.22985328	0.20752247	0.04890953	0.05722205	0.13740069	0.03128628	0.02675386	-0.03675116	0.08886953	0.14058431	0.09354524	0.13144556	0.15672261	-0.05014605	0.08428556	0.21405633	0.09808416	0.21484256	0.04874544	0.07907183	0.07139594	0.05843143	-0.02645332	0.14954519	-0.01135527	0.02008718	-0.02328131	0.10304164	0.11406768	0.12634579	0.12682808	0.00162127	0.15096499	0.16046460	-0.03005186	-0.03117794	-0.01444135	0.05309652	0.14961949	0.15528232	0.20022367	0.28697501	0.10707916	0.17477447	0.12977730	0.03877171	0.10341027	0.13989440	0.16661426	0.10426566	0.00792127	0.06440992	0.02813429	0.08599442	0.14997847	0.15009728	0.16147072	-0.00020479	-0.02369347	0.10104578	0.15842811	0.12661124	0.00941776	0.12511643	0.20056780	0.12397248	0.21178416	0.05295837	0.13415086	0.06528679	0.03354416	0.05132172	0.18593473	0.16887393	0.09118413	0.17626764	0.17038317	0.13255507	0.08074067	0.09048447	0.03178226	0.15389850	0.08006224	0.21668006	0.16767588	0.16367636	0.25397102	0.25564438	0.17879322	0.22089330	0.00219169	0.12551606	0.09084950	0.00748501	0.21840060	0.05881481	0.11487975	0.19641146	0.01246179	0.09450462	0.08496773	-0.01337729	0.21221671	0.25367758	0.06795706	0.21586932	0.06908338	0.10646867	0.00258953	-0.02930688	0.13753095	0.09970770	0.10008708	0.10019118	0.04028111	0.05825650	0.10788791	0.05076663	0.22122077	0.21984925	0.12009659	0.21932639	0.20324174	0.12293985	0.15180734	0.12630132	0.05206091	0.24233776	0.14288186	0.05487487	0.24315002	0.07907326	0.17928609	0.13755161	0.23995012	0.22990163	0.08151834	-0.00397327	0.27110815	0.19032420	0.17684673	0.04159642	0.05929323	0.17729026	0.03861164	0.06849504	0.28917530	0.20344018	0.21849788	0.16142711	0.26197177	0.16867202	0.14676053	0.19610457
17Networks_LH_VisPeri_StriCal_2	0.22628832	0.25569532	0.04951590	0.14921382	0.20667368	0.22303019	0.25363661	0.28184432	0.27114593	0.46198239	0.33149014	0.28752855	0.31511791	0.27432475	0.28784299	0.22308976	0.27738459	0.35677989	0.86490334	0.41904135	0.45626335	0.47564766	0.23519098	0.28274810	0.11729622	0.14489339	0.18973095	0.15751510	0.13606358	0.10300890	0.05562520	0.08203037	0.16752835	0.11109689	0.04876070	0.08802938	0.03331873	0.04214974	0.01312458	0.08488977	0.07824123	0.05288367	0.01474535	0.02520636	0.18685027	0.23624138	0.11554866	0.05308217	-0.02004620	0.10435676	0.11900719	0.11029252	0.12714753	0.08340035	0.04549221	0.16301148	0.07037950	0.17296639	0.14045694	0.11061430	0.10121155	0.13307093	0.16984570	0.13236392	0.14163075	0.12343687	0.15215854	0.16274344	0.06480719	0.09511286	0.16151392	0.17623206	0.09686631	0.13537482	0.09685357	0.16018359	0.08614755	0.10254442	0.10835275	0.09139707	0.08571232	0.21308111	0.13605997	0.08236968	0.17286729	0.11649651	0.14355988	0.08238465	0.01590852	0.06567682	0.13313400	0.14920404	0.07957024	0.15015611	0.09599726	0.07216563	0.16983145	0.15777147	0.20623964	0.04578941	0.15019739	0.16671246	0.07991379	0.22781018	0.15311352	0.00786327	-0.02839261	0.11991196	0.04683379	0.03912730	-0.02988420	0.02113247	0.17675847	0.05368012	0.02511186	0.08283039	0.11356788	0.02211886	-0.01938691	-0.03539147	0.30563163	0.02424213	0.11024757	0.20731997	0.03854453	0.04603800	0.11210113	0.00205952	0.03055283	0.07388681	0.12184855	0.06722936	0.09290743	0.05551554	-0.03147147	0.15736502	0.12941292	0.01949354	0.08677218	0.01658645	0.11574343	0.13248413	0.18933418	0.19910014	0.18499109	0.14201454	0.11505240	0.08490525	0.15014290	0.11081185	0.12367510	0.11435198	0.09818313	0.15288418	0.14045442	0.06206302	0.10351345	0.10209333	0.19980677	0.22054447	0.09051709	0.08941705	0.11460965	0.09048626	0.10382832	0.16859453	0.08254263	0.10324925	0.11191742	0.07571197	0.13924954	0.13199073	0.12717856	0.23477186	0.18583845	0.11935801	0.21104486	0.11805800	0.02812783	0.20682838	0.16466819	0.14649404	0.07654977	0.05265780	0.11796364	0.12045850	0.09938249	0.10377601	0.22363126	0.15737419	0.26326346	-0.05013675	0.04878347	0.05560156	0.08975397	0.14232356	0.27116046	0.14324451	0.12121100	0.09864370	0.07884508	0.04289513	0.31091628	0.01419409	0.09257403	0.06792909	0.16266038	0.25280918	0.24936539	0.30675370	0.32991492	0.29335008	0.17205373	0.03474999	0.12949210	0.34622269	0.11994335	0.32165556	0.34213905	0.35724782	0.44901483	0.32688056	0.36520396	0.19038384	0.17932917	0.16731846	0.06713179	0.16039452	0.16305123	0.01796597	-0.00017453	0.06009467	0.17338839	0.09418541	0.08637312	0.03293489	0.03224452	0.09866089	-0.00769505	0.10793044	0.08067777	-0.03123154	-0.02572737	-0.00876474	0.15235343	0.17597173	0.12045777	0.10464872	0.07498375	-0.01041890	0.02530010	0.13716161	0.07764003	0.01141223	0.07869608	0.05922499	0.06405030	0.09252773	0.06105374	0.01970916	0.09228394	0.18032572	0.11665774	0.25307094	0.20718732	0.16356328	0.18437809	0.20437797	0.16179630	0.08344206	0.12588052	0.07482773	0.14239140	0.07340172	0.08506441	0.13853138	0.07398636	0.09314921	0.15985334	0.05388664	0.04354488	0.12373516	0.01842524	0.05284239	0.03565638	-0.06157516	-0.02443652	0.10885402	0.00922586	0.04576804	0.15167457	0.12900431	0.11965438	0.12948109	0.07013307	0.19341198	0.11937876	0.12862438	0.08827546	0.18691411	0.02707771	0.08826519	0.10310200	0.07799334	0.06277701	0.01169272	0.12259457	0.08984789	0.15840335	0.09050690	0.18234193	0.22354550	-0.03463537	0.00465084	0.04067803	-0.02309691	-0.04749581	0.09828972	0.05183140	0.06073393	0.15072787	0.14591046	0.13050880	0.08877705	0.14581426	0.09860149	0.14046804	0.11143666	0.10002585	0.19605064	0.08435562	0.08462354	0.00988727	0.09850947	0.01685771	0.00018045	-0.02989344	0.05962576	0.12286164	0.03621420	0.09425664	0.09001638	0.18847776	0.12931595	0.06535026	-0.03563157	-0.08391147	-0.01856275	0.11027723	0.16256006	0.19704554	0.22223546	0.14086298	0.23746400	0.17996538	0.02482388	0.09042508	0.09507902	0.18936926	0.12525901	0.06523837	0.08859337	0.13317950	0.09675025	0.06130911	0.06056283	0.08424411	-0.01242201	0.06622720	0.04473799	0.10494827	0.13697640	0.06082250	0.03192991	0.03404406	0.13415659	0.20999340	0.04690473	0.21723300	0.12149817	0.02248801	-0.03816047	0.09598020	0.15516730	0.17273009	0.16561257	0.26888045	0.20490451	0.05087465	0.19853510	-0.03835776	0.02248447	0.06491739	0.13048494	0.06019859	0.09410966	0.17564763	0.13460294	0.13055535	0.05763821	0.02443848	0.15090309	0.09346498	-0.02300566	0.22082293	0.04588726	0.07289846	0.20030232	0.03244970	0.03481578	0.05563840	-0.04208533	0.17253258	0.17699103	0.03286366	0.11470120	0.04566768	0.09273085	0.08245655	-0.03112207	0.12265206	0.20057865	0.08702023	-0.01244127	-0.01398233	0.08030827	0.09802808	0.08110764	0.17769446	0.13219315	0.03247395	0.05994939	0.13606441	0.11132474	0.02103548	0.03164910	0.03184558	0.08413616	0.05574233	0.01375156	0.16650997	0.05676019	0.19985361	0.18551774	0.16326617	0.17358610	0.10387954	-0.00648895	0.07933926	0.09780603	0.16751663	0.02748114	0.15708029	0.11520840	-0.09531361	0.01350526	0.28336832	0.21753311	0.17518329	0.14633472	0.13755035	0.19197167	0.19779268	0.17452697
17Networks_LH_VisPeri_ExStrSup_1	0.18148871	0.26837611	-0.06300959	0.05945205	0.25669461	0.39624928	0.25111799	0.41881986	0.42256132	0.33768748	0.40164059	0.28747039	0.43065508	0.40249555	0.23524058	0.34793335	0.20637201	0.39257755	0.41904135	0.99821253	0.30255450	0.54131872	0.27163993	0.19482246	0.26149893	0.25926878	0.28602455	0.23970227	0.30209766	0.24786413	0.21396566	0.28930633	0.30254866	0.27199073	0.16149272	0.28450198	0.23016068	0.02614780	0.06000861	0.29670506	0.26812906	0.12064479	0.05589383	0.14877184	0.31149316	0.14779930	0.40515845	0.15923128	-0.00597935	0.29305330	0.33043644	0.34549090	0.29463601	0.23160942	0.16621021	0.09601468	0.07506325	0.29070710	0.22445830	0.00096148	0.34620156	-0.06960796	0.27041597	0.05228826	-0.00759662	0.11844198	0.09098808	0.01812384	0.05312975	0.00492260	0.16427514	0.14413799	0.09636806	0.16495653	-0.06874426	0.13149317	0.12612080	0.22292297	0.10455148	0.10926084	0.13066105	0.20973640	-0.03326338	0.15134624	0.24107114	0.25031405	0.21782867	0.09522999	0.42387672	0.29479112	0.37646740	0.34038679	0.31275712	0.35145800	0.15940003	0.13440608	0.10535054	0.23229342	0.28428839	0.15358433	0.15142339	0.20802314	-0.06765308	0.36375574	0.45069154	0.15887402	-0.08898645	0.11529287	-0.00597172	0.13037929	-0.02178035	0.04877583	0.03295594	0.06727324	0.10341111	0.13456261	0.10487212	0.08661104	0.13385578	0.15524883	0.32685809	-0.06336019	0.04301913	0.09195945	-0.02064735	0.03782960	-0.03948103	0.12326465	0.09018640	0.19681796	0.03699653	0.04935646	0.20754092	-0.15107247	0.04657562	-0.03987396	0.04278384	-0.03155914	-0.15491119	-0.00476290	-0.05232850	0.00504571	0.11646332	0.09927018	0.20071717	-0.03603532	0.01947523	0.08820109	-0.00533741	-0.07756676	-0.12113773	-0.01368842	-0.07664375	-0.09385744	-0.07984402	-0.08571895	0.01075655	-0.01380135	-0.08750943	0.03574717	0.00665628	0.00680714	0.13152605	0.18101415	-0.13755159	0.17013894	0.16801902	0.11528582	0.00563176	0.09463384	0.08180000	0.17079880	-0.03923346	0.04581587	0.09744356	0.03018565	0.15690173	0.08948055	-0.12325341	0.14384572	0.00279531	-0.07249078	0.21282923	0.10050248	0.10353846	0.20053135	0.23094776	-0.09477394	0.33662003	0.02332579	0.18950098	0.03439415	0.21808004	0.34654031	0.35584525	0.16645625	0.30094808	0.31767931	0.13122988	0.21186902	0.07242315	-0.10822282	0.16945115	-0.04114820	0.11203533	-0.15714850	0.20335931	0.32858232	0.27415077	0.25409084	0.23890304	0.27524970	0.33563273	0.26005747	0.24395562	0.18083541	0.25284897	0.05663972	0.40472261	0.40353012	0.33471145	0.24755856	0.31510157	0.25454053	0.22173398	0.41028107	0.01182314	0.39581756	0.13383887	0.23312161	0.20141208	0.18414460	0.17732235	0.22110859	0.30622916	0.24497095	0.20861606	0.18151841	0.12686035	0.21519758	0.17774726	0.04305661	0.01808243	0.17223909	0.37268244	0.42082570	0.19446685	0.26144951	0.25967093	-0.03323907	0.13769728	0.34536719	0.33698142	0.19243689	0.26598288	0.16480673	0.09787376	0.25826414	0.21475547	-0.09349148	-0.04971577	0.21113260	-0.01324159	0.06033911	0.20231490	0.14495164	0.23196971	0.18265034	0.24101308	0.14846657	0.30652734	0.18409703	0.13788709	0.23428689	0.15137396	0.13464029	0.11716649	0.26491755	0.15871804	0.19085360	0.22090521	0.12049243	0.11424865	0.17515706	0.27238190	0.18356728	0.21577286	0.27503712	0.20401087	0.29456914	0.41781322	0.46038125	0.20688954	0.36204272	0.35203482	0.33204732	0.30414405	0.14184906	0.19310903	0.24830744	0.15597762	0.18077442	0.13388557	0.19250405	0.13561803	0.01945233	0.21177941	0.09759262	0.19342813	0.39221639	0.30023370	0.33956263	-0.03210454	0.15621499	0.01561445	-0.02688716	0.16861298	-0.01626093	0.04667908	0.14687061	0.17354445	0.17500481	0.19600977	0.10613352	0.10922673	0.12809298	0.15549293	0.11284768	-0.01173172	0.13723682	0.22488026	0.11099332	0.21124156	0.13715220	0.01558937	-0.01268434	0.08782918	0.16524871	0.08810236	0.11113376	0.09264260	0.08288057	0.16319166	0.07007465	0.01691687	0.02388812	-0.06008607	0.05842013	0.11736229	0.13879536	0.17897565	0.21678154	-0.08608962	0.20075647	0.10253722	-0.11223477	0.08341604	0.03876195	0.08672999	0.00222242	-0.05402741	0.01194706	-0.05967401	-0.07340495	0.04542834	0.02833771	-0.05344491	-0.09409221	0.04923058	0.14967802	0.07887723	0.15932936	0.10166794	0.13143121	0.15504068	0.10601115	0.15611105	0.05715328	0.12969481	0.05437726	-0.06728277	0.18034323	0.19993405	0.28582925	-0.04331210	-0.05455365	0.23891683	0.07693132	0.19263659	0.20287387	0.03048696	0.12345587	0.06199369	0.28703039	0.20140725	0.20710878	0.32643409	0.35941011	0.10640854	0.14175432	0.23278673	0.23671453	0.15385412	0.22159940	0.15943737	0.15667540	0.14594938	0.18830077	0.14463637	0.02813948	0.24865632	0.02718554	0.40880899	0.38989281	0.01453037	0.16576513	0.15630170	0.22220741	0.15955332	0.17565568	0.12692525	0.22323389	0.14757183	0.03412723	0.01615492	0.13473433	0.17099048	0.12780406	0.47183074	0.31085520	0.11970930	0.10919165	0.18341651	0.17925936	0.17626581	0.16924524	0.08966674	0.20860510	0.20855965	0.06712973	0.16455376	-0.02435501	0.22610007	0.10939392	0.03566769	0.13497803	0.06402006	0.15383384	0.09377899	0.18275918	0.22918750	0.16331764	0.12204581	0.18834500	0.05228121	0.05515547	0.16024219	0.04854529	0.07888885	0.00212511	0.11308316	0.04789905	0.01901670	0.00501294
17Networks_LH_VisPeri_ExStrSup_2	0.19485711	0.19585141	0.09703281	0.06627595	0.17265435	0.05438451	0.17393828	0.11661581	0.19738244	0.46748776	0.44822667	0.37712218	0.08528804	0.20260021	0.20316270	0.15886233	0.22266251	0.39013078	0.45626335	0.30255450	0.91369404	0.47062564	0.35577597	0.46293252	0.07249620	0.19884394	0.16135437	0.14182295	0.11413585	0.12672901	0.07127387	0.09926979	0.16589773	0.17284039	0.11134817	0.06238888	0.12907472	0.12116022	0.13164707	0.04520584	0.15412720	0.07868356	0.00106280	0.10781380	0.11543895	0.25010645	0.09421109	0.05571656	0.01621615	0.09363951	0.06503657	0.06317772	0.16276040	0.17292591	0.09861653	0.23640847	0.10162801	0.22549467	0.21175897	0.04715493	0.04623063	0.02877858	0.01791430	0.14067264	0.21547031	0.16376993	0.09166008	0.02235261	0.00311769	0.05093309	0.13032186	0.28113143	0.10548518	0.12459549	0.06159345	0.09287099	0.01807909	0.16927985	0.28076537	0.25443468	0.10237899	0.21141908	0.06200248	0.06790830	0.11919006	0.13160355	0.20212533	0.09984155	-0.01454808	-0.02610111	0.02906680	0.03959439	0.05721548	0.12283087	0.07819342	0.11725763	0.30912642	0.10311099	0.12225427	-0.00444842	0.21690248	0.24388220	0.17516059	0.19817193	0.09286415	0.07375112	0.06793601	0.18668298	-0.10390360	-0.02766282	-0.12398518	-0.07592530	0.17228818	0.08918193	-0.06255196	-0.05647804	0.05840129	-0.04850633	-0.13479316	-0.06740572	0.24492819	0.04178115	0.11733638	0.15307337	0.01327220	-0.01282448	0.12763288	0.00076744	0.10374213	0.07742422	0.12923964	0.06935308	0.10586557	-0.03080066	-0.09251014	0.22237630	0.13954760	0.01385833	0.12730557	0.03956435	0.16109053	0.24554526	0.16664712	0.21337429	0.14755364	0.18044552	0.13415241	0.12906671	0.16627141	0.15367917	0.19001875	0.19682325	0.22517027	0.15078057	0.23863511	0.10471443	0.12741140	0.06109420	0.25213165	0.32604841	0.17127199	0.08785236	0.16263560	0.10903389	0.21665359	0.24240866	-0.03233903	0.14793356	0.07443247	0.04126814	0.10615435	0.08664413	0.10835876	0.24608398	0.16626345	0.17493018	0.25912491	0.13683023	0.11697423	0.22166379	0.23112879	0.19875417	0.02438425	0.03475923	0.06008525	0.08652295	0.06767649	0.19740447	0.13403484	0.10131132	0.24273678	-0.01010626	0.03537327	-0.05748507	0.04605272	0.03536447	0.13710667	0.03008646	0.14696988	0.01083711	0.05444084	-0.00464844	0.28220709	-0.08771756	0.08658286	0.16950881	0.07447358	0.16796498	0.21472652	0.19165120	0.40719319	0.35495437	0.01966089	-0.03383915	0.02466998	0.23059424	0.04731685	0.31178913	0.25896543	0.42116412	0.55205830	0.38662711	0.46698309	0.20578141	0.15256596	0.12492351	0.14610311	0.12215508	0.17302213	0.09494818	0.07004967	0.14467635	0.23085908	0.12934736	0.04657088	0.14406540	0.19918089	0.15088145	0.10051392	0.06690212	0.09218368	0.00071338	-0.05543986	0.03085878	0.08432032	0.10003747	0.08077152	-0.00487610	-0.01324132	0.02373941	0.02527401	0.09145710	0.03654791	0.01829207	0.06770998	0.05280632	0.05403993	0.04324303	0.07589025	-0.01319089	0.03465745	0.10395056	0.13267785	0.31969420	0.14472232	0.11437508	0.11609974	0.02483382	0.13345560	-0.02538089	0.09961183	0.12759983	0.06883464	0.05772187	0.09585673	0.09470107	0.06563478	0.03916059	0.24769842	0.07683562	0.01507195	0.07080445	-0.02625025	0.02030341	0.04904450	0.02774076	-0.05636911	0.07754420	-0.07019530	0.06735050	0.06696792	0.07077270	0.01764233	0.03344381	-0.07073171	0.11825333	0.07813412	0.13234824	0.11640729	0.20302472	-0.00947750	-0.04585639	0.10497086	0.08880344	-0.00921628	0.08717468	0.17385378	0.25971755	0.15170976	0.09088136	0.19323289	0.22389481	-0.04812695	-0.05681863	-0.06674069	-0.06577879	-0.12128470	0.12413245	-0.05922380	0.06621774	-0.03863801	0.03255348	0.02911324	0.05180382	0.08904863	0.01333858	0.12367322	0.08468444	0.22461867	0.13036745	0.04960270	0.08542663	0.00992276	0.14809100	0.02890540	0.00390341	-0.06834829	0.01862878	0.16493568	-0.01464614	0.06604566	0.13374795	0.21324496	0.12692494	0.18213634	-0.13490659	-0.05994419	-0.01390168	0.14276183	0.19920964	0.26730645	0.22547677	0.24720225	0.23216491	0.18804306	0.00627351	0.10652794	0.13295704	0.17822670	0.21283779	0.16682295	0.18138584	0.17713329	0.19141159	-0.04282476	-0.02245026	0.15877600	0.03662234	0.12161536	0.08337328	0.14677864	0.21025795	0.06299853	0.01859999	0.04875749	-0.02861446	0.13979335	0.04763476	0.20570523	0.17453566	-0.09900220	-0.08878808	0.02246467	0.03454578	0.26290516	0.24936792	0.18612172	0.21640883	0.11837276	0.11189726	-0.14230932	0.02128488	0.09343151	0.07789403	0.02523640	0.09461429	0.08979242	0.08763894	0.10422775	-0.00330349	-0.05109468	0.10332210	-0.03151928	-0.09597772	0.10272363	0.03128919	-0.05546591	0.04814231	-0.04090574	0.02721681	0.01895340	-0.05156932	0.09353282	0.13083060	-0.05527395	0.07695310	-0.05176324	0.09370511	-0.06071921	-0.18528434	0.00993446	-0.00484479	0.01144853	-0.07303300	-0.08117170	0.08956060	0.09262562	0.03831993	0.14033004	0.14122644	0.02089290	0.09833390	0.10705743	0.16919067	0.10662170	0.06276240	0.03647583	0.13312574	0.11379859	0.00537253	0.17911080	0.15093796	0.18642279	0.16638882	0.16687707	0.17516866	0.20659705	-0.01288840	0.18541026	0.14256848	0.08861424	0.03833997	0.20167269	0.11505054	-0.06001789	0.10173086	0.25702151	0.27002332	0.19767869	0.17570569	0.16375426	0.14628148	0.17965579	0.19764367
17Networks_LH_VisPeri_ExStrSup_3	0.22759130	0.24311784	0.05832779	0.11660336	0.24706319	0.33034728	0.18831815	0.40223287	0.39662835	0.47307336	0.41184619	0.38880683	0.28640782	0.35923379	0.26403712	0.36380330	0.23954924	0.38196356	0.47564766	0.54131872	0.47062564	1.01525682	0.35404340	0.32736354	0.28394857	0.21284596	0.25000418	0.16241089	0.30142957	0.26418776	0.20212180	0.20705620	0.28868520	0.23838205	0.09149155	0.19079559	0.13978269	0.08250684	0.11537402	0.24740758	0.19911111	0.14318078	0.05934997	0.10968896	0.25263068	0.21880977	0.31243378	0.21977890	-0.07161685	0.18010858	0.31751692	0.26635689	0.31765319	0.28642807	0.11317079	0.11175679	0.04501571	0.15755427	0.13578591	0.01740649	0.17472416	0.04693969	0.24034920	0.07672854	0.12598119	0.22599655	0.02606287	0.09324687	0.04359769	0.11145702	0.19712204	0.18644869	0.12157671	0.08193295	0.04162284	0.11910539	0.10849279	0.18708403	0.16575281	0.17914213	0.18081668	0.11565262	-0.03397668	0.06208685	0.13023279	0.23991091	0.22140770	0.11533804	0.23735252	0.16403460	0.30302870	0.27075460	0.29495069	0.30966977	0.18551971	0.24172165	0.25565792	0.28272441	0.26812194	0.10760077	0.23483160	0.30978378	0.06023861	0.32356936	0.34398898	0.11816660	-0.03383912	0.14347451	-0.02159568	0.01440930	-0.18180065	-0.03203754	0.11698442	0.04534092	-0.01739292	0.02518576	0.01814635	-0.03055268	-0.04552063	0.06573217	0.27678426	-0.08834713	0.10265948	0.06659197	0.01055926	0.02873343	0.05656280	0.04583382	0.08059065	0.14800512	-0.00950550	0.01558878	0.25552182	-0.01460141	-0.07240434	-0.00329787	0.01012202	-0.03302555	-0.09043843	-0.09251907	0.01638592	0.12535454	0.15175089	0.15376653	0.19207021	0.01198054	0.07012799	0.10158358	0.01453567	-0.08838742	-0.07637133	0.06530161	-0.10100105	-0.04587912	-0.04978779	-0.07076256	0.03747707	0.06987154	-0.01436706	0.05140336	0.03770303	-0.02768013	0.19730950	0.17155004	-0.02942277	0.26254752	-0.00869939	0.03564712	0.01961682	0.09016186	0.04144518	0.07417013	-0.01547222	0.07232034	0.16437903	0.09174600	0.23832761	0.09745350	-0.03306046	0.15884209	0.04501684	-0.06451605	0.10415117	0.06214103	0.04073156	0.08798459	0.10488460	-0.05117279	0.25313062	-0.03523973	0.14656754	0.01602122	0.07516767	0.13652876	0.22491011	0.16620456	0.18241146	0.20458915	0.19392306	0.19294962	0.13563279	-0.01023089	0.29615236	-0.03596322	0.05410874	-0.07860768	0.18158739	0.25173634	0.31002497	0.26516530	0.34908002	0.29189220	0.15188394	0.16134240	0.23818364	0.29854487	0.18088239	0.12859910	0.48143680	0.48177997	0.44385131	0.29709901	0.32779985	0.16938058	0.18048318	0.34742442	0.05264616	0.35392032	0.18274753	0.18837371	0.16452780	0.13746099	0.20283967	0.20864101	0.18425194	0.18831604	0.13619705	0.18179536	0.13075456	0.13330041	0.18131586	0.02748965	0.05666091	0.11244069	0.29148460	0.31502386	0.14983774	0.15751832	0.18534543	0.03379217	0.15691605	0.31731795	0.25657347	0.13454162	0.20667181	0.08591276	0.03210120	0.09006889	0.11354193	-0.04372807	0.00129909	0.17596268	0.07109970	0.20962402	0.26160571	0.19604836	0.16811560	0.26773797	0.18745851	0.16595061	0.23414540	0.09173028	0.11010488	0.08798535	0.13548406	0.09558214	0.11444630	0.15791523	0.23008150	0.11437030	0.19539428	0.15540477	0.08947908	0.17196187	0.23343144	0.15511047	0.02893759	0.23069980	0.05729843	0.17974003	0.28679386	0.31957496	0.10461234	0.27411063	0.20052211	0.29564448	0.20769956	0.16341675	0.23335217	0.27759187	0.10703026	0.21198251	0.16262288	0.20265671	0.12790309	0.04498138	0.24449675	0.18902614	0.22691377	0.38249011	0.30996322	0.38291362	-0.05409854	0.01470995	-0.12442343	-0.08915578	-0.02606541	-0.00457354	-0.05342360	0.09055100	0.03588905	0.09444515	0.11719885	0.09772585	0.13726174	0.07751074	0.16317879	0.10720822	-0.02792736	0.11560397	0.19072187	0.04987967	0.13455352	0.14054439	0.11868305	-0.04693365	-0.04326527	0.12802950	0.08810005	0.14127081	0.15591442	0.09508675	0.14367020	0.05640001	0.02553124	-0.12171205	-0.11756719	0.04876035	0.15813004	0.25591921	0.18002457	0.28222722	-0.09472306	0.20202879	0.17979802	-0.06125936	0.03318697	0.01936644	0.07052430	0.04187068	-0.00395383	-0.06500271	-0.00527379	-0.10527988	-0.02668665	0.06574484	-0.05120046	-0.16170323	0.13480119	0.11564313	0.19654585	0.20786415	0.19787851	0.01850044	0.12040728	0.01889845	0.24372488	0.01870603	0.22483343	0.09549589	-0.00038980	0.04106010	0.18517623	0.22322364	0.00154972	-0.02700771	0.18561163	0.06344130	0.10776759	0.13529304	-0.14121040	-0.02000943	0.00334675	0.19420405	0.07934382	0.21925423	0.30706100	0.34443569	0.08397116	0.14559413	0.05509853	0.14696535	0.00835931	0.05067565	0.25523824	0.07476488	0.01184356	0.26251593	0.05085080	0.01097765	0.02997985	-0.03399872	0.25528263	0.27269313	-0.00290681	0.10244806	-0.03361564	0.11069034	0.11360656	0.05257831	0.11524374	0.08284730	0.01469831	0.05969684	-0.01041413	0.07714402	0.16763564	0.03348139	0.30449466	0.19934944	0.09697811	0.06417114	0.04073751	0.13271132	0.01274278	0.10339081	0.09681019	0.10028321	0.18007407	0.05151490	0.08363122	-0.02274053	0.13740107	0.06770473	0.08080070	0.03982566	0.01213085	-0.05023113	0.04993659	0.08947015	0.10909664	0.07814077	0.11748007	0.11597960	-0.02227909	0.07914256	0.14159988	0.09075011	0.09274160	0.03087049	0.05239030	0.07172513	0.09601853	0.03619708
17Networks_LH_VisPeri_ExStrSup_4	0.15137228	0.28325874	-0.02387236	0.04415597	0.10238078	0.20073319	0.28611843	0.38606331	0.52164057	0.28017009	0.62465760	0.48178787	-0.02456966	-0.09694729	0.15870194	-0.01522537	-0.06521541	0.32451689	0.23519098	0.27163993	0.35577597	0.35404340	1.01194975	0.14408069	0.28905989	0.32528918	0.27486031	0.17603393	0.37317905	0.17065715	0.29097512	0.30975857	0.33297264	0.37941778	0.37322020	0.32894247	0.32156945	0.23000684	0.37130926	0.36924691	0.46195759	0.15137497	0.36871909	-0.02625859	0.09442211	0.15458548	0.11001986	0.04267472	-0.04704051	0.00367870	0.12778487	0.21276212	0.22152067	0.23231720	0.25370540	0.16053065	0.18903419	0.28316568	0.28924950	0.14322424	0.12874097	0.07013674	0.14687387	0.09414217	0.36245202	0.18108687	0.20855435	0.10526116	0.28019645	0.30940678	0.42593403	0.54888789	0.08986670	0.23349876	0.18108002	0.16362808	0.20106590	0.43973467	0.34238185	0.38274860	0.16955140	0.26214441	0.18250408	0.19823197	0.31197411	0.11063281	0.07516996	0.10155760	-0.03652341	-0.08135153	0.18246239	0.14047528	0.17056958	0.25045424	0.16160892	0.25142565	0.37533832	0.24563045	0.25555021	0.25443175	0.24078390	0.36062445	0.24564267	0.13676520	0.14142804	0.01613835	-0.02083244	0.12264677	-0.15495545	-0.14899816	-0.18117615	-0.12857635	0.20166071	0.08868927	0.00905513	0.00614118	0.13008848	-0.00893890	-0.11084184	-0.12167541	0.20255250	-0.00431415	0.20784978	0.11172685	0.17670965	0.14830845	0.09953015	0.11132252	0.13421025	0.25950505	0.08838685	0.08259541	0.20977710	-0.06805879	0.05469060	0.11873723	0.17483369	0.16182008	0.03805288	0.07741568	0.11066689	0.21032667	0.15826469	-0.00964848	0.14419922	0.11027511	0.06361344	0.10696015	0.04761104	0.04468612	0.10950229	0.14366660	0.09164862	-0.06569628	-0.02060228	0.07698139	0.16473166	0.15771533	-0.00201250	0.14155316	0.04610569	0.03151295	0.20017311	0.14270028	0.10554462	0.10761326	-0.10802886	0.12949634	0.01627131	-0.04105418	0.15214349	0.08293693	0.10165077	0.07179234	0.19617438	0.22488748	0.30044629	0.04754137	0.02042531	0.11400863	0.12930641	0.18996297	0.00826653	-0.07651926	0.00625063	0.10632569	0.12610470	0.06352927	-0.03653575	-0.16216271	-0.07402822	-0.04439850	-0.01694385	-0.07712713	-0.02324862	0.01136079	0.11210251	0.17317004	0.13927869	0.15363921	0.20180684	0.06790573	0.28147190	-0.01052951	0.01949867	0.29865687	0.17793043	0.44415927	0.50626451	0.26755336	0.50428719	0.53534768	0.13264597	-0.09008942	0.04380040	0.02407020	-0.00645471	0.10073127	0.06394448	0.26547313	0.35492220	0.11912079	0.36445208	0.25831579	0.34594142	0.42978981	0.11880809	0.29988422	0.31474469	0.21699173	0.27417795	0.39687773	0.28820688	0.32693940	0.35556610	0.40360634	0.30365751	0.34626655	0.41933868	0.02371338	0.27397331	0.14859585	0.25777442	-0.05433339	0.05403603	0.11442824	0.05469360	-0.00803702	0.01463876	0.08680413	0.03829290	0.11203476	0.17137210	0.02769018	0.14777670	0.12807273	0.17750223	0.23219827	0.29706340	0.13675665	0.20655000	0.32129151	0.11015499	0.33803193	0.46202987	0.18576117	0.19139443	0.37506311	0.34446066	0.26524513	0.37984915	0.24406743	0.18820691	0.18758809	0.21506474	0.29999269	0.10282975	0.25120528	0.26701515	0.19345476	0.26028221	0.28364334	0.20123334	0.20376741	0.12303200	0.22151872	0.17551182	0.34338678	0.01495575	0.09333499	0.04895818	0.12767975	0.06909944	0.20665064	0.05773319	0.28545904	0.21410198	0.11346562	0.20520533	0.31079488	0.06799219	0.15081308	0.05497001	0.18515796	-0.01863346	0.08135763	0.32686406	0.28720313	0.08670349	0.22656393	0.20477361	0.31150821	-0.11317626	-0.17051903	-0.16920461	-0.21167984	-0.12466526	0.09472753	-0.06495739	0.14205791	-0.14455940	-0.00245304	0.06352016	-0.07908791	0.23437967	0.15815139	0.19056071	0.26043513	0.00300938	0.04956761	0.26234468	0.15152816	0.20166534	0.32537847	0.12888350	0.06826891	-0.02810669	0.13850914	0.14077126	0.17396939	0.11861608	0.14869339	0.22038148	0.19093437	0.13542378	-0.14171729	-0.21667983	0.00614852	0.12830972	0.23115174	0.08145202	0.18012172	-0.01953597	0.24584871	0.15552879	-0.03462166	0.09196201	0.14955629	0.11283379	0.11315532	0.06368032	0.02229273	0.04003963	-0.04145307	0.07104042	0.15579771	0.06169387	-0.09695750	0.05630279	0.02359015	0.11472347	0.10198024	0.04466572	0.15608765	0.16624345	-0.09603576	0.22821535	0.26058106	0.19194189	0.14345978	0.05148744	-0.11262656	0.05001912	0.12142212	0.05791137	0.14567132	-0.06656160	-0.04272586	0.20476213	0.09058449	-0.29809316	0.06610055	0.02411965	0.10058801	0.14852313	0.19006149	0.16491960	0.21373900	0.13986847	0.21479682	-0.02416857	-0.00848918	-0.01136056	-0.06434863	0.15835803	-0.01213305	0.17118684	0.08672968	-0.05755716	-0.18192952	0.12202953	-0.13526595	0.17489840	0.16073882	-0.02137720	0.14555636	-0.08524129	0.08991831	-0.10406217	-0.08389405	0.05132093	0.07383933	0.16312092	0.08390819	-0.19792900	-0.07144785	0.23365548	-0.03986720	0.20050381	0.21597012	0.06398470	0.17131178	0.14531052	0.25581451	0.22637354	0.11197105	0.05925272	0.32787257	0.27184526	0.00778784	0.13496604	0.21356523	0.16034080	0.10362691	0.06529642	0.12979894	-0.02520920	0.07611934	0.24933142	0.20229821	0.12645882	0.07410927	0.31859172	0.23674975	0.16246946	0.28302337	0.22912624	0.27351504	0.18775561	0.18855271	0.14729274	0.13988254	0.13132118	0.21606422
17Networks_LH_VisPeri_ExStrSup_5	0.25240243	0.12187110	0.23196923	0.24272923	0.16856610	0.10030395	0.17613776	0.11584769	0.07793593	0.32540872	0.20563494	0.11956332	0.17745941	0.37620972	0.22883155	0.27170937	0.20548261	0.29703865	0.28274810	0.19482246	0.46293252	0.32736354	0.14408069	1.05328480	0.17482870	0.16354491	0.16841023	0.10880725	0.18012808	0.25367881	0.18093574	0.12393409	0.16472818	0.15789912	0.01720228	0.11089871	-0.00715098	0.10557003	0.21506067	0.08874826	0.18349584	0.16473474	0.02774705	0.06017989	0.22450477	0.19232615	0.04892979	0.27742433	-0.03583150	0.25980841	0.08288143	0.13067770	0.39724581	0.34096842	-0.01016396	0.08220909	0.09650333	0.07276968	0.27480303	0.05975766	0.16815333	0.12623087	0.08860123	0.08259721	0.10853156	0.12056421	0.04636730	0.10075758	0.05920098	0.09329247	0.11687134	0.16805488	0.21128697	0.22199096	0.22149068	0.23717477	0.12461645	0.07092429	0.23818328	0.07009445	0.04124666	0.36965184	0.08976469	0.12704838	0.27814734	0.36372787	0.43063989	0.27970509	0.11284416	0.08513404	0.00572442	-0.02197003	0.17451798	0.11758266	0.37042564	0.21655717	0.35843920	0.34079647	0.29524992	0.05932260	0.20466366	0.14685650	0.03665136	0.14929917	0.12792926	0.01381166	0.02087618	0.29713953	0.05480199	-0.02122050	-0.02983872	0.16860383	0.19519738	-0.04808907	-0.12401798	-0.02567344	-0.07751289	-0.03540345	-0.11296608	0.05143799	0.06988373	0.09183839	0.24720942	0.14415060	0.03551982	0.15148221	0.31672203	0.03987101	-0.02174488	0.08068283	0.23208152	0.19188265	0.13685458	0.14459802	-0.07699719	0.25956543	0.17593037	0.01887937	0.16526860	0.17073741	0.16407337	0.22051377	0.36864495	0.26055959	0.29526633	0.18468884	0.13701309	0.08616163	0.22715506	0.12673390	0.22272383	0.24638611	0.14204029	0.04657097	0.14737755	0.04976123	0.15633452	0.21597953	0.28284700	0.37828618	0.21119571	0.20534446	0.16568749	0.18142855	0.24830901	0.28848390	-0.01147544	0.07531317	0.14603723	0.06156452	0.09718361	0.11347529	0.08588423	0.30087378	0.18479028	0.06064698	0.19157999	0.04072660	0.11571332	0.30936842	0.05081722	0.26589266	0.16276662	-0.00668681	0.23207454	0.12626907	0.15283644	0.23634052	0.23491612	0.09918592	0.27698675	0.10759945	0.12018258	0.05411952	0.15610819	0.27651526	0.13548837	0.06499875	0.06067146	0.08370455	0.17975295	0.07949521	0.31919185	-0.04854599	0.07289087	0.09734617	0.08690896	0.21134169	0.10034615	0.18244691	0.22924984	0.13189547	0.10778174	0.06508101	0.05904758	0.32277016	0.07141747	0.10999053	0.33615215	0.38089397	0.30112320	0.42908773	0.35024649	0.27711223	0.19143829	0.20106607	0.21104368	0.20892922	0.31782396	0.08477994	0.06312491	0.18933239	0.21586225	0.11797040	0.11976344	0.16857355	0.01428955	0.21201362	0.14846425	0.07803181	0.11250875	0.02372781	0.10009047	0.12531513	0.12010164	0.10260194	0.01326426	-0.01891465	0.17071756	0.00979797	0.27421188	0.09992347	0.07726122	0.17431958	0.23535149	-0.05059624	0.03304805	-0.03960467	0.26033703	0.08249984	-0.01606826	0.14698558	0.03773173	0.30897581	0.13748776	0.10731116	0.20968224	-0.07573465	0.14189408	0.10218349	0.10715114	0.15930730	0.02976619	0.01196189	0.31782044	0.17882542	0.20509367	0.09863898	0.31907071	0.18901875	0.14616637	0.25960483	0.10894057	0.09452088	0.20309969	0.13200847	0.08269471	0.20785796	-0.03767215	0.01518372	0.11630331	0.02973981	0.02190930	0.12073765	0.03741984	0.28935661	0.18044703	0.26347053	0.16152901	0.24812580	0.06186951	0.16353469	0.24482810	0.21351133	0.07385964	0.06220907	0.16276029	0.17746730	0.06920177	0.07587184	0.17035908	0.29012293	0.10626539	-0.05291759	0.07664028	0.01696294	0.01434103	0.07027009	-0.10003356	0.06585066	-0.02464978	0.04987077	-0.02931463	0.04380646	0.02466043	0.12297405	0.09974921	0.12798989	0.16894469	0.18371925	0.02919697	0.20384381	0.10642500	0.18427914	0.06050789	0.06686431	0.05347859	0.03016518	0.22115225	0.19868559	0.11679719	0.05187301	0.11253000	0.14511077	0.06630518	-0.12279104	0.10130879	0.08965746	0.24589844	0.34187851	0.37590120	0.35016539	0.24501339	0.27291233	0.21780929	0.07307301	0.05541195	0.14937689	0.13673511	0.18657344	0.08744414	0.02648012	-0.02929139	0.14631025	-0.10129688	0.08316160	0.15197262	0.12460910	0.02291846	0.10061853	0.23236819	0.18843029	0.03505652	0.14393313	0.01139721	0.04079200	0.21201044	-0.11448354	0.33311872	0.04169642	0.04402613	-0.06664910	0.17462795	0.11629917	0.19431928	0.24335207	0.30446969	0.20930502	-0.03950967	0.13255442	-0.01207745	0.04307513	0.12859847	0.29932379	0.04394421	0.00947003	0.18127261	0.17668553	0.17173558	0.10234688	-0.03959557	0.00938628	-0.00057565	-0.03111102	0.17114313	-0.03502394	-0.01390986	0.00571430	-0.06370514	0.02528847	0.08677540	-0.03215773	0.07691664	0.13037149	0.02904987	0.22026629	-0.03540446	0.00444870	-0.05305977	0.00333548	0.15243956	-0.07184462	-0.06927546	-0.03361171	-0.05242537	0.01588365	-0.01544974	0.06212373	0.09649654	0.07370694	0.11469826	0.17536367	0.05102777	0.15961868	0.07866492	0.04759000	-0.06071102	0.10375030	0.03500889	-0.05328599	0.18900040	0.03213706	0.11851605	0.16846644	0.19076881	0.05475102	0.15051770	-0.19781710	0.19813274	0.11299664	0.09845018	0.08477583	0.04595257	0.07634761	-0.10993610	0.04798972	0.35145863	0.25121504	0.23960399	0.18463109	0.20586836	0.15841309	0.20096523	0.07245295
17Networks_LH_SomMotA_1	0.10830569	0.23771727	0.03375608	0.16668619	0.15690489	0.30372761	0.26493028	0.37011361	0.47468440	0.24175957	0.32729026	0.23101625	0.24697118	0.14360613	0.17370256	0.22739584	0.04857856	0.31493192	0.11729622	0.26149893	0.07249620	0.28394857	0.28905989	0.17482870	1.09963639	0.42530465	0.44276800	0.27116384	0.70628689	0.42087659	0.49386803	0.58605869	0.55712713	0.59061948	0.25768822	0.47926039	0.44015751	0.08365017	0.30975789	0.51157645	0.54327324	0.30150739	0.34819725	0.26909258	0.33271986	0.25294859	0.44289868	0.47946543	0.17033865	0.21735449	0.38767805	0.43917223	0.49082942	0.38241825	0.24668605	0.04553060	0.22791131	0.27482587	0.31501868	0.15297122	0.19629092	0.10769996	0.25702138	-0.01884557	-0.07526419	0.04370723	-0.03595026	0.05226649	0.22646876	0.13375627	0.17070965	0.27951022	0.22013895	0.41141309	0.17969343	0.43516467	0.39369084	0.40901288	0.09548526	0.37446168	0.15728060	0.37731159	0.18801477	0.27415951	0.40253999	0.38734650	0.24651021	0.26064765	0.29060158	0.26134859	0.38089059	0.47074228	0.53693827	0.36009452	0.50555412	0.38943260	0.13929498	0.60541884	0.44144316	0.34981179	0.23807140	0.21379271	-0.03556736	0.18974362	0.36977035	0.02795713	-0.00079032	0.28133355	0.12872722	0.08443543	0.00421791	0.09856710	0.34874084	0.16142037	0.12579392	0.12585122	0.21273666	0.08145904	-0.03715926	0.07451769	0.05460957	-0.10526498	0.07754158	0.06161214	0.04498613	0.08821139	0.02099578	0.05195549	0.02740898	0.14961546	0.08252694	0.16643373	0.32501844	0.00575840	0.05094101	0.15269565	0.09375265	-0.03197679	-0.08291800	0.03657828	0.02068529	0.05980750	0.39233009	0.17369315	0.15568806	-0.13158620	0.18260249	0.20841448	0.15726689	0.07068860	-0.06234527	0.02590187	-0.08578704	-0.03363362	-0.03170284	-0.00269615	0.15438062	0.23825937	-0.05187341	0.07368486	0.13262785	0.15939038	0.27893433	0.24446766	0.01763628	0.30247872	0.09438750	0.31934304	0.26431180	0.13911549	0.21219972	0.33049617	0.01656947	0.09584958	0.23419144	0.05824642	0.18515962	0.02987351	-0.04761900	0.17539333	0.00246170	0.15119795	0.30050656	0.10898460	0.26435016	0.19089809	0.17538313	-0.06673475	0.13473279	0.02447499	0.01978673	0.08798420	0.00720921	0.13580978	0.20901494	0.23905759	0.35315539	0.26032173	0.00451819	0.31453967	0.21964273	0.06723955	0.29516687	0.02606238	-0.03531622	0.07483854	0.25492030	0.52274445	0.35730203	0.45212178	0.29001348	0.35322753	0.30044074	0.18105766	0.15734175	0.27083053	0.16195903	0.03430640	0.30678706	0.35374803	0.16825312	0.27151099	0.31120084	0.30254383	0.35860815	0.69274603	0.24099647	0.69844468	0.45712445	0.47673630	0.37286975	0.40174519	0.38604785	0.36245106	0.44018017	0.34191980	0.28175550	0.44539769	0.35903770	0.18323089	0.25511178	0.20417484	0.26162734	0.14754430	0.39595665	0.37349656	0.35943358	0.24594974	0.34178190	0.24659141	0.36676481	0.39310887	0.55587549	0.27158141	0.38917399	0.31302643	0.23680194	0.31656024	0.24848188	-0.01793224	0.08595764	0.38701881	0.00378369	0.03726675	0.26631031	0.13885161	0.23487048	0.31941265	0.23898822	0.31741566	0.45707535	0.28887175	0.06052720	0.31239470	0.40537714	0.28802328	0.38084854	0.48945889	0.17953825	0.41020467	0.39653514	0.34821884	0.27694019	0.25783426	0.51096326	0.53892449	0.34355726	0.48514435	0.22308846	0.17814886	0.35551084	0.47476515	0.37262433	0.58375465	0.29998472	0.67222367	0.44844013	0.32443869	0.40931554	0.37680132	0.17878930	0.52186808	0.10292938	0.39243920	0.07415789	-0.05228510	0.23558550	0.17019388	0.15272412	0.43740860	0.37088281	0.47890451	0.07544034	-0.03377813	0.08990314	-0.09939243	0.09670757	0.02962363	0.01553601	0.27888181	0.08038015	0.18220739	0.09783480	0.03380515	0.08983386	0.24556601	0.10502589	0.16237272	-0.13647327	0.10336677	0.30130090	0.12518947	0.20774832	0.29039489	0.24928733	0.17707677	0.01319814	0.16899373	0.18397820	0.29038350	0.19523179	0.00137470	0.16986466	0.21447757	-0.07551822	-0.05266637	-0.11816952	0.13894002	0.16506626	0.39796997	0.19784853	0.35818744	-0.14378217	0.22627151	0.03923610	0.06935756	0.26833013	0.21568040	0.06692413	0.11891596	0.03346182	-0.01024071	-0.05720717	-0.07045524	0.16397916	0.30039019	0.12503581	0.04275697	0.15401294	0.20331005	0.21924340	0.13520401	0.31534387	0.20370744	0.27396406	0.12201717	0.23510907	0.09447010	0.25034858	0.02259567	0.12986604	0.11233484	0.31932933	0.28989915	-0.04590367	-0.02196949	0.14209612	0.04980276	0.02980390	0.12196527	-0.02226265	0.20399313	0.05713507	0.42512941	0.34694994	0.27134841	0.43340298	0.49714419	0.19858979	0.37247887	0.07415541	0.17200960	0.12552532	0.05139351	0.21731508	0.07904867	0.24767267	0.36329066	0.06779995	-0.04483860	0.13275852	0.08491144	0.31229732	0.47809458	0.10751568	0.19268166	0.10950464	0.16958398	0.06239514	0.05638737	0.17077423	0.09457062	0.29985449	0.30786034	-0.01130946	-0.04190334	0.17173621	0.00116414	0.36243405	0.40788930	0.15639949	0.28508199	0.18556734	0.17688031	0.19735758	0.06522361	0.13410929	0.28228016	0.20699357	0.04935355	0.15769730	0.02873831	0.17712550	0.11988580	0.11303478	0.12023893	-0.05407407	0.02853580	0.15417875	0.21895799	0.29899571	0.04641203	0.08954569	0.23741564	0.12436638	0.13124056	0.13507219	0.07434631	0.21755145	0.03930646	0.16272324	0.18804662	0.18708184	0.15187263
17Networks_LH_SomMotA_2	0.22034191	0.29620260	0.14521300	0.23489892	0.13590959	0.25989373	0.28563464	0.26029031	0.35958670	0.12113264	0.35386754	0.24908370	0.18827511	0.11789411	0.19225924	0.25783980	0.11039555	0.29128279	0.14489339	0.25926878	0.19884394	0.21284596	0.32528918	0.16354491	0.42530465	0.97077814	0.52881728	0.26923651	0.54422243	0.31709539	0.37272832	0.53865812	0.51458454	0.43599526	0.31769773	0.47761736	0.33728796	0.29051181	0.26195780	0.43749698	0.55138381	0.21663190	0.29091503	0.25309260	0.24438602	0.12567088	0.28785349	0.34502004	0.12974608	0.14950882	0.34564895	0.56475983	0.34781580	0.30813806	0.52079971	0.24322978	0.46940506	0.42247417	0.54387757	0.13242773	0.21744894	0.10471459	0.22912667	0.06253318	-0.05180671	0.14215996	0.09775933	0.04904721	0.10575873	0.10400293	0.23730474	0.30605590	0.18072193	0.41126478	0.08952813	0.27982592	0.19516718	0.29113725	0.08040118	0.25094020	0.23638250	0.31740652	0.30086781	0.24884370	0.29014113	0.17158216	0.10059813	0.13971592	0.10727153	0.07657840	0.20823925	0.33589049	0.40077060	0.18658729	0.25640709	0.22466211	0.20261264	0.37273048	0.36641471	0.36819809	0.20874611	0.17382683	-0.01796830	0.19356906	0.20312517	-0.03333696	-0.01981414	0.21345920	0.13121738	-0.05438558	-0.02905064	0.23283580	0.30625878	0.21327628	0.11126254	0.12671259	0.17080061	0.07626734	0.00393920	-0.10572758	0.16551496	-0.03469760	0.00020163	0.11496442	-0.00236320	0.10337871	0.03284092	-0.06451782	0.01368303	0.06381221	0.09757029	0.07358292	0.13398569	-0.00844900	-0.04322890	0.12840804	0.06720253	-0.02358881	0.06617199	0.03760311	0.14222614	0.08215510	0.34417164	0.14234810	0.10607957	0.01344648	0.16917843	0.15247068	0.12050883	0.17845011	0.10869566	0.01254492	0.07546694	0.16805831	0.15804188	0.09896635	0.10213446	0.26720088	0.00167947	0.15585588	0.26759235	0.28758887	0.30339742	0.27317365	0.22121149	0.23935211	0.08512626	0.29486145	0.28436517	0.14114036	0.08304076	0.24858507	0.06407154	0.13574741	0.32470791	0.16741108	0.13708987	-0.01812461	-0.02320480	0.13429022	0.08879196	0.18300005	0.18404050	-0.02299476	0.15276652	0.05374745	0.04770632	0.01692220	0.06441444	0.16508219	0.13685243	0.11360174	0.09705514	0.02972582	0.09170944	0.09087321	0.08287803	0.11088212	0.02025037	0.12978224	0.20210060	-0.00410426	0.31361575	0.02257460	-0.00557296	0.16108957	0.25845288	0.42923386	0.25421349	0.24964942	0.31673179	0.30603374	0.23040171	0.14017498	0.14979681	0.21741603	0.16140470	0.12140665	0.21906583	0.31937068	0.24335344	0.16767630	0.28167332	0.37004032	0.57255788	0.67466680	0.31210905	0.53119509	0.48425967	0.32201805	0.40533426	0.30252482	0.42286458	0.30632287	0.38040788	0.38169419	0.32213691	0.52901850	0.35506439	0.19641952	0.27112179	0.16823638	0.18609338	0.08898272	0.21241944	0.28626633	0.27545259	0.07800198	0.20765047	0.21557780	0.17843809	0.33703129	0.53968462	0.04200177	0.22339709	0.39668346	0.49462543	0.56455110	0.19267570	0.06423423	0.18714455	0.21117441	-0.00811061	0.14176401	0.19033258	0.07987833	0.19494690	0.29247447	0.26138845	0.20352231	0.38004074	0.19014360	0.08264449	0.33460402	0.23470752	0.33035659	0.22086500	0.26815852	0.16555162	0.23020145	0.22101767	0.32829959	0.22754748	0.10866384	0.23058751	0.25524093	0.08958366	0.31616203	0.06423904	0.03215089	0.13586960	0.29697214	0.23077009	0.40488929	0.07369732	0.43567128	0.32964360	0.19689983	0.37753376	0.22526096	0.11406225	0.30628501	0.00191213	0.08636030	0.00529399	-0.06110280	0.12349135	0.18469398	0.09000325	0.18624231	0.30439749	0.31390512	0.18109805	0.08229269	0.08183859	-0.04329222	0.18153679	0.03648536	0.09390579	0.30849875	0.09384421	0.24204891	0.18553414	0.07617518	0.18183770	0.18444284	0.13306747	0.19260422	0.15164485	0.13024243	0.17505940	0.13290085	0.19866739	0.24402100	0.13881821	0.13995017	-0.00846796	0.00854441	0.05750053	0.04643990	0.08695501	0.05629511	0.18347513	0.25377795	0.07097814	-0.16037098	-0.05136568	0.02470140	0.18705437	0.22554776	0.21499465	0.19251085	0.09667132	0.19893550	0.09866243	0.14416408	0.23396857	0.29765361	0.10355928	0.14072915	0.05800620	0.12752033	0.17121403	0.15233998	0.16803113	0.23501286	0.23037119	0.11611650	0.05044924	0.21400780	0.31798816	0.06131581	0.12764093	0.16470326	0.09700000	0.13024735	0.24458598	0.24945477	0.27565154	0.08812276	0.05456868	0.14378062	0.11232465	0.12640751	0.19348510	0.16682940	0.10714201	0.19941159	0.03121267	0.17167740	-0.08033155	0.26069709	0.11655001	0.21289972	0.14895658	0.12284264	0.19896090	0.20298164	0.09558148	0.11094319	0.20875687	0.17534387	0.10701050	0.04870792	0.21313643	0.05751914	0.15541154	0.32119242	0.10277641	-0.03876077	0.26039751	0.00987501	0.25469222	0.41846996	0.02504224	0.14899969	0.18107089	0.22583260	0.06814492	0.01971223	0.23654734	0.12413087	0.20567298	0.18702721	0.04479685	-0.04151334	0.14654430	0.10421493	0.27975571	0.38196939	0.07542236	0.21760674	0.24776378	0.24672553	0.32477476	0.27616191	0.01699060	0.31517391	0.34037705	0.05621970	0.23423849	0.17156420	0.21165130	0.19705866	0.17987769	0.22339475	-0.04317643	0.13650098	0.27132962	0.35672124	0.29255611	0.22829767	0.17608189	0.32549844	0.25179353	0.16748505	0.19746604	0.31050171	0.30308151	0.24036361	0.33510373	0.25769619	0.23096799	0.27002173
17Networks_LH_SomMotA_3	0.09494642	0.20747213	0.03787571	0.20334670	0.07479975	0.20734618	0.18556882	0.35912067	0.32656607	0.20707153	0.34870685	0.30338273	0.26432754	0.09707817	0.14364723	0.16735799	0.10966539	0.24070837	0.18973095	0.28602455	0.16135437	0.25000418	0.27486031	0.16841023	0.44276800	0.52881728	1.05952618	0.58275976	0.66431694	0.45498374	0.35467259	0.46487993	0.74038280	0.60273288	0.37222405	0.54458386	0.29277864	0.04720610	0.19053941	0.49126653	0.43275790	0.16607393	0.24627435	0.12066509	0.19727988	0.12872806	0.39117789	0.26876205	0.14258810	0.22078999	0.35300481	0.49133891	0.37617711	0.32687032	0.40807811	0.32060662	0.36825427	0.47923763	0.42522677	0.00399136	0.14011123	-0.03060659	0.24121542	-0.02296913	-0.01518819	0.08052862	0.15002076	0.07880587	0.17725105	0.22091823	0.34522724	0.35611667	0.31772714	0.55707185	0.24892505	0.38715700	0.30692656	0.29670540	0.12366616	0.17648979	0.00428076	0.29243101	0.14363394	0.13268814	0.36981179	0.24521107	0.19501685	0.22009624	0.17183960	0.07108517	0.27485096	0.41395424	0.40864650	0.17722318	0.29022647	0.15104093	0.23585038	0.34175568	0.29320666	0.27533541	0.20476681	0.13080389	-0.16681742	0.25319893	0.20446384	-0.07274241	-0.12607824	0.07113731	0.06401339	-0.09929225	-0.09717854	0.14435591	0.07853818	0.05623126	0.01776608	0.05105011	0.11103780	0.00812430	-0.06948692	0.00940846	0.09835425	-0.13633838	0.07628872	0.07114465	0.04948547	0.17799465	0.15271529	-0.07124276	0.10035069	0.18118127	-0.05255433	-0.01131578	0.19666391	-0.11575825	-0.19290227	0.01182054	-0.03821359	-0.02255883	-0.00853380	-0.10244544	-0.11050663	-0.10018780	0.23900866	0.15370766	0.24961437	-0.07344834	0.12444366	0.15409844	-0.03491266	-0.11007238	-0.12961118	-0.08959696	-0.10922402	-0.04814780	-0.04651353	-0.13585643	-0.08617313	0.09549485	-0.13962750	-0.03685345	0.04588257	0.11926081	0.10702945	0.12779852	-0.15261117	0.09758658	-0.03417381	0.03735794	0.06924021	0.05295025	-0.04285271	0.12593610	-0.08211269	-0.00353894	0.08710633	-0.10936490	-0.04015372	0.13545383	-0.03686876	0.19302884	0.05949007	0.04266988	0.09701384	-0.02428560	0.05795007	-0.02898377	-0.00216519	-0.17153456	0.08653375	0.02813533	0.06280163	0.08823667	0.11853742	0.08517058	0.22571640	0.25979792	0.07232822	0.10118796	0.02975294	0.16233294	0.10461659	-0.04945425	0.23816639	-0.09594870	-0.05203112	0.02784138	0.06094377	0.36761024	0.23395122	0.25983310	0.23046481	0.30540546	0.23524894	0.14394701	0.04733984	0.23049577	0.08982465	0.17357761	0.31063684	0.40217134	0.21866232	0.24361673	0.27831030	0.42448078	0.54128036	0.65225440	0.26413494	0.52750524	0.43064931	0.46507834	0.30355759	0.32291432	0.35737695	0.31544587	0.44904015	0.39171413	0.25071221	0.35636603	0.29104484	0.27865798	0.15656784	0.16026812	0.19459932	-0.02928644	0.15665436	0.18271864	0.30428301	0.08280633	0.18829837	0.17882910	0.20704166	0.31558692	0.44722867	0.13210132	0.28155903	0.37069299	0.36572144	0.44037713	0.26173180	-0.02788376	-0.01858906	0.26737188	0.03841083	0.13960198	0.28158775	0.10755923	0.21957600	0.34342353	0.34606021	0.32598876	0.31353606	0.19875523	-0.02028416	0.37900549	0.38569993	0.41529173	0.24741445	0.38703765	0.20844798	0.23021215	0.17034023	0.35844545	0.24533101	0.23880477	0.32169310	0.30060244	0.20894637	0.36982393	0.10621093	0.11330186	0.12084186	0.30333588	0.29725480	0.39118389	0.27667404	0.44493690	0.29308163	0.10926931	0.29782925	0.26188454	0.19097612	0.35229889	0.19277271	0.17167705	0.11551640	0.02739474	0.11399235	0.13043178	0.15696149	0.34407096	0.26524555	0.44475216	0.16920283	0.03415371	0.00079178	-0.03086144	0.05034464	-0.07108536	0.03180323	0.16526031	0.18936582	0.10934742	0.18730101	0.05544099	0.20783866	0.21268803	0.18193429	0.22780394	0.13748335	0.09738326	0.26236915	0.24209777	0.35357003	0.25069851	0.17986660	0.01286922	-0.02492690	0.16003345	0.14735251	0.18975351	0.23053431	0.10407194	0.14843900	0.12324147	0.10950967	-0.16491963	-0.09164123	0.13120848	0.07272739	0.33248578	0.31596657	0.38482543	-0.09672058	0.22528172	0.21828576	-0.02650907	0.17419559	0.08887004	0.02386884	0.03530790	0.04032778	0.04880975	-0.05612992	-0.00190279	0.03521438	0.17112278	0.01586459	-0.05952494	-0.05616191	0.07996960	0.07658013	0.06883996	0.15572716	0.13495375	0.08386586	0.13070530	0.14224787	0.05551498	0.28379906	0.06850322	0.17668303	0.06237946	0.14099025	0.23053800	0.02591941	0.04766807	0.11356884	0.10496074	-0.04646662	0.14890855	-0.03815511	0.11579385	0.04745092	0.29322450	0.14634567	0.21730892	0.40041008	0.38584154	0.13257345	0.27886042	0.06528723	0.07888280	0.07676991	0.03150387	0.08630105	0.07014001	0.19277470	0.22366903	0.07015069	-0.05191425	0.13809183	-0.01529344	0.31176125	0.36911579	0.04909690	0.12357681	0.07436101	0.15628782	0.04340923	0.08995824	0.07394370	0.07635329	0.20050482	0.07165236	0.00434976	-0.05754102	0.10309642	0.07005312	0.32640871	0.30363631	0.06024712	0.22556171	0.14792288	0.16609989	0.21152801	0.08718488	-0.02714146	0.18435623	0.15431192	0.00570218	0.08727484	-0.05980716	0.03304203	0.08864579	0.02236591	0.06558408	-0.12579456	-0.03294591	0.09332825	0.22638637	0.27241692	0.07761648	0.12362065	0.26118806	0.10333795	0.01815666	0.02071390	0.13459867	0.05513371	0.00884913	0.01712618	0.01593666	0.01926987	0.05982868
17Networks_LH_SomMotA_4	-0.13771202	0.04507448	-0.10427902	0.06942238	0.00212117	0.07244010	0.05885486	0.32638121	0.19906014	0.19410509	0.25787994	0.19756237	0.11876622	0.04481767	-0.03544013	-0.00883337	0.14301375	0.07002217	0.15751510	0.23970227	0.14182295	0.16241089	0.17603393	0.10880725	0.27116384	0.26923651	0.58275976	1.07376724	0.43456944	0.26042165	0.25729358	0.25115083	0.55718193	0.47995936	0.37279329	0.41279143	0.30890793	-0.12640898	0.05361667	0.29156074	0.30862671	0.03568294	0.16474682	0.06837300	0.08089904	0.09218185	0.32792109	0.11931047	0.17075372	0.12990408	0.10895010	0.16781619	0.21831384	0.15236603	0.13937138	0.28669556	0.08651205	0.40885056	0.14435089	-0.17745922	0.00345479	-0.24680057	0.11475665	-0.07345177	0.02768160	0.09750183	0.22684914	0.05997791	0.16135899	0.19989276	0.29196656	0.29463546	0.29201808	0.46729581	0.21181330	0.34085366	0.38955657	0.26853928	0.09419428	0.10899525	-0.13599174	0.11471942	0.03081674	0.02197978	0.28600581	0.10392293	0.06603799	0.15047901	0.09818071	0.01835736	0.23225874	0.32030356	0.23287314	0.09324823	0.20330584	-0.03736666	0.16398880	0.07393511	0.11083419	0.04765252	0.09312387	-0.01809536	-0.20723768	0.30115535	0.09650382	-0.13257543	-0.09964386	-0.16482042	-0.02325242	-0.09137888	-0.14993312	0.04280485	-0.18361253	-0.05998770	-0.04110604	-0.02117613	0.07152096	0.05590297	-0.00089188	0.05911573	0.08623468	-0.10975246	0.05809655	-0.01793463	0.09148832	0.07840271	0.10523666	-0.05038657	0.23157428	0.24647768	-0.13912202	-0.18512451	0.09913354	-0.17552618	-0.20337407	-0.15769448	-0.08518571	0.01156824	-0.07454364	-0.23750645	-0.31645338	-0.26420518	-0.01318081	0.10348255	0.20376324	-0.01411446	0.10077566	0.18294278	-0.20812605	-0.25541542	-0.25218732	-0.14952012	-0.13421399	-0.15151522	-0.16957802	-0.19816599	-0.21162641	-0.24051978	-0.22824475	-0.12413396	-0.12833141	-0.08677673	-0.15897283	-0.14588633	-0.35960169	-0.10056763	-0.02404707	-0.12620356	-0.12929391	-0.04398374	-0.19469042	-0.06688663	-0.16732432	-0.13629897	-0.22761738	-0.30044674	-0.22671612	0.11981911	-0.09133256	0.05317520	-0.00434859	-0.13615230	-0.09974196	-0.01252339	-0.09650652	-0.11482912	-0.13124366	-0.25129478	0.05382116	-0.03288574	-0.03680057	-0.06038170	0.02261768	0.03700015	0.19105183	0.17048627	0.10836354	-0.05011272	-0.03481253	-0.01881327	-0.06791049	-0.23401076	0.00486979	-0.22763412	-0.06761198	-0.10373407	-0.19663104	0.26066482	0.11376629	0.12582416	0.15653549	0.22762252	0.16047187	0.06187885	-0.16070414	-0.05362744	0.02862172	0.11295404	0.21412919	0.27891883	0.05689230	0.13902397	0.18507860	0.33289807	0.35031847	0.42146485	0.22874128	0.38620577	0.29197515	0.43559390	0.12202753	0.15495935	0.24056276	0.19134150	0.33711583	0.24712414	0.21692661	0.16634735	0.11723463	0.25678117	0.03509840	0.20470818	-0.00505895	0.00551832	0.02718413	0.06536793	0.13710450	-0.02094434	0.10064025	0.06055294	-0.00545920	0.13374922	0.21143856	0.13962248	0.18114742	0.22838682	0.04583791	0.15278304	0.14895753	-0.16006907	-0.15417174	0.13867342	0.07789262	-0.02034822	0.20002859	0.15201558	0.12844454	0.32676319	0.26695933	0.18677533	0.11040030	0.16762364	-0.06848197	0.29259293	0.34208848	0.35256858	0.29139983	0.27580173	0.17361396	0.15464110	-0.05202724	0.17032787	0.15973459	0.18155340	0.19479544	0.25535261	0.25102129	0.15115280	0.07152589	0.10078124	0.04457860	0.19274007	0.32924185	0.19307742	0.32958734	0.24669376	0.29072771	0.07078154	0.18685961	0.18357113	0.19726510	0.19912037	0.21655203	0.11762610	0.10867129	0.12697883	-0.06704828	0.10271674	0.16449143	0.41085722	0.13355096	0.35461738	0.05168320	-0.01423927	0.01593302	0.04253583	-0.02404951	-0.12650983	-0.02133578	0.00525146	0.27007124	0.04301387	0.19942617	-0.01569749	0.24656782	0.19655636	0.27504984	0.11024092	0.24968456	-0.00906250	0.22904698	0.22845780	0.36875401	0.12947188	0.17181377	-0.06120447	-0.04610111	0.18055804	0.16101952	0.15589593	0.15489114	0.13522337	0.12920902	-0.00007205	0.19259571	-0.13480982	-0.03379510	0.04240235	-0.14363460	0.17873998	0.27456687	0.26423342	-0.14447908	0.16037384	0.26505747	-0.04939873	0.24225168	-0.06120574	-0.03258901	0.00251988	0.06425503	0.04136343	-0.05410645	-0.05374912	0.02131154	-0.06803082	-0.13201994	-0.16605031	-0.16765639	-0.05119284	-0.17250180	-0.00151052	0.07042751	0.02197746	-0.00951216	0.12187549	-0.09166936	-0.07109680	0.02997969	-0.00098672	-0.05763340	0.01662247	0.01276594	0.18228016	-0.06133650	-0.06936183	0.04239173	0.04013501	-0.09457614	0.07760040	0.01567105	0.02975337	0.02200353	0.16305886	0.20209454	0.29868359	0.29589486	0.27543387	0.06031983	0.24110876	0.02679287	-0.00533990	0.05598512	-0.00692427	-0.07512133	0.04893510	0.05092046	0.03095878	0.10752041	0.01640932	0.00646296	0.05511416	0.30127956	0.22311116	0.07368021	0.06024850	0.06030913	0.19128475	0.07064339	0.04357806	-0.06594700	0.00712280	0.11986570	0.02382592	0.03430178	-0.00113471	0.13803600	0.07898753	0.31859095	0.18452677	0.01102884	0.15815609	0.10346987	0.14467533	0.13765427	-0.05484562	-0.05016458	0.12199151	0.04844881	-0.06905632	-0.03879070	-0.02327592	0.04519511	0.11358113	-0.01450177	0.02043646	-0.08391712	-0.02297411	-0.08391396	0.13420591	0.24170394	0.09756852	0.05676239	0.24199582	0.04134329	-0.06306341	-0.10460052	0.01307337	-0.16242274	-0.13599774	-0.17417566	-0.17505467	-0.16538878	-0.15750550
17Networks_LH_SomMotA_5	0.19132961	0.31430416	0.10911010	0.33156540	0.15344568	0.32917447	0.35165915	0.47890420	0.52799632	0.24918824	0.42946863	0.31193802	0.27186408	0.18359793	0.27023204	0.25773266	0.10785141	0.35592855	0.13606358	0.30209766	0.11413585	0.30142957	0.37317905	0.18012808	0.70628689	0.54422243	0.66431694	0.43456944	1.31431018	0.42011999	0.48814283	0.57066354	0.75910037	0.76470716	0.50939441	0.65083851	0.44145755	0.13439474	0.39380988	0.71200576	0.66472604	0.23825659	0.37899617	0.14201391	0.30755349	0.24135351	0.41620472	0.32129376	0.13693033	0.22025196	0.41193201	0.51316189	0.55840360	0.43259222	0.34652980	0.12001101	0.30131481	0.30781867	0.41679662	0.10654589	0.26206560	0.12711068	0.37201353	0.05901229	0.01283302	0.08067492	0.10069321	0.12378438	0.33196593	0.33417239	0.39283369	0.45712960	0.24155125	0.55874518	0.26963792	0.54185541	0.41096800	0.45789008	0.14380398	0.33549967	0.00935907	0.38319128	0.30300601	0.29504104	0.42725590	0.40065456	0.20408650	0.21514883	0.20443930	0.11430413	0.30314529	0.43156775	0.50292107	0.20661822	0.50104697	0.28554388	0.28832967	0.54697676	0.43798789	0.33373121	0.17437234	0.21483068	-0.13612509	0.16351438	0.21986655	-0.12849627	-0.10130038	0.15278870	0.10761432	-0.04948861	-0.07382354	0.20405692	0.26084494	0.12957042	0.13897232	0.13729194	0.17975532	0.10611755	-0.04833539	-0.01795633	0.03642082	-0.05507008	0.02120687	0.09490713	-0.00437597	0.25421469	0.07582717	-0.08621244	-0.02246242	0.10783593	0.01083231	0.08218132	0.30347300	-0.00477785	-0.02254357	0.10639696	0.00080080	-0.01914651	-0.00435152	-0.07898673	0.01621383	0.01030318	0.29848624	0.23164027	0.27686325	0.03976090	0.19808640	0.13330452	0.08531607	0.09377187	-0.00431674	-0.07477175	-0.11690699	0.00532195	0.01522946	-0.01710801	0.06653168	0.27663216	0.00648070	0.14513455	0.16926838	0.17842322	0.25706761	0.18478062	0.03643018	0.16713709	0.01022284	0.21781452	0.22942802	0.12405100	0.09906926	0.22809447	0.02501431	0.08353444	0.21830394	0.01756323	0.10657873	0.02359930	-0.05193431	0.17480015	-0.03681076	0.15017959	0.19730356	-0.05079411	0.17051668	0.00401501	0.04959734	-0.05487101	0.16506175	0.07133128	0.07853837	0.11946773	0.10067384	0.13715744	0.10211636	0.14079662	0.20629119	0.14865047	-0.05395174	0.28046962	0.25817424	0.01160079	0.38283677	-0.01517766	0.01425228	0.07143142	0.30525006	0.56173030	0.38580545	0.38284863	0.41372361	0.39263237	0.33531948	0.20385999	0.25859348	0.20849167	0.09431837	0.01362706	0.25516938	0.31743806	0.18598866	0.17483302	0.23129703	0.40231589	0.53731778	0.79774503	0.21465648	0.68667710	0.57289014	0.52724508	0.40347567	0.41121905	0.35891119	0.40770738	0.56039335	0.47231130	0.32704352	0.45942732	0.44743789	0.19303287	0.27821829	0.29254339	0.40416290	0.08744695	0.21165103	0.26299574	0.27959150	0.11115586	0.29897901	0.12569464	0.22386968	0.28767898	0.58403297	0.15285046	0.32471039	0.31374241	0.31850151	0.36259894	0.35241152	0.07730866	0.12931313	0.44014241	0.05274209	0.15449939	0.41045104	0.23892646	0.33109841	0.40848365	0.37529791	0.36858042	0.49188437	0.32241364	0.05868403	0.29830939	0.41672865	0.44360247	0.42387120	0.44968901	0.29857335	0.36898501	0.35758254	0.48355578	0.35628442	0.33142273	0.35460374	0.42959394	0.22402989	0.41510980	0.14718098	0.10431885	0.20296027	0.34317578	0.28869603	0.50103112	0.19026525	0.59996364	0.40580631	0.23838604	0.39985463	0.40462763	0.15720606	0.58867061	0.17834790	0.27765591	-0.07947227	-0.06319220	0.20010861	0.22065747	0.10895172	0.38770066	0.29821399	0.37852202	0.15690128	-0.04656655	0.05680219	-0.10959634	0.09315560	0.04940761	0.03629538	0.27160181	0.05161327	0.15413720	0.14331787	0.09647962	0.32335520	0.36210947	0.13560231	0.18212844	0.01530849	0.10187072	0.21247720	0.21670083	0.27138121	0.22682715	0.25783171	0.11387186	0.02765763	0.15778938	0.15675829	0.22812122	0.22877347	0.03799888	0.14127652	0.27421011	-0.04279644	-0.12788059	-0.11533098	0.06780451	0.14493899	0.33870410	0.35070902	0.43998617	-0.00793521	0.34935440	0.24446506	0.07789026	0.30074559	0.20959508	0.13323848	0.14395219	0.03601926	0.03779435	0.01384716	0.04769980	0.22903930	0.26456228	0.18865249	0.02076144	0.06033353	0.17673336	0.20040924	0.09801105	0.19496611	0.23797949	0.24485176	0.02691859	0.14439110	0.13844297	0.30194841	-0.00663942	0.23169733	0.08408472	0.20463421	0.17554672	0.11522402	0.15982009	0.16200769	0.12147068	0.01134283	0.21913883	-0.16784096	0.19513064	0.06328370	0.38657045	0.24478298	0.25067974	0.43367738	0.46053343	0.20559492	0.38694205	0.11997732	0.16346002	0.10373144	0.05183288	0.23838692	0.15471638	0.20967835	0.37718658	0.07551823	-0.08641772	0.17168139	-0.14336013	0.36927240	0.43100923	0.01116486	0.25213913	0.13883490	0.21527001	0.04701785	0.10896588	0.12993730	0.01880627	0.30097009	0.20717001	0.01249135	-0.07635438	0.14322192	0.13929986	0.33103188	0.33539466	0.08786114	0.24542922	0.25166237	0.24286766	0.31746110	0.12817859	0.05244649	0.34972562	0.28879011	-0.02787288	0.20645346	0.01961973	0.19375964	0.15469922	0.14564071	0.10188453	-0.13075538	-0.00592414	0.23306442	0.31504226	0.37955029	0.11637959	0.16576604	0.40360787	0.16939499	0.15854104	0.11554018	0.11675417	0.22248893	0.15427395	0.22452557	0.23835177	0.18443418	0.13856506
17Networks_LH_SomMotA_6	0.05769341	0.12051552	-0.04420686	0.12285529	0.18943005	0.27962291	0.12567867	0.29014201	0.30471162	0.18970062	0.26036239	0.18246681	0.31606489	0.19843282	0.06813267	0.16617566	0.04879185	0.20928504	0.10300890	0.24786413	0.12672901	0.26418776	0.17065715	0.25367881	0.42087659	0.31709539	0.45498374	0.26042165	0.42011999	1.08036443	0.41068161	0.40756010	0.47841215	0.42036297	0.15364005	0.37057226	0.19731356	0.09977422	0.18263553	0.35577288	0.46342433	0.29447614	0.19633244	0.15655607	0.27028517	0.17182461	0.39133522	0.40867525	0.06561392	0.23030712	0.34773660	0.45849017	0.45327979	0.35335718	0.26013362	0.15752081	0.20132276	0.18593790	0.31052916	0.03747103	0.22195739	-0.00381383	0.14253480	-0.00152748	-0.05396042	0.02212697	-0.02711195	0.08103928	0.14353848	0.04984219	0.16164948	0.16440233	0.20158002	0.31348219	0.12946341	0.28190059	0.25506147	0.28728170	0.13562335	0.24860707	0.05269327	0.22900149	0.06548078	0.17852331	0.32951327	0.40224883	0.21628802	0.28347824	0.37726839	0.29614122	0.35331572	0.39005291	0.49452513	0.28490125	0.33033647	0.48337220	0.25293332	0.43860415	0.28114295	0.20711853	0.28914365	0.18699881	-0.04473864	0.26845663	0.28454742	0.08993244	-0.03919191	0.14894551	0.04263018	0.05365751	-0.06446530	0.01799905	0.11250029	0.03811605	-0.04943906	-0.00573742	-0.01781607	0.03487574	-0.00486396	0.11899866	0.03962573	-0.13532194	0.12075599	0.03061477	0.08254919	0.13555099	0.09842388	0.01382440	0.06007365	0.13020886	-0.02936183	0.03719527	0.32133225	-0.00889077	-0.10220407	0.09431828	0.10476942	-0.04024864	-0.12309493	0.02593443	-0.03617651	0.00580714	0.27830318	0.19249729	0.16359093	-0.08278354	0.12163162	0.23032196	-0.00993894	-0.08705118	-0.09201360	-0.05241924	-0.16472947	-0.03594536	-0.08005094	-0.09488732	0.09892950	0.12399342	-0.08706642	0.01667549	0.00018810	0.18775870	0.14300327	0.23950246	-0.13039187	0.22952595	-0.00529665	0.05480412	0.09695461	0.06374720	0.01964111	0.19722770	0.01131903	0.06025672	0.11171853	-0.04641376	0.08300245	-0.10123128	-0.10395068	0.10797932	0.01431677	0.03629464	0.27737482	0.07601024	0.15899921	0.08653332	0.10681301	-0.12351621	0.02676129	-0.01752298	-0.02479771	0.08081761	0.15862368	0.13667699	0.22461319	0.34104915	0.06043918	0.19342220	0.01476301	0.22374658	0.16872527	0.07073205	0.14670481	-0.04265595	-0.02816177	-0.01528131	0.09304619	0.27438160	0.20405028	0.17965595	0.16814744	0.10912359	0.19168696	0.12574367	0.08784963	0.16282881	0.22644963	0.01801119	0.21310577	0.20209113	0.14409352	0.15951265	0.16118584	0.31605182	0.29827361	0.56748729	0.27845954	0.52916922	0.34997534	0.35590104	0.28510433	0.30641069	0.38494938	0.27967250	0.34786263	0.30971758	0.22969105	0.41002827	0.36406605	0.22810279	0.11350195	0.10417752	0.12980395	0.13254998	0.25946486	0.20661882	0.23874645	0.16847525	0.31259339	0.23471081	0.35609830	0.27407662	0.42125945	0.18592960	0.30026292	0.18263493	0.21685464	0.31462969	0.31923594	-0.02115737	-0.00905190	0.18936896	-0.02353093	0.05231211	0.15813324	0.04337571	0.24843699	0.22801280	0.26154858	0.26695168	0.29890165	0.10527848	-0.01026535	0.27070862	0.35334187	0.21364880	0.26426383	0.32858203	0.15189473	0.32619664	0.36612329	0.29703321	0.21833917	0.20745218	0.44301608	0.33295593	0.34785972	0.34450241	0.21506922	0.22471056	0.26978195	0.31323348	0.24238601	0.54142136	0.24234556	0.48181974	0.26778734	0.21237978	0.25994572	0.34294998	0.30638861	0.32307446	0.19616174	0.29803172	0.12892589	0.02027458	0.29183175	0.12850189	0.12339865	0.38465982	0.26354508	0.42955920	0.08290598	0.00862126	0.02160979	-0.07351888	0.05175646	-0.11322797	-0.02980971	0.11947546	0.13832687	0.01992641	0.11913649	-0.02240054	0.01397992	0.14764586	0.14569339	0.12878121	-0.01369949	0.05856367	0.22086788	0.11226990	0.25190732	0.23246353	0.09834043	0.02384264	0.02963919	0.13187777	0.17647642	0.33680351	0.19312804	0.01312716	0.13987184	0.11919692	-0.02596116	-0.11796971	0.00798322	0.18782661	0.17821612	0.34084926	0.18445874	0.35388052	-0.11500340	0.10445622	0.11574273	0.10411874	0.15366486	0.12519499	-0.00218416	0.01286873	0.02856452	-0.06968179	-0.06551418	-0.06679792	0.05195113	0.19702966	0.04610065	0.02053763	0.01723492	0.17382028	0.23009941	0.15095581	0.24903709	0.15882933	0.17285481	0.13409043	0.23022336	0.01493058	0.22668444	-0.02461257	0.12140471	0.01436861	0.22107309	0.24701442	-0.10077539	-0.06628728	0.06336148	0.02774063	-0.07627602	0.15628300	0.01779515	0.11870782	0.07580944	0.35250590	0.21960266	0.19352143	0.38941680	0.40289090	0.08771059	0.25233657	0.05116913	0.12541828	0.07359183	0.07699126	0.14679257	0.11340508	0.26176671	0.19748728	0.05778923	-0.03858284	0.19350615	-0.00074840	0.24392168	0.40896639	0.04123553	0.16142941	0.01736573	0.13433813	0.01622566	0.14217391	0.13591736	0.20190554	0.21897416	0.17922257	-0.03896195	-0.04946126	0.06998027	-0.05785749	0.31081755	0.27936721	0.10849950	0.29993547	0.10329236	0.09142157	0.18079376	0.08657938	-0.00304093	0.12621933	0.18103380	0.05522935	0.09196922	-0.02540865	0.01469494	0.08731303	0.06414884	-0.00815124	0.00317188	-0.07844109	0.07635352	0.17665576	0.23719651	0.07544728	0.04666820	0.18615380	0.06829415	0.08938080	0.06020009	0.12819050	0.05484511	-0.03906403	0.00888102	0.01094117	0.04074893	0.05352959
17Networks_LH_SomMotA_7	0.05495496	0.14024179	-0.05700758	0.05098575	-0.02573768	0.14434821	0.07970801	0.24466387	0.31812837	0.10317394	0.35300886	0.25341122	0.14617513	0.11902031	0.12293049	0.24670032	0.05508823	0.23789509	0.05562520	0.21396566	0.07127387	0.20212180	0.29097512	0.18093574	0.49386803	0.37272832	0.35467259	0.25729358	0.48814283	0.41068161	1.11443236	0.62513914	0.37896086	0.49813268	0.33912543	0.56741201	0.51516287	0.24015949	0.45360345	0.38000123	0.61426878	0.38905466	0.44670549	0.13286574	0.31882011	0.16892631	0.35757224	0.36677247	0.15145576	0.20323599	0.30005672	0.40251560	0.48690146	0.48302593	0.27084724	0.06017079	0.21114654	0.21099019	0.30069508	0.03099691	0.22160355	-0.04475521	0.16633321	-0.16996223	-0.03683522	0.06342274	-0.00010637	0.05161219	0.22524845	0.07806682	0.12384362	0.25165073	0.15780241	0.30375293	0.04051057	0.33979285	0.32589891	0.39271362	0.16683129	0.29212404	0.09541545	0.20447170	0.06700855	0.15189864	0.24974206	0.31632617	0.10588558	0.23582291	0.24829886	0.21345733	0.20557233	0.29200896	0.42596786	0.15366035	0.24455872	0.28264699	0.25668269	0.42625121	0.32475328	0.36739057	0.22314835	0.11610754	-0.06456578	0.15480946	0.21789963	-0.04516239	-0.16611370	0.17716557	-0.04520779	-0.09676530	-0.03712283	0.14760590	0.24991244	0.27647818	0.13673562	0.07703730	0.23274827	-0.04159599	-0.02483007	-0.02231293	0.03083990	-0.16486763	0.05879048	-0.09101191	0.07070107	0.13872355	-0.06176661	-0.05204813	0.01931825	0.18185393	-0.04319815	0.13888006	0.18507574	-0.19148642	0.00944311	0.03631300	0.00015228	-0.02754013	-0.14740446	-0.06068831	-0.03825245	-0.05700424	0.29636479	0.18763031	0.14854574	-0.13771229	0.14844672	0.14644024	0.04150990	-0.02184688	0.00519651	-0.03855455	-0.08089658	-0.04228865	-0.07518120	0.01805381	0.11067492	0.18837460	-0.02429579	0.11880072	0.09517220	0.17492355	0.22268268	0.24595169	-0.06341612	0.18578435	0.09995883	0.35917410	0.19858952	0.12887784	0.05669795	0.20361119	-0.05024426	0.02576177	0.14485916	-0.02683057	0.01668058	-0.10548794	-0.09287085	0.04526293	-0.02054441	0.03429093	0.27862482	-0.14873119	0.13830652	0.03079870	0.00883382	-0.09486379	0.15780316	-0.02710897	0.03792826	0.09644787	0.16531566	0.15271374	0.24062769	0.21277142	0.19682907	0.17621084	-0.04960083	0.15906598	0.22775542	-0.06731478	0.17408162	-0.06888241	-0.11919852	-0.03848373	0.12341818	0.42626831	0.21209762	0.30282522	0.31485665	0.23752333	0.27779716	0.23447496	0.06706821	0.13917237	0.16411682	-0.03554564	0.10371058	0.19625531	0.13645769	0.03430915	0.17134295	0.38773864	0.30814469	0.54373791	0.33945105	0.66347435	0.49536094	0.48861176	0.48195551	0.37017526	0.54459628	0.62393654	0.54733437	0.55769595	0.52403512	0.58755370	0.52086014	0.28295620	0.33498569	0.23396275	0.31955141	0.10162233	0.30924068	0.36126785	0.24455103	0.17769971	0.35150417	0.23103034	0.29666521	0.32349792	0.48354456	0.27351464	0.42428678	0.17578371	0.24831193	0.34967509	0.30190369	0.02879313	0.20365411	0.32288462	-0.01782573	0.11272945	0.29046047	0.11372085	0.11938277	0.30443578	0.18982179	0.32100373	0.44684230	0.15321991	0.02496770	0.35956441	0.44916045	0.35042930	0.31388838	0.37107879	0.17150217	0.38390404	0.37241445	0.27829349	0.29105929	0.15823889	0.35370068	0.45111708	0.33325839	0.31037469	0.16770698	0.08717961	0.29473186	0.30830158	0.24631765	0.41123566	0.19536574	0.49161630	0.47490960	0.24237471	0.35412865	0.30442522	0.25103508	0.36986529	-0.01239047	0.31665998	-0.05057675	-0.10775320	0.10364724	0.07336740	-0.02179762	0.25090052	0.17412172	0.28045382	0.01079422	-0.00214019	0.04163710	-0.14971152	0.17695708	-0.00571574	-0.02511980	0.35024401	-0.10055989	0.11908023	0.02070465	-0.13253954	0.10645294	0.27489398	0.23635468	0.26842280	-0.08355198	-0.04640714	0.21204599	0.02627979	0.23563102	0.18137748	0.16504337	0.09949399	-0.02172452	0.08275308	0.06879749	0.26660325	0.20147593	-0.08940378	0.03847678	0.12278377	-0.08900505	-0.24011562	-0.19392017	-0.03855093	0.08414204	0.21598714	0.17658823	0.27887096	-0.02509729	0.10633140	0.01113842	0.08578696	0.12531909	0.24430156	0.02570870	0.00006791	-0.04843928	-0.02118644	-0.03646515	-0.07064690	0.14559892	0.19409149	0.11577520	0.02805961	-0.01280158	0.18143076	0.24381551	0.01227982	0.19277251	0.18388506	0.17889144	0.01059188	0.20427619	0.04858193	0.16867587	-0.00265245	-0.04755175	0.00426752	0.08292153	0.07407819	0.03645263	0.08963825	0.05766091	0.09161142	-0.05038750	0.24477325	-0.09402852	0.32779310	0.08996345	0.39896659	0.30288426	0.25283168	0.29184883	0.34177727	0.08702999	0.25111202	0.15529965	0.23178677	0.03285133	0.05000558	0.19248189	0.05036403	0.23541306	0.18867681	-0.02192453	-0.22816967	0.09988751	0.09463695	0.16512724	0.25058928	0.01473234	0.13791229	0.07802723	0.27263060	-0.02432823	0.07782002	0.09535878	0.11743685	0.15925070	0.27696030	-0.11813529	-0.14321150	0.18673904	-0.03804869	0.26071075	0.19983577	0.06875106	0.25872603	0.13221109	0.32977440	0.32026511	0.13823244	0.02342562	0.36962890	0.20817088	0.00978077	0.10607836	0.10836855	0.11387898	0.08168858	0.04279014	0.09569574	-0.15037867	-0.00628565	0.12438177	0.27843325	0.40280446	0.14580923	-0.04991679	0.28785349	0.09323315	0.12125617	0.16732690	0.12650040	0.24008453	0.05659666	0.24487167	0.03515297	-0.02454479	0.17336048
17Networks_LH_SomMotA_8	0.07454880	0.13876021	-0.03692223	0.07011278	-0.03831978	0.12736733	0.12539231	0.28269455	0.32105802	0.14746035	0.33232972	0.21384022	0.13473323	0.05177773	0.08573269	0.24520904	0.03098399	0.21818809	0.08203037	0.28930633	0.09926979	0.20705620	0.30975857	0.12393409	0.58605869	0.53865812	0.46487993	0.25115083	0.57066354	0.40756010	0.62513914	1.09953677	0.48308284	0.59559471	0.38926112	0.60757527	0.55046371	0.24457040	0.34799462	0.50921163	0.63529769	0.31718550	0.38646725	0.24146060	0.29981226	0.22640518	0.39993396	0.44328952	0.19316217	0.22335168	0.34077523	0.50677613	0.43104582	0.40182439	0.37857445	0.09466298	0.28292922	0.41607316	0.39549680	0.08877377	0.16328176	0.04418935	0.12798146	-0.05839033	-0.09181477	0.08960201	-0.01256771	-0.00320817	0.23127998	0.04432729	0.14406564	0.36450616	0.13149494	0.32978345	0.02173314	0.26234885	0.26443044	0.42399175	0.13101569	0.34152727	0.18702292	0.36616099	0.22370042	0.34052527	0.41126003	0.32567925	0.18605777	0.24838796	0.18936472	0.18525716	0.35592820	0.46482895	0.58531176	0.35586575	0.22012494	0.33189861	0.22064370	0.53446324	0.48043515	0.44841043	0.22686235	0.22703849	0.00467692	0.14393773	0.36041046	-0.00110013	-0.00910753	0.32152839	0.02962625	-0.07580795	-0.02618847	0.15773420	0.39091779	0.27174026	0.12435960	0.06796429	0.18216272	0.03551715	-0.01652652	-0.06478434	0.07868233	-0.09849524	0.03610656	0.07021874	0.06643705	-0.01063256	0.02807062	0.00679008	0.05193881	0.17899353	0.11740909	0.16304209	0.26309128	-0.05436018	0.05874049	0.12224387	0.07785916	-0.00250604	-0.06490421	0.07213740	0.10238281	0.05919823	0.34882523	0.20209045	0.12842469	-0.16790267	0.14355121	0.22449381	0.07902306	0.09969061	0.03907643	0.06788954	0.00703953	0.10905621	0.03968626	0.05464568	0.15191010	0.23460154	-0.03269761	0.11705867	0.21088730	0.27043593	0.30442741	0.30861059	0.10703015	0.29194478	0.14740216	0.43031039	0.31268440	0.21290754	0.23540145	0.30873554	0.00164953	0.06048459	0.31173611	0.08118849	0.15392946	-0.05428711	-0.11763698	0.20209731	0.04155839	0.13128245	0.26418652	-0.04153781	0.18697945	0.08176011	0.12656485	-0.05921860	0.12437261	0.11505731	0.07629803	0.08598273	0.05737973	0.08731614	0.20192290	0.14313895	0.28024646	0.27767085	0.02378837	0.27218315	0.23401688	0.01324447	0.27268963	-0.03609603	-0.13104682	0.08955855	0.18135076	0.42890115	0.25640842	0.39329073	0.31512157	0.32424778	0.26971755	0.18133206	0.07337826	0.16929151	0.17425229	-0.00619697	0.15749041	0.23895137	0.15964577	0.09309749	0.30144781	0.38026175	0.44499436	0.67257041	0.31865872	0.71643746	0.45845971	0.42414053	0.49645425	0.47952959	0.53994863	0.51721539	0.58774312	0.51627359	0.46710068	0.58898058	0.44053159	0.25780777	0.33639461	0.22445252	0.21353263	0.11031145	0.35717929	0.43075172	0.30522288	0.22227599	0.34943803	0.25337551	0.30030827	0.38398659	0.60140519	0.27268941	0.41773149	0.37497124	0.32166668	0.52094903	0.32661033	0.05311804	0.19779083	0.35198601	-0.01961618	0.09429401	0.21221181	0.05037341	0.16214438	0.28232080	0.22417957	0.35728390	0.52041459	0.22295157	0.07816820	0.35052130	0.37108789	0.34697436	0.29883572	0.47955083	0.14552654	0.40696556	0.33147891	0.31347062	0.30798180	0.24197193	0.49171361	0.51504115	0.35680032	0.47177844	0.15769631	0.14092953	0.30389568	0.36496429	0.26982665	0.56962926	0.21982199	0.59934224	0.44834685	0.25076376	0.44502406	0.31779383	0.26155090	0.43571964	-0.00122644	0.32448811	-0.00136390	-0.08389714	0.18291979	0.16961204	0.04724049	0.35906753	0.29210250	0.41847968	0.01355052	-0.02966272	-0.00516443	-0.23337057	0.12332740	0.02222655	-0.00239307	0.37758370	-0.02226435	0.17277651	0.05880089	-0.02460361	0.07687309	0.20329885	0.18648326	0.24704749	-0.07394724	0.03827687	0.29194352	0.10237625	0.26773449	0.20356659	0.20637422	0.15924314	-0.08197410	0.03460084	0.07497504	0.22276064	0.19607264	0.01284255	0.09939733	0.13308838	-0.07737598	-0.18172398	-0.15600377	0.03568004	0.19124663	0.22162974	0.17711875	0.25714028	-0.06526781	0.12379143	0.01221258	0.04117890	0.27789123	0.23215665	-0.03417597	0.06954082	0.01525464	-0.02289039	0.05107445	0.00574952	0.10209521	0.20317041	0.10432178	0.07410255	0.09358740	0.20434814	0.23426770	0.07004644	0.30485321	0.16601290	0.18786649	0.03786215	0.24929780	0.13058945	0.20749875	0.02833863	-0.07189763	0.04228106	0.12328802	0.13728224	0.02183236	0.07232145	0.12692290	0.14428672	0.01544156	0.17366071	-0.11232738	0.25948801	0.03915861	0.34160728	0.26480578	0.22226529	0.37314884	0.42190493	0.05578301	0.21939242	0.13552004	0.24937417	0.06381530	-0.00586589	0.20796213	0.11806902	0.29271582	0.33521807	0.14533430	-0.13950814	0.27441269	0.06004121	0.37774352	0.45477137	0.02750775	0.24262931	0.08248060	0.28964375	0.01724100	-0.02440017	0.07660761	0.13325948	0.28250489	0.29604169	0.04140340	-0.04160839	0.19308917	0.10295926	0.49923495	0.41291647	0.14968732	0.27823763	0.26831790	0.33658531	0.36392558	0.19805150	0.04864538	0.38692901	0.27425687	0.10596726	0.20675956	0.09111033	0.20595232	0.15901053	0.10894022	0.16941032	-0.02276750	0.12488575	0.25393634	0.36459503	0.37756059	0.20137907	0.10505227	0.33773776	0.11170585	0.22681703	0.20875630	0.19920867	0.40344884	0.18143005	0.30095575	0.19327866	0.14703184	0.26581511
17Networks_LH_SomMotA_9	0.23529381	0.34117279	0.16115638	0.40302212	0.26746988	0.38382906	0.37749773	0.46141256	0.50623058	0.32459459	0.42018735	0.39271242	0.32477563	0.20090925	0.28020036	0.16562003	0.07534010	0.28914729	0.16752835	0.30254866	0.16589773	0.28868520	0.33297264	0.16472818	0.55712713	0.51458454	0.74038280	0.55718193	0.75910037	0.47841215	0.37896086	0.48308284	1.29286338	0.87071679	0.48134324	0.69251815	0.38601058	0.12929272	0.33239289	0.68858528	0.58805914	0.26030553	0.35888958	0.16294369	0.20321932	0.06006883	0.45135027	0.25602639	0.09545196	0.09820482	0.37293176	0.50565724	0.36239971	0.38743022	0.42062748	0.26075931	0.33222828	0.42477240	0.44775317	0.16353057	0.31691177	0.20466208	0.38868712	0.06724015	0.04199900	0.09372534	0.13556160	0.06796675	0.20221022	0.18449460	0.36126941	0.37694846	0.36658830	0.66389572	0.35800291	0.49815116	0.36851613	0.40554268	0.10699230	0.30247850	0.12698841	0.34508216	0.30807610	0.21168301	0.43758794	0.26487316	0.10120975	0.19269554	0.26411788	0.05435283	0.29376904	0.41368938	0.43010157	0.10850154	0.31378800	0.25939862	0.17262277	0.45848038	0.28090338	0.39426536	0.30030677	0.29105428	-0.10124112	0.24786375	0.19551234	-0.04262966	0.01899932	0.12555251	0.19773102	0.00668941	-0.00874076	0.26146113	0.21190694	0.02488575	0.01561845	0.10096658	0.17283817	0.11361462	0.00092071	0.07710782	0.10404195	-0.04932883	0.04146879	0.13811967	0.10562924	0.12419919	0.23820302	-0.12518569	0.14265783	0.16339317	-0.03497289	-0.03891880	0.27537430	0.07825591	-0.06867288	0.07368228	-0.00554148	-0.03394460	0.11426781	-0.08311816	-0.05452530	0.01657570	0.14292578	0.28800362	0.27399758	0.02738885	0.28485034	0.22994537	0.00937278	0.00531238	-0.00613311	-0.01793107	0.02238068	0.11888428	0.06313996	0.04913715	0.07927793	0.16549978	0.03937862	0.15596916	0.17170064	0.15294615	0.11451075	0.10866035	-0.02175853	0.11519360	-0.02993162	0.07160857	0.20488073	0.15634803	0.03715413	0.15902799	0.06161343	0.00949953	0.12977912	0.05190781	0.12944629	0.06020164	0.01989042	0.17126709	0.05883746	0.13215816	0.16104000	-0.00376568	0.12278134	-0.00513455	-0.04263531	-0.07839533	0.20914268	0.09586932	0.06550433	0.14697548	0.13963440	0.15852468	0.17122196	0.22204325	0.12073524	0.09970590	-0.06018775	0.17421384	0.37115626	0.10689469	0.39191029	0.11167148	0.07460246	0.12659118	0.32222807	0.48310157	0.41390844	0.28354654	0.36653869	0.38982048	0.30299087	0.25756921	0.26119602	0.19879880	0.13790338	0.23322557	0.32231291	0.33549882	0.24940820	0.20719451	0.26707431	0.39621428	0.58181935	0.72214734	0.30839115	0.55618920	0.46265061	0.64519336	0.39563551	0.46026718	0.41954795	0.23070817	0.53441405	0.35947438	0.22525897	0.47377149	0.43532134	0.26735209	0.29549776	0.16885971	0.36574055	0.10543349	0.11111670	0.04125704	0.25336601	-0.09308446	0.22404820	0.18087889	0.14739734	0.22948599	0.48647275	0.09825020	0.23498492	0.28779724	0.32639215	0.39793242	0.41041164	0.15727089	0.19942800	0.33569335	0.09552772	0.16336527	0.34761167	0.17897517	0.26879284	0.40715652	0.36626215	0.31939622	0.39122638	0.31388044	0.08005173	0.35563060	0.41549517	0.46559578	0.29644224	0.49788640	0.29146438	0.32093401	0.30512296	0.54898517	0.30027772	0.31819208	0.27962919	0.33503588	0.13592416	0.39319688	0.22014859	0.13410777	0.17706078	0.29939733	0.23534248	0.46660907	0.21112766	0.54564991	0.24333985	0.29084417	0.27932054	0.36419319	0.17889047	0.57653465	0.33279619	0.15979137	0.01958390	0.06283154	0.27462391	0.31148440	0.13669699	0.33536609	0.36194206	0.43726343	0.28842368	0.12799405	0.10708096	-0.04409346	0.19003891	0.08697216	0.09771685	0.13536222	0.20503084	0.17140646	0.22277055	0.15219483	0.30117341	0.30911220	0.20603628	0.21429471	0.23901831	0.08550106	0.27685372	0.19983989	0.29762933	0.26207089	0.14675676	0.14929456	0.12788346	0.23167857	0.23724178	0.23074895	0.23841163	0.18956963	0.20983726	0.28884112	0.16935630	-0.04159716	-0.00829509	0.20169578	0.18495125	0.26769396	0.37112473	0.48677618	0.09747524	0.37529881	0.28742472	0.19487554	0.20555129	0.18915789	0.18099360	0.15212735	0.18261277	0.18940843	0.14161781	0.14630542	0.26513143	0.30585542	0.13304998	0.04211433	0.07626822	0.20207900	0.15740269	0.19472173	0.22828767	0.29474334	0.16727091	0.13114261	0.22799561	0.16746186	0.28852665	0.19129011	0.28233027	0.24554107	0.27649207	0.25419046	0.14224702	0.15889893	0.20778022	0.20719552	-0.02800160	0.27546095	-0.00094653	0.27387604	0.19930219	0.41519474	0.21441671	0.25091376	0.45392960	0.36824114	0.25938642	0.27647224	0.14811217	0.08901992	0.10006363	0.08310788	0.13502777	0.06059985	0.08378572	0.31197662	0.15314090	-0.16091900	0.08559342	-0.02783371	0.31855717	0.29985642	-0.11140653	0.19282995	0.16741358	0.33848806	0.12751146	0.19133123	0.11208096	-0.01413541	0.14363220	0.16926473	0.06162625	-0.04875689	0.12913851	0.08098716	0.32845646	0.15717294	-0.03816821	0.22396559	0.30124565	0.22040405	0.29158476	0.07539394	-0.08042199	0.31343613	0.25321109	-0.05356899	0.15178005	0.04191673	0.16213763	0.19257067	0.17828194	0.11838532	-0.02758249	0.14660256	0.20699898	0.34509372	0.37981983	0.12433146	0.20736283	0.38026397	0.14640086	0.09770906	0.05947622	0.23859994	0.19395506	0.10291163	0.13714461	0.17156814	0.15620665	0.12081680
17Networks_LH_SomMotA_10	0.14582323	0.24391663	0.08461295	0.31306163	0.15777674	0.24165760	0.35639718	0.46196199	0.51267806	0.30427035	0.49060878	0.44085903	0.16982989	0.09829591	0.18898218	0.13217973	-0.00017142	0.30872326	0.11109689	0.27199073	0.17284039	0.23838205	0.37941778	0.15789912	0.59061948	0.43599526	0.60273288	0.47995936	0.76470716	0.42036297	0.49813268	0.59559471	0.87071679	1.21093060	0.58174461	0.70306395	0.56719088	0.19402318	0.42633835	0.67250324	0.59777953	0.34031941	0.35353314	0.15781516	0.13782393	0.04809415	0.40383243	0.15710799	0.09152650	0.06270566	0.17985792	0.31903378	0.36430883	0.43846673	0.22388372	0.04901118	0.11194573	0.35022443	0.31502174	0.13998582	0.25999919	0.13315553	0.36183783	0.07159428	0.06434166	0.12478715	0.10098321	0.03350631	0.28388477	0.21830712	0.33037319	0.47641288	0.25493562	0.59729782	0.32257648	0.53810091	0.45335989	0.58707111	0.19530272	0.45295029	0.09196191	0.33358753	0.28963653	0.23777023	0.42623731	0.24418611	0.08043604	0.23906429	0.15109985	-0.04799856	0.28175002	0.33872334	0.40320470	0.11702190	0.22551261	0.28092644	0.23044382	0.41132110	0.26227395	0.37698452	0.27736448	0.25913594	-0.09807961	0.08698640	0.17947828	-0.06905090	0.02636204	0.12978271	0.07361828	-0.05029299	-0.05477370	0.15216913	0.26669067	0.12952001	0.02812524	0.03754719	0.19434989	0.04041743	-0.07912056	-0.02389656	0.05804331	-0.01336873	0.03515691	0.05643766	0.13618533	0.10988219	0.13105114	-0.10046472	0.16063261	0.21757540	-0.02986623	-0.01689494	0.23747965	0.01033572	-0.01215324	0.06865370	-0.02740241	0.03624817	0.03057535	-0.05594833	-0.07340989	-0.01498362	0.08468818	0.29897777	0.26903852	-0.03277029	0.21624329	0.21762324	0.00960042	0.04636348	-0.02375636	-0.03027426	-0.04425027	0.09795702	0.06496731	0.04921366	0.13069342	0.14170634	0.08673470	0.16954150	0.14242604	0.09591765	0.07928438	0.06178999	-0.03252693	0.06549617	-0.06281617	0.18407491	0.22104192	0.12767004	0.11125358	0.15831220	0.02068001	-0.03724345	0.09847175	0.01095712	0.09817328	-0.03442437	-0.07525282	0.08920841	-0.00740806	0.10282472	0.08903711	-0.03334437	0.09891238	-0.07460339	-0.03124998	-0.04587770	0.15241763	0.07565394	0.04187151	0.09500368	0.07185228	0.08532715	0.12257928	0.10409040	0.21351837	0.14343926	-0.08188053	0.19316825	0.41300973	0.04059289	0.37947483	0.03145991	-0.02256824	0.07720448	0.26562281	0.58367349	0.48638189	0.41801479	0.46404953	0.46144772	0.29063119	0.25458804	0.14599064	0.09355634	0.07462695	0.13010629	0.19718276	0.23249391	0.23421190	0.11727689	0.30101182	0.34486615	0.40641606	0.57674455	0.25908893	0.55764831	0.45739420	0.69101761	0.49437684	0.59390510	0.51098203	0.43235222	0.66547278	0.47804042	0.42372515	0.49286348	0.48881888	0.30173333	0.40807967	0.28707537	0.41107225	0.05641507	0.11508506	0.08047976	0.13962078	-0.06777505	0.23767998	0.05147624	0.10835725	0.13718999	0.37550522	0.13457026	0.28435667	0.18946178	0.12983517	0.26610704	0.50308486	0.22964646	0.29857528	0.49713323	0.13391543	0.24339144	0.42955564	0.19871544	0.24671619	0.40031813	0.37044837	0.39689882	0.47764432	0.37165561	0.08759032	0.32761849	0.49066894	0.52823714	0.34295251	0.63129181	0.30339274	0.44582930	0.41601749	0.47963777	0.39653047	0.28868862	0.34188880	0.44385550	0.31458876	0.35375134	0.16402890	0.11244299	0.20015170	0.24307698	0.16615706	0.40950180	0.13942641	0.50403647	0.22386389	0.32897769	0.27968055	0.41655875	0.25972752	0.54722018	0.19429401	0.27065466	-0.08394854	-0.00210426	0.20914246	0.25966132	0.03131885	0.34605650	0.21317471	0.33440668	0.11811525	-0.01818296	0.03250567	-0.14352570	0.11222693	0.08424259	0.03821789	0.20747126	0.03356468	0.07763398	0.12570868	0.02971421	0.24851147	0.42413207	0.21406964	0.29294832	0.15173577	-0.00100262	0.20325456	0.14767598	0.27917605	0.20249440	0.20942477	0.15391352	0.03082102	0.20356542	0.20892816	0.31719521	0.22065440	0.10261759	0.07596483	0.22897163	0.02429967	-0.13190573	-0.13197721	0.06500604	0.11718550	0.13823536	0.29707981	0.44284953	0.10824083	0.30278565	0.23372263	0.12602107	0.21887350	0.18059448	0.13149955	0.12648106	0.10201515	0.10261166	0.10065058	0.12724383	0.24900692	0.23857854	0.13565747	0.01481510	0.01313216	0.13865273	0.09364910	0.11498095	0.18099336	0.28352829	0.23993402	0.00145273	0.11934430	0.10102661	0.15924112	0.09537921	0.10062662	0.10570127	0.12536394	0.12023701	0.13240168	0.19629081	0.13869386	0.17204093	-0.05722150	0.23088266	-0.08849350	0.26370424	0.07641313	0.40293538	0.29751978	0.33059328	0.47593868	0.43090288	0.20678966	0.31175513	0.07700342	0.07331406	0.04250868	-0.01584961	0.14376809	0.02641043	0.12986964	0.28674112	0.07692544	-0.23284007	0.04306919	-0.03531666	0.30663239	0.25225361	0.00411073	0.26221887	0.09644673	0.30448569	0.04189702	0.10297523	0.10359297	-0.09086536	0.20386670	0.18443788	0.01943653	-0.09507870	0.14422748	0.14839248	0.36693575	0.14879948	0.06281550	0.32694259	0.31724429	0.28868291	0.31273248	0.03735506	0.00168377	0.41417304	0.18585012	-0.01102721	0.19286074	0.11793673	0.21229807	0.22455668	0.19281532	0.16146402	0.03486336	0.14745649	0.26642016	0.36555578	0.40616700	0.11091113	0.24655155	0.42282030	0.18972949	0.14960184	0.11470632	0.22494290	0.27188600	0.14656478	0.18895610	0.17390319	0.12869117	0.16390269
17Networks_LH_SomMotA_11	0.02301532	0.22667344	-0.05391772	0.14555493	0.00560561	0.05189083	0.17360555	0.16064859	0.25468046	0.00634040	0.38688553	0.32668604	-0.01062894	-0.07359997	0.07695027	-0.07710098	-0.05580444	0.07232381	0.04876070	0.16149272	0.11134817	0.09149155	0.37322020	0.01720228	0.25768822	0.31769773	0.37222405	0.37279329	0.50939441	0.15364005	0.33912543	0.38926112	0.48134324	0.58174461	1.05603040	0.44114556	0.54971803	0.10239105	0.40558685	0.60656629	0.59579935	0.08133317	0.39470575	0.02290358	0.08598543	0.04404396	0.16368363	0.05583857	0.10732235	0.11383771	0.10554221	0.20197574	0.28081320	0.28169869	0.18548220	0.08558058	0.10223410	0.28301322	0.23854331	0.06607070	0.15068374	-0.08158921	0.15989038	0.05949535	0.11611164	0.02691910	0.25051878	0.03687505	0.20921675	0.20735158	0.33692926	0.48275281	0.17181319	0.43429030	0.21109210	0.32893141	0.28437852	0.59464423	0.35953923	0.42601706	0.02011683	0.20078923	0.22777975	0.20640288	0.30192004	0.16712533	0.00382764	0.08696231	0.04654350	-0.17809351	0.09492227	0.13335225	0.13684087	-0.05040956	0.10344750	0.12881131	0.26859987	0.20925655	0.17569986	0.13068655	0.09023680	0.20021660	-0.01901236	0.02066602	0.01780828	-0.20745945	-0.04438062	-0.01045840	0.02420094	-0.14640325	-0.10408841	0.11407568	0.16649946	0.04468975	0.02316972	-0.00869479	0.08142874	0.11826616	-0.05964106	-0.10070195	-0.10854707	0.05075228	-0.00062086	0.00395636	0.02736694	0.03912407	0.16400722	-0.11848016	0.13635279	0.17342546	-0.00165434	-0.07627837	0.13962973	-0.11217291	-0.04013638	0.00979779	-0.12226956	-0.01199871	-0.00374185	-0.15426139	-0.06307919	-0.03362790	-0.00610270	0.20633724	0.28643826	0.16915781	0.13195243	0.11617400	-0.09766157	0.02877184	0.05306723	-0.04077432	0.01817523	0.04783809	0.09854148	0.03787300	0.03771728	0.02160573	0.12015193	0.23771695	0.17121926	0.10578389	0.08085445	0.04090508	-0.01517231	0.02928646	-0.07902539	0.06595675	0.04037012	0.00705297	-0.09616538	-0.04100952	-0.02400788	-0.04872029	0.02478051	-0.01342182	0.07354306	0.04151060	-0.10158431	0.05914193	0.03632363	-0.02031328	-0.01168292	-0.15512296	-0.04652031	-0.12687871	-0.10913850	-0.07849635	0.10451714	0.08580049	0.08874385	0.14747890	0.08208918	0.05754987	0.03413254	0.01079804	0.07934762	0.02122639	-0.09074725	0.05712467	0.18124486	-0.11882202	0.20941260	-0.06675049	-0.01562480	0.08528836	0.06766281	0.38512679	0.29489670	0.13062032	0.33734590	0.37845412	0.21543516	0.08438211	0.08050034	-0.11346022	0.02319732	-0.05723232	-0.00039503	0.09487498	0.10168529	-0.04947199	0.16499529	0.29145352	0.30628872	0.32121520	0.16952248	0.28153743	0.31882748	0.38597062	0.41954321	0.41552234	0.29936986	0.35483256	0.52321876	0.30637756	0.42242216	0.39828811	0.45540008	0.03519882	0.36247039	0.49277444	0.27416606	0.10054696	0.06403294	-0.00580100	0.07621493	-0.00949094	0.11428373	0.02682284	0.02904576	0.09834623	0.19099714	0.08445013	0.22540114	0.10178812	0.10292730	0.21628688	0.41543988	0.12693571	0.20970798	0.26910345	0.08493346	0.19011524	0.30303785	0.13861321	0.19518458	0.29789751	0.34163174	0.25122221	0.43794592	0.37684185	-0.02172297	0.24997741	0.31303129	0.37836713	0.14707989	0.34847682	0.30818411	0.39242137	0.22864698	0.29275635	0.25136726	0.29690587	0.19730973	0.27020518	0.21325147	0.19504188	0.04799807	0.10220907	0.03226116	0.09928733	0.12274073	0.13279853	0.13252934	0.28680294	0.13686157	0.17775721	0.19016774	0.31202005	0.12507659	0.30281665	0.22092729	0.11648626	-0.16869071	0.03316703	0.12738037	0.29679330	0.08886146	0.19017671	0.13395033	0.19371387	0.11101643	0.00213780	-0.06628451	-0.15163013	0.03882261	0.15494210	0.02868955	0.08271080	-0.01854875	-0.03286978	0.00120209	0.03654711	0.26014345	0.19959586	0.14001875	0.14982366	0.24972244	-0.03100244	0.11229821	0.20727681	0.24139648	0.09318186	0.16697865	0.07862086	0.03801721	0.10838834	0.12740916	0.15010486	0.09629326	0.18055745	0.13395290	0.12752449	0.04915652	-0.10513904	-0.10085842	0.00372921	0.03935052	0.07127351	0.27796566	0.29427628	0.21743200	0.30289831	0.30002860	0.15462690	0.16270387	0.16013410	0.10759966	0.10790552	0.11170965	0.16520400	0.13375651	0.19914891	0.15857492	0.04765130	0.15000018	0.05712767	0.05923333	0.10444159	0.04069774	0.05749635	0.10954186	0.15882795	-0.01896958	-0.04757557	-0.00552995	0.10146943	0.11589713	0.10727592	-0.03786608	0.11779262	0.05006192	0.02128755	0.16458039	0.21823864	0.08389415	0.21234467	0.10250312	0.20812580	-0.15851375	0.23874061	0.15292629	0.21911556	0.14182857	0.14929090	0.23604506	0.25619830	0.10389431	0.14752787	0.07441142	0.02485488	-0.05938257	-0.09165871	0.06133250	-0.07661514	0.05837931	0.11723098	0.03869778	-0.23515812	0.06253945	-0.15641459	0.11346488	-0.02622316	-0.08951564	0.09467400	-0.02005136	0.27749195	-0.05238861	0.01140498	-0.02104062	-0.06826408	0.15435519	0.04059861	-0.02640356	-0.05266538	0.13078695	0.10668479	0.15386736	-0.08882027	-0.01259247	0.13135065	0.29294686	0.25779550	0.31180539	0.20294586	0.02632665	0.39207642	0.34441557	0.00128211	0.12601610	0.17826988	0.24416388	0.16083762	0.06642669	0.15110093	-0.01311873	0.18431048	0.17355740	0.25964583	0.26689727	0.21703264	0.32736009	0.46144375	0.29303580	0.23389778	0.05578657	0.18681915	0.11206212	0.10791464	0.12017982	0.11406630	0.03802882	0.18785787
17Networks_LH_SomMotA_12	0.17626402	0.29554121	0.02193680	0.27028561	0.11341544	0.32910715	0.35744628	0.34698796	0.48502019	0.14986086	0.36330857	0.25901335	0.27437164	0.16696390	0.21561178	0.27966565	-0.00559382	0.34057272	0.08802938	0.28450198	0.06238888	0.19079559	0.32894247	0.11089871	0.47926039	0.47761736	0.54458386	0.41279143	0.65083851	0.37057226	0.56741201	0.60757527	0.69251815	0.70306395	0.44114556	1.22145802	0.51986807	0.15671817	0.37070814	0.70579224	0.62582350	0.37207847	0.38844550	0.11040530	0.17400129	0.08903613	0.41989594	0.26545996	0.06939370	0.16435912	0.31883668	0.48397710	0.46118206	0.51723553	0.29102810	0.05142820	0.23052164	0.23690647	0.36814549	0.23202014	0.25383249	0.13571033	0.31665979	0.00976023	0.03071189	0.10762609	0.05530063	0.01385226	0.39827638	0.29890464	0.38649205	0.44161365	0.23176312	0.47975555	0.22281157	0.40878282	0.37050366	0.37747923	0.22700315	0.35407003	0.05964722	0.34941470	0.39372792	0.36159239	0.52798091	0.31379902	0.17749901	0.34416130	0.23984448	0.14351887	0.33757700	0.38389908	0.46374193	0.24015033	0.24626777	0.27931126	0.28465490	0.48439385	0.47946361	0.58774028	0.24841249	0.24030226	-0.04051725	0.13573032	0.30833146	-0.03161734	-0.09490150	0.24642591	0.04292768	-0.10259480	-0.07499555	0.19227016	0.19637091	0.13266417	0.08421793	0.05117520	0.23012118	-0.00284062	0.03189802	0.01626507	0.04421185	-0.06294998	0.14319586	0.08088857	0.09821519	0.21722973	0.20399717	-0.02084674	0.03632584	0.23432113	0.02552461	0.11613513	0.28690634	-0.04700389	0.01114246	0.01150574	0.01421234	0.00562459	0.07575153	0.00377908	-0.03456018	-0.04431124	0.24679086	0.19565719	0.20273288	-0.03546570	0.20290742	0.18212648	-0.02741309	-0.02364965	0.06838240	-0.06301063	-0.06152212	-0.06080174	-0.10996973	0.05568757	0.08164241	0.26646446	-0.04245418	0.10947142	0.09699271	0.08671448	0.13284421	0.10240862	-0.02854770	0.10762216	0.06948945	0.15817967	0.21447363	0.11779661	0.14323056	0.18932296	0.06014758	0.02231208	0.15669411	-0.06245352	0.06615071	-0.09178070	-0.03252840	0.09438952	0.01883530	0.18098372	0.14238194	-0.08739214	0.11446569	0.01164429	0.06808889	-0.08522453	0.22449519	0.01707082	0.04297346	0.04512007	0.17816078	0.20326948	0.23194939	0.16731100	0.14266389	0.30213657	0.05348257	0.28617002	0.31062419	0.04584562	0.30161779	0.05867297	-0.00899279	0.03617767	0.28592754	0.47847343	0.37535145	0.31103999	0.31362112	0.26217367	0.33211870	0.30271491	0.25863434	0.13295507	0.15492160	0.04525205	0.19219641	0.23032178	0.14374286	-0.03845405	0.14326110	0.42052457	0.47632430	0.64332552	0.29918922	0.56253968	0.53266556	0.57991650	0.38758484	0.59107207	0.49662590	0.35579216	0.77466080	0.54790945	0.38162185	0.48110914	0.48950327	0.51508073	0.27568373	0.16237682	0.39842070	0.12876835	0.22839108	0.24472481	0.18070773	0.09901083	0.32092451	0.12994902	0.20933384	0.25701875	0.46957445	0.20473451	0.36347272	0.25741836	0.27653703	0.45309933	0.42030016	0.16901211	0.19691291	0.44278422	0.00961118	0.11562403	0.29532172	0.15219688	0.21198480	0.29701895	0.33156512	0.48775880	0.45703080	0.34304872	0.18854268	0.41104621	0.48104485	0.54457511	0.41462066	0.58404518	0.29360131	0.42794431	0.29858994	0.53997856	0.56625377	0.26805782	0.37397228	0.40752977	0.33988792	0.41337973	0.18891721	0.09455434	0.30108478	0.31929569	0.20098992	0.48284661	0.31708482	0.53786489	0.28632867	0.27883992	0.30234566	0.40118044	0.22640796	0.52875703	0.08274003	0.32041846	0.05739100	-0.03834913	0.08391044	0.17318877	0.05465436	0.40980393	0.16478040	0.39821832	0.10585469	0.01876042	-0.01442802	-0.09474598	0.12129704	0.00238199	0.03116053	0.24613922	0.00184278	0.04501676	0.11921738	-0.01392786	0.15736482	0.45255010	0.26765574	0.38643412	0.11496172	-0.01556079	0.25978942	0.16190719	0.36289148	0.24982678	0.18037352	0.04623325	0.07331952	0.12466926	0.06522502	0.35124711	0.22085889	0.04707187	0.01861314	0.19081837	-0.03883287	-0.07661137	-0.08993666	0.05911271	0.07407744	0.15934370	0.21488816	0.34029616	-0.03163325	0.19286581	0.15626924	0.15057962	0.11991426	0.07290701	-0.02190364	-0.02894436	0.01486767	-0.08576175	-0.02343547	-0.00250922	0.14493276	0.29114244	0.00744325	-0.05928930	-0.11018286	0.07653550	0.09181211	-0.07282165	0.09911084	0.15906939	0.16544989	0.01335149	0.11895063	0.13856922	0.19984781	-0.05357050	0.12075202	0.03519873	0.12079694	0.20586605	0.00515268	0.09442844	0.13463848	0.11816255	-0.01917814	0.21838884	-0.06726534	0.22336518	0.04784530	0.35144434	0.23215916	0.21088693	0.37787771	0.39359042	0.08217049	0.34251844	0.11914305	0.16954360	0.06284558	0.10785354	0.27908137	0.05242124	0.20131079	0.26271263	0.05234872	-0.16494158	0.21202670	0.02561646	0.38096123	0.36431459	0.04350844	0.34970606	0.07513724	0.30713043	0.04179166	0.13697342	0.15048650	0.04080042	0.16386946	0.15506606	-0.05092032	-0.12125038	0.12091222	0.15198130	0.38354145	0.18591565	0.09214696	0.32408694	0.31233226	0.30631086	0.34125916	0.10600864	-0.02245107	0.36809396	0.25910468	0.13723358	0.18619381	0.13568963	0.16159890	0.16474346	0.09046539	0.14999793	-0.10468834	0.10700035	0.31160412	0.34002742	0.36435682	0.19150269	0.09870182	0.37105663	0.16092427	0.15772040	0.18682167	0.21034297	0.29504669	0.16417845	0.30748053	0.17192939	0.03575254	0.14506283
17Networks_LH_SomMotA_13	-0.05298569	0.12391267	-0.18173767	-0.03796432	-0.08516985	-0.00780401	0.08076241	0.21119839	0.24918110	0.02185724	0.37984517	0.27784308	-0.00506207	-0.02031758	-0.01136557	0.05329992	-0.04927728	0.15921699	0.03331873	0.23016068	0.12907472	0.13978269	0.32156945	-0.00715098	0.44015751	0.33728796	0.29277864	0.30890793	0.44145755	0.19731356	0.51516287	0.55046371	0.38601058	0.56719088	0.54971803	0.51986807	1.08216216	0.07697280	0.31441856	0.41722378	0.61498887	0.22171431	0.36007397	0.18802054	0.16923660	0.04123843	0.36725695	0.19961642	0.24284427	0.12161322	0.14914317	0.21003710	0.29809604	0.33920634	0.19674993	-0.01964984	0.09355336	0.28682131	0.22563217	0.04896813	0.09374730	-0.14037003	0.07895627	-0.02016552	-0.01437155	0.08649873	0.07793952	-0.09076513	0.19618946	0.10312682	0.16826568	0.46364930	0.14271144	0.32475502	0.01275312	0.25673055	0.36548117	0.52654354	0.24961448	0.44265860	0.04188653	0.17997090	0.10457693	0.13353925	0.25857959	0.14450718	-0.05299823	0.10022948	0.12897830	-0.00734195	0.19020894	0.26418486	0.26605575	0.06789059	0.04764271	0.12539924	0.10049086	0.24570801	0.15559861	0.23033912	0.12922435	0.09492360	-0.09789579	0.06962246	0.14003804	-0.01943424	-0.08127037	0.08068615	-0.07645987	-0.15802948	-0.13910049	0.07508811	0.22708165	0.29705735	0.14528337	0.08156216	0.23901998	0.11843534	-0.07693597	-0.01660583	0.04759127	-0.02849066	-0.05996695	-0.01311012	0.06925658	0.01254655	-0.10055290	-0.09366987	0.16609767	0.20876010	-0.02786411	0.00312107	0.17930440	-0.26797949	0.04104216	-0.03679090	-0.11453275	0.04379883	-0.10693471	-0.14922233	-0.09458254	-0.07377714	0.00606323	0.22792182	0.10455075	-0.05786985	0.16372724	0.20363327	-0.09279164	-0.03685445	-0.04198093	-0.14129032	-0.07926377	-0.03081209	0.01981667	0.07071397	0.08370794	0.00397915	-0.01333162	0.05469766	0.09214463	0.05958668	0.05649869	0.06249352	-0.11527373	0.08715394	0.01551843	0.31592555	0.14177825	0.08639707	0.02865679	0.14338451	-0.14028798	-0.12780709	0.00592350	-0.11698790	-0.02273526	-0.05719645	-0.11777880	-0.06752182	-0.03679787	-0.04295280	-0.00019144	-0.19224691	-0.05588875	-0.19894971	-0.06837149	-0.12529785	0.09671890	-0.00158229	0.00959416	-0.04138578	0.05614728	0.07354301	0.16062052	0.02337254	0.23040755	0.15362083	0.05671912	0.09033422	0.17291601	-0.10648125	0.13497571	-0.06637006	-0.11943045	-0.02311935	0.06507880	0.41321814	0.27741672	0.23723013	0.38095726	0.38853585	0.24917473	0.22476403	0.03814316	-0.01874925	0.16001931	-0.00707579	0.03565882	0.18097363	0.13289479	-0.03041513	0.19496443	0.34757709	0.22289584	0.40167735	0.27646435	0.45828921	0.35808009	0.49706239	0.50893838	0.45200120	0.45727069	0.42467315	0.58718955	0.37259001	0.61135704	0.45067505	0.40535095	0.19232322	0.28625563	0.29916592	0.14663577	0.02634477	0.21466634	0.22577654	0.21551835	0.11094081	0.21446856	0.12546363	0.10309676	0.19701888	0.32448080	0.23193215	0.34436543	0.14122689	0.12845364	0.29942083	0.21111853	0.00146308	0.14327221	0.36652606	0.10867213	0.09186208	0.19026711	0.19961783	0.08939034	0.34845401	0.23094164	0.29108855	0.50888862	0.32964376	0.06908623	0.36660533	0.34032864	0.34457847	0.27820299	0.45517867	0.18912535	0.38038675	0.20989466	0.20163339	0.30122326	0.15346795	0.27875262	0.49647812	0.29299615	0.19557151	0.12182014	0.03604039	0.22276865	0.25893317	0.22589436	0.30610611	0.17324995	0.32948086	0.26329967	0.15656583	0.17346069	0.28866866	0.18990903	0.29031446	-0.01837535	0.22016904	-0.07423998	0.04525653	0.04665011	0.15469199	0.04043353	0.29437302	0.20183278	0.30261300	0.02557946	-0.04057929	-0.07519511	-0.12736900	0.14138275	0.02651182	0.02737039	0.38799425	-0.06302052	0.11639115	0.02666810	-0.03561980	0.16784236	0.19986916	0.28279725	0.22131498	0.13159211	-0.08640237	0.19806194	0.08860606	0.25176966	0.18673470	0.21079954	0.16592156	-0.02938959	0.18631264	0.13060699	0.16690938	0.21587408	0.05301822	0.04365342	0.07240790	-0.00749356	-0.21304555	-0.14072700	-0.00813255	0.03899127	0.00184214	0.25533942	0.25356728	0.01821556	0.13780794	0.14099637	0.03573305	0.28372139	0.21593075	0.00878964	0.04334874	0.05481698	0.11939439	0.04711123	0.05288402	0.21116465	0.09471915	0.07024938	0.00058567	0.14830617	0.15042811	0.05617934	0.01069653	0.22668722	0.15525307	0.12906262	-0.03384360	-0.10341060	0.01067823	0.00267768	0.03743576	-0.15258333	0.03386713	-0.03639347	-0.00128682	0.00869714	0.10541158	-0.00205513	0.13392106	0.04314152	0.19667762	-0.14832477	0.28975319	0.07347592	0.26749870	0.31606244	0.30906578	0.23431352	0.32810143	0.04656416	0.21114661	0.20151829	0.14165567	0.07393730	0.01722518	0.07633235	0.03547982	0.15342746	0.19971812	0.03644600	-0.16212058	0.09790937	0.05102790	0.18871343	0.26736923	0.01037007	0.06686546	0.09623796	0.29361757	-0.00634788	0.00586276	-0.04128865	0.05185745	0.24185362	0.21913879	-0.03631399	-0.01985223	0.26463274	0.18306331	0.27669905	0.23103347	0.07591634	0.11759867	0.25616627	0.32949437	0.31398581	0.16930776	0.09491845	0.46780215	0.32245589	0.08769755	0.11990331	0.22368280	0.25131284	0.14022204	0.03103628	0.18817796	-0.07977458	0.17471678	0.15816663	0.33881022	0.39046104	0.20302101	0.15519513	0.41119010	0.21377811	0.19643634	0.08769413	0.12441932	0.23479790	0.06048580	0.21717185	0.02646938	-0.02476467	0.15707550
17Networks_LH_SomMotA_14	0.27672317	0.23739876	0.27314147	0.23838959	0.05841281	0.09015196	0.21446004	0.09875996	0.16051491	0.02987945	0.24687847	0.12298457	-0.01796840	-0.02099822	0.18015081	0.12277379	-0.03173626	0.06952351	0.04214974	0.02614780	0.12116022	0.08250684	0.23000684	0.10557003	0.08365017	0.29051181	0.04720610	-0.12640898	0.13439474	0.09977422	0.24015949	0.24457040	0.12929272	0.19402318	0.10239105	0.15671817	0.07697280	1.06046746	0.55282673	0.17916951	0.17519638	0.29705906	0.25664180	0.14670195	0.16342983	0.11411044	-0.04802286	0.06619954	0.05934126	-0.08152399	0.03063788	0.10561426	0.16332904	0.17917774	0.18408338	-0.03969930	0.22152199	0.15720814	0.27309509	0.19825990	0.16459251	0.32832463	0.15944757	0.13472668	-0.02325705	0.00973666	0.08228265	0.08522269	-0.05452051	0.04489789	0.11307193	0.13529174	-0.09939739	0.05325530	0.05656925	0.16398063	0.01116999	0.11620104	0.03645361	0.11303437	0.54001400	0.31532410	0.27779572	0.25954151	0.14214512	-0.02106533	-0.02114841	-0.09861067	-0.13317053	-0.06104667	-0.07174168	-0.08351328	0.07346036	0.14316398	0.08336174	0.00717990	0.33280399	0.21472571	0.29662591	0.23848382	-0.03367371	0.15181611	0.13911727	-0.17558718	0.04353953	0.01538455	-0.01448110	0.31353804	0.13263346	-0.11422751	0.00708069	0.30404631	0.46471644	0.25561860	0.06472801	0.06445013	0.15617015	0.06600852	-0.03376443	-0.27104975	0.16107066	0.14689070	-0.06471378	0.10833288	0.02962364	-0.01683775	0.04429636	0.00761052	-0.11824330	0.06491575	0.23621546	0.26903714	0.03344439	0.24868389	0.29562834	0.17728139	0.11264451	0.03908144	0.22080209	0.22173874	0.33312193	0.22098145	0.39859463	-0.06005996	-0.12890167	0.02724636	0.04485228	-0.04816648	0.36227016	0.43242328	0.38106161	0.33919372	0.31021989	0.35919521	0.23731371	0.26464893	0.23127058	0.36662756	0.17890201	0.27712867	0.43637500	0.34839433	0.39773312	0.37487575	0.47739204	0.22951397	0.07085556	0.43052337	0.39978470	0.33465671	0.36915185	0.22802768	0.13916861	0.16576696	0.57406991	0.45457071	0.30652472	0.03084605	0.12567778	0.23759153	0.15888418	0.29207399	0.15434885	-0.06982621	0.24805135	0.21423090	0.09493788	0.28859953	0.07412455	0.21529415	0.11497346	0.08966680	0.13025769	-0.06136586	-0.11668031	-0.00774869	0.11429087	0.06362461	-0.04057478	0.00532092	0.28287390	0.13722321	0.35688212	0.10449253	0.05445001	0.32110576	0.26035969	0.26695346	0.19607348	0.15819515	0.16563979	0.11000960	0.11552543	0.00190184	0.13637124	0.12476516	-0.05907232	0.07816141	-0.03061993	0.00407051	0.10704307	0.04947659	0.17395759	0.20884544	0.32146745	0.26504247	0.17036295	0.20578533	0.27523610	0.17608624	0.24125426	0.27633358	0.34273528	0.38477771	0.17226731	0.50701585	0.18566968	0.32963594	0.29212608	0.04395178	0.53320324	0.16795492	0.37980647	-0.04404919	0.07194279	0.05750495	-0.01108879	-0.08624179	0.08648934	0.00797772	0.01734380	0.05371491	0.13783455	-0.11645961	0.05554343	0.21304747	0.27216063	0.22987861	0.14375283	0.35993682	0.49956311	0.16136089	-0.08520155	0.20414560	0.19636913	0.03699576	0.01065578	0.11490032	0.05200012	0.06584610	0.16366906	0.08269341	0.19053516	0.16165431	0.13728747	0.20982558	0.04120098	0.12398100	0.10695049	0.16516236	0.44570732	0.22744852	0.04726011	-0.07385530	-0.05066281	0.10802804	-0.06299394	0.23715742	-0.07949945	-0.16539856	-0.07496107	-0.02177901	-0.21200648	0.04594681	-0.21796008	0.23186526	0.11618320	0.07877138	0.25081443	-0.09181439	0.05122634	0.16821332	-0.09387375	-0.01329399	-0.14556336	-0.12114296	0.13153107	0.11166037	-0.20851668	-0.24735641	0.10259568	-0.02545041	0.00151793	0.01935151	0.03507786	-0.28602202	0.18567498	0.30504017	0.06263071	0.26391310	-0.18328573	0.13908723	0.04651374	0.13524777	0.13905900	0.16507125	0.01709847	0.14749355	-0.08807633	0.08531257	0.13339139	-0.06319307	0.03587532	0.11548924	0.12942167	0.21658284	0.08317924	-0.18059422	-0.11391563	-0.08250556	-0.12207098	-0.06069099	0.05706565	0.31095703	0.11827903	-0.09127546	-0.16266250	-0.17051523	0.22667682	0.17341693	-0.13974586	-0.18399450	0.25043992	0.10124366	-0.16611780	0.02662047	-0.01141993	0.35135326	0.08648403	0.23438856	0.04460734	0.09674328	0.25184647	0.17864923	0.09494363	0.21653885	0.25148299	0.33049932	0.22080030	0.26079290	0.36873015	0.03299750	0.04900879	0.08399110	0.12239456	-0.00544366	0.33792800	0.42908724	0.30879694	0.16093640	0.09972914	-0.02767154	-0.01346672	-0.13179105	0.37268132	0.30081283	0.05981014	0.14336248	-0.01924145	0.12513870	-0.14685450	0.27613340	0.06494747	0.08339597	0.05968036	-0.10728167	-0.04379093	0.00819873	0.07341393	-0.17858934	0.09286746	0.07872658	-0.00214773	-0.00075613	0.17817389	-0.10841462	0.12913742	0.25618093	-0.05960208	-0.29416683	0.07243475	-0.12880396	-0.02375140	0.06570787	-0.05554502	0.11973654	0.04848634	0.14224500	-0.01036003	-0.07771682	0.21307721	-0.03022545	0.07959803	0.11567252	-0.02759346	-0.09012824	0.08595228	-0.10724936	-0.03711684	0.05645115	0.00767760	0.08646038	0.15230975	0.23557406	0.24852744	0.15405919	-0.06877215	0.26845600	0.19611599	0.04624213	0.20835754	0.19902331	0.17126593	0.14631194	0.10749253	0.15517369	0.02213393	0.09122732	0.27480719	0.26298635	0.15376367	0.13034240	0.22842298	0.20209809	0.10646451	0.25502445	0.27071797	0.33763066	0.50127490	0.50847908	0.46091868	0.37500969	0.35367658	0.39066491
17Networks_LH_SomMotA_15	0.27380449	0.29390840	0.30364795	0.29715572	0.03412689	0.13113680	0.28840122	0.11835048	0.32374338	0.08649244	0.31696698	0.18196869	-0.07832891	-0.04602200	0.31200358	0.03151031	-0.08462259	0.17739269	0.01312458	0.06000861	0.13164707	0.11537402	0.37130926	0.21506067	0.30975789	0.26195780	0.19053941	0.05361667	0.39380988	0.18263553	0.45360345	0.34799462	0.33239289	0.42633835	0.40558685	0.37070814	0.31441856	0.55282673	1.15205661	0.49403183	0.44568446	0.15896953	0.49849968	0.02717094	0.22544668	0.20963215	-0.02863943	0.12621865	0.08839169	0.02011874	0.06154348	0.10636820	0.32362738	0.34627403	0.12610847	-0.09819430	0.20891639	0.11910536	0.28764439	0.21985048	0.09453367	0.33907803	0.22121801	0.04807334	0.08267017	0.04090871	0.25670099	0.05312498	0.19523219	0.34407295	0.25710582	0.43775191	0.11431212	0.26286250	0.34744119	0.33862433	0.26611123	0.35428903	0.30877642	0.29775282	0.25207411	0.52103066	0.42150008	0.35869456	0.43173504	0.22478754	0.10992106	0.04488937	-0.06015165	-0.10961297	-0.00370545	-0.04951520	0.06887373	0.14548052	0.27434755	0.10972036	0.44213789	0.43340914	0.38378988	0.23569100	0.19827158	0.23960366	0.16973838	-0.09902699	0.10871095	-0.04190182	0.04632878	0.43430103	0.18214306	-0.18552723	0.05209522	0.33524254	0.55051516	0.23841874	0.09578165	0.06184328	0.21460996	0.05479439	-0.09553809	-0.09801223	-0.01209755	0.26567974	0.18357848	0.22859577	0.25063828	0.19483194	0.35221033	0.16406556	0.01876850	0.27380730	0.32459477	0.45394398	0.23762594	0.25569636	0.20958932	0.30688685	0.22317689	0.17605329	0.30404244	0.28960218	0.27206411	0.28314478	0.41874713	0.10516015	0.12172275	0.10415234	0.16046488	0.14517754	0.30367349	0.36095063	0.35516614	0.43049152	0.35753781	0.14916710	0.12762478	0.28558009	0.35717602	0.44263786	0.32994267	0.43112182	0.42340075	0.32841097	0.38112932	0.30392065	0.41517376	0.25927763	-0.04469530	0.34599377	0.36449657	0.17839164	0.38436437	0.13092963	0.10210811	0.12568744	0.40142851	0.30523832	0.36305821	0.02993249	0.17286886	0.31109140	0.14752876	0.44059695	0.12244953	-0.09545102	0.21916633	0.14650343	0.18934721	0.24163737	0.13680824	0.06972246	0.04253127	0.12315184	0.04984374	0.02165121	-0.04987214	0.02045496	0.19306710	0.15957966	0.01921461	0.11684988	0.37732886	0.27359041	0.45662938	0.15854031	0.07920963	0.42113409	0.33573333	0.42891002	0.27530422	0.20229475	0.21569718	0.23121020	0.16992767	0.00636427	0.18968002	0.10341561	-0.10616569	0.02214107	-0.01833889	0.12846097	0.19214980	0.12813521	0.23591576	0.30950261	0.31973652	0.34543438	0.23598659	0.30233870	0.39414152	0.31513883	0.36440378	0.53582906	0.39123842	0.54942983	0.45590139	0.49691371	0.34528598	0.44937757	0.46816879	-0.08193511	0.62401850	0.35379293	0.52767025	0.01672605	0.13244200	-0.03157787	0.00326611	-0.08546282	0.23980721	-0.01399654	0.16114573	0.04787280	0.13827522	0.07185768	0.23218995	0.10783119	0.18357480	0.12592151	0.34848703	0.37136744	0.42752072	0.31941243	0.07012733	0.35350852	0.42766816	0.23078532	0.10425219	0.23741789	0.16931330	0.30396955	0.30449373	0.30448374	0.25662473	0.18189470	0.39833228	0.47166820	0.19400212	0.32965581	0.26050876	0.31336118	0.42987491	0.54275258	0.29487067	0.17419664	0.13322884	0.26817065	0.12366980	0.41578035	-0.10954387	-0.09076956	0.02469615	-0.00222451	-0.15188311	0.09611261	0.06669685	0.40326381	0.26665166	0.26479486	0.20341068	0.12577102	-0.01201577	0.34087478	0.13020316	0.18047591	-0.04451981	0.06959838	0.25662430	0.26944853	-0.03788384	-0.04543631	0.18350441	0.26406288	0.07793785	-0.09493803	0.03281247	-0.24907084	0.09607783	0.33894131	0.00746638	0.28637748	-0.27476122	0.08859214	-0.02163874	0.04995178	0.29087121	0.29914335	0.23898320	0.35208678	-0.01373237	0.13722179	0.21027615	0.17447224	0.24250388	0.29921805	0.29847481	0.32399085	0.24149180	0.05898270	0.19652958	0.20297710	0.17647374	0.07739329	0.15027754	0.40140372	0.17206359	-0.05106844	-0.10353611	0.07476560	0.27039763	0.26486330	0.08436057	0.15221886	0.23155175	0.36661913	0.10324268	0.07561648	0.07423491	0.39164843	0.11592047	0.36441742	0.12362772	0.10159945	0.06597569	0.10966537	0.17228980	0.37033758	0.28642460	0.29291793	0.26746320	0.23111669	0.28353984	0.14760985	0.06991022	0.25231844	0.20744721	-0.03948534	0.25163419	0.31694407	0.38345553	0.17583314	0.15235444	-0.08540410	0.11691169	0.05192688	0.27540270	0.33658582	0.14726096	0.10282544	0.08493810	0.18140372	-0.18664100	0.27762288	0.07716019	0.24184330	0.10892189	0.03336038	0.08715278	0.17685191	0.13529828	0.04728101	-0.01474552	0.03395780	-0.04075413	-0.06196027	0.22073035	-0.11290944	0.20127310	0.19059640	-0.15931070	-0.33569440	-0.02035219	-0.19645322	-0.02031439	0.01591479	-0.10876286	0.20440383	0.00986646	0.28752457	-0.02487259	0.00496102	0.13342997	-0.06426962	0.17039649	0.12598486	-0.08642565	-0.21647263	0.13132979	-0.08369939	-0.00306238	-0.03304843	-0.03610900	0.18097171	0.20567747	0.27950993	0.27475801	0.13500962	-0.03515095	0.34072732	0.20826883	-0.02471717	0.18294332	0.15717940	0.13999649	0.10031905	0.05443572	0.07776432	-0.05331476	-0.00442733	0.36258825	0.25890243	0.18862966	0.13408300	0.23781603	0.29107777	0.08236778	0.36807938	0.29518501	0.34789232	0.49188415	0.43848663	0.37408756	0.34478888	0.32685610	0.36227559
17Networks_LH_SomMotA_16	0.33578699	0.35369700	0.18253291	0.35513568	0.21039622	0.40907099	0.40673498	0.40302228	0.47086698	0.18403113	0.36541156	0.26356248	0.31214003	0.20453750	0.31716815	0.20068656	-0.00232496	0.23628050	0.08488977	0.29670506	0.04520584	0.24740758	0.36924691	0.08874826	0.51157645	0.43749698	0.49126653	0.29156074	0.71200576	0.35577288	0.38000123	0.50921163	0.68858528	0.67250324	0.60656629	0.70579224	0.41722378	0.17916951	0.49403183	1.20644212	0.64523596	0.12588891	0.50392310	0.13417108	0.38288163	0.21335493	0.36254371	0.33016830	0.02827036	0.20063949	0.40414210	0.55619408	0.51618564	0.52369789	0.30687285	0.04695716	0.26172336	0.21457872	0.41164712	0.25372777	0.38778920	0.30666702	0.41984884	0.17515149	0.06911270	0.04842280	0.08871412	0.08201965	0.30177447	0.29900937	0.43837788	0.43487688	0.25894072	0.51583130	0.35352350	0.46482153	0.34596192	0.49407766	0.34256020	0.33656366	0.15220216	0.34461517	0.32367841	0.30780189	0.52714801	0.48918758	0.26503129	0.33330554	0.25552262	0.14854469	0.34429514	0.39562695	0.47594294	0.23548826	0.36288079	0.36064779	0.33284815	0.61937981	0.48285732	0.38645545	0.30146775	0.40921494	0.04154480	0.11457102	0.34845874	-0.08855665	-0.05719593	0.16538920	0.18180321	-0.11052801	-0.05538802	0.26862009	0.28600278	0.08226838	0.12430116	0.14242529	0.16173364	0.09922727	0.04193496	0.02391749	-0.00684427	-0.09146013	0.22546757	0.05273765	0.12273174	0.14418732	0.36868988	0.00106450	0.07126899	0.25432890	0.01282510	0.03207692	0.39441249	0.11761465	0.06156333	0.04448966	0.04561901	-0.01983770	-0.00717526	-0.00955616	0.05172283	0.13677254	0.29379466	0.10639024	0.24702184	0.02519682	0.22513347	0.16275510	-0.04378403	-0.01058905	0.07269519	0.03059918	-0.10255013	-0.04224981	-0.10782470	-0.02098667	0.13080346	0.33183888	-0.02898656	0.14909321	0.18658890	0.15931497	0.30928053	0.23379027	0.10171386	0.21523861	-0.00571546	0.08187001	0.18147113	0.10874480	0.03952559	0.13454702	0.12006490	0.02060508	0.27160315	0.05722835	0.28867158	-0.02099845	-0.11511513	0.22580700	0.00567280	0.11884586	0.19247750	-0.04735673	0.13985553	0.05340814	0.06384090	-0.13715861	0.20267318	0.02313894	-0.00642325	0.18676297	0.14866952	0.20840814	0.16792728	0.20616529	0.13883657	0.33542455	0.03333291	0.36526114	0.38680864	0.09554176	0.38376148	0.15009740	0.09099611	0.09905634	0.36670173	0.46394233	0.33455537	0.33624033	0.29218256	0.30532243	0.35351643	0.23121410	0.39229744	0.10584583	0.12697599	-0.09467233	0.19013122	0.19454309	0.12142345	-0.02836868	0.14988732	0.34494313	0.46129926	0.64598838	0.16723747	0.50748945	0.41965441	0.41150892	0.43679417	0.53714488	0.31652386	0.34338678	0.63903627	0.41573426	0.25781128	0.53542825	0.52691278	0.12889905	0.44895808	0.43134877	0.52385708	0.20969575	0.29798934	0.18022085	0.16576103	0.04604513	0.30908427	0.06209125	0.26448498	0.22035317	0.49031645	0.14844077	0.34070420	0.23209727	0.26901759	0.38984124	0.57417046	0.22386436	0.21397016	0.38404532	0.04167580	0.15769384	0.34417429	0.11845138	0.32854073	0.33243134	0.37173277	0.45668330	0.48399172	0.38808371	0.14641270	0.29098035	0.40473954	0.44330826	0.23498938	0.48577912	0.38382689	0.45605330	0.40890866	0.57687524	0.48704815	0.50209184	0.46226548	0.37622485	0.32590170	0.52770793	0.16797256	0.15414793	0.30731241	0.30709281	0.17296015	0.44104638	0.35143364	0.64040851	0.27391235	0.32594240	0.31917318	0.47006765	0.19052870	0.65151005	0.37241906	0.36092651	0.05762724	0.04220119	0.32703972	0.34376829	0.08735420	0.41359638	0.27827483	0.45175877	0.21825285	0.09509403	-0.01383448	-0.17339746	0.18372874	0.10247697	0.12538289	0.19394026	0.04810996	0.09538468	0.14210195	0.15737787	0.17859691	0.31081019	0.16836751	0.26359024	-0.00675020	0.06768201	0.27811005	0.22056891	0.39266422	0.23997508	0.25657659	0.16665982	0.12437188	0.21233266	0.14685481	0.40269428	0.15858372	0.18173445	0.16339072	0.22188611	-0.06014866	-0.04744730	-0.08065200	0.21812289	0.22231586	0.32033210	0.13029843	0.34451832	-0.04980895	0.32175712	0.21031615	0.14586913	0.14620292	0.14397096	0.08986766	0.04027870	0.09795254	-0.07417652	-0.03299978	-0.04194778	0.09132348	0.37575189	0.02326833	0.04177696	0.12033276	0.16900962	0.18452040	0.15389133	0.30838437	0.22658847	0.14933094	0.03108947	0.26855334	0.19439174	0.35763685	0.04884018	0.28681978	0.14255470	0.33261486	0.31620105	0.02500704	0.04641626	0.20032853	0.04434450	0.09588652	0.27457306	-0.09390010	0.17269704	0.10164183	0.35597664	0.15396193	0.20712577	0.50438548	0.49041764	0.20835541	0.40387727	0.14675325	0.14593147	0.10849508	0.11704074	0.32312138	0.00711328	0.16947158	0.35703882	0.06013400	-0.22852182	0.14766161	-0.07367075	0.26938689	0.26424057	-0.00412580	0.36456777	0.09365480	0.30309490	0.14893569	0.17643142	0.21471827	0.01693305	0.23044123	0.17402065	0.02635411	-0.13012496	0.08956584	0.06597271	0.23467000	0.03852668	0.07304108	0.21775534	0.34388712	0.26397261	0.34042831	0.11972871	0.04411372	0.38313444	0.37137696	0.07476527	0.23273286	0.12446878	0.27162506	0.19368758	0.09724968	0.15088103	-0.07584960	0.14520924	0.30965160	0.32082237	0.33817594	0.18673978	0.24805031	0.41379761	0.20587765	0.27471262	0.14493835	0.19820787	0.28634424	0.19068595	0.20214489	0.29644696	0.22397339	0.22106337
17Networks_LH_SomMotA_17	0.10119008	0.25890372	-0.04550732	0.13654537	0.09190593	0.23254066	0.24365339	0.32899478	0.43817968	0.09984900	0.44978460	0.30398326	0.15360246	0.10041832	0.19468479	0.16244687	-0.03509847	0.27970139	0.07824123	0.26812906	0.15412720	0.19911111	0.46195759	0.18349584	0.54327324	0.55138381	0.43275790	0.30862671	0.66472604	0.46342433	0.61426878	0.63529769	0.58805914	0.59777953	0.59579935	0.62582350	0.61498887	0.17519638	0.44568446	0.64523596	1.17987401	0.28231276	0.55468871	0.18814312	0.37131159	0.17654156	0.41403972	0.43652324	0.13089709	0.25932561	0.50871716	0.63190074	0.50421843	0.44584936	0.52821702	0.19997927	0.47809787	0.30920632	0.58509659	0.13210322	0.26804391	0.05079346	0.17480799	0.04691578	0.09034847	0.07918740	0.16793938	0.09708819	0.32763232	0.20313246	0.31324412	0.49856651	0.24620358	0.47660856	0.15250808	0.33649739	0.31165440	0.60401986	0.33208051	0.52734550	0.12105926	0.36224133	0.30933372	0.33654398	0.43572560	0.37189531	0.09391176	0.23659852	0.24754406	0.19549059	0.25435646	0.36713891	0.43303227	0.16642285	0.29156266	0.38047669	0.31061597	0.48299388	0.39107527	0.32251026	0.27420921	0.23052837	0.04010408	0.17169794	0.23200158	-0.06275914	-0.06565679	0.21038180	0.05813641	-0.07339556	-0.03058829	0.20027578	0.36132597	0.23992290	0.16077104	0.14436462	0.19740492	0.10953025	0.02011850	-0.05042506	0.02418982	0.01350142	0.06840764	0.16400575	0.10153405	0.16190550	0.09357201	-0.00607260	0.09627859	0.17086869	0.14924461	0.13145541	0.27721838	-0.08052521	0.05513222	0.18113246	0.08477334	0.00382687	-0.02121519	0.05863774	0.10875438	0.12320677	0.30155850	0.30804807	0.30113727	0.15144830	0.26396289	0.24500826	0.03132626	0.10576053	0.09452875	0.03561344	0.02251829	0.01413975	0.07999072	0.13632510	0.17403160	0.20595701	0.12847721	0.23824754	0.18202511	0.20751622	0.28129022	0.23205898	0.13259894	0.21407308	0.06118703	0.33754414	0.22058141	0.09383373	0.09218172	0.24933412	0.07544701	0.08096161	0.19214454	0.03840402	0.16383635	-0.11641436	-0.10183266	0.06006921	0.01959184	0.18164052	0.18991475	-0.13318875	0.13104637	-0.00058733	0.10212442	0.00357869	0.12521173	0.03358824	0.10376689	0.12280326	0.14828291	0.16443598	0.13263402	0.10891633	0.18339965	0.21670562	0.00519595	0.22177192	0.28033653	0.03016401	0.27650968	-0.00991573	0.04830533	0.17351939	0.24778631	0.52166339	0.39139421	0.27220843	0.40419668	0.38854595	0.28526713	0.18600928	0.16634901	0.05007176	0.18223038	-0.02391174	0.10210692	0.25152875	0.15717581	0.03465286	0.21518037	0.47525695	0.51949291	0.69977095	0.39473614	0.65059533	0.61819731	0.43481192	0.62728674	0.52193168	0.55749875	0.45791523	0.62398618	0.47860115	0.52449093	0.75724341	0.70981037	0.10407452	0.36689538	0.38258477	0.34180991	0.21995816	0.32151116	0.32463937	0.38543294	0.16157432	0.33350861	0.28490770	0.33208362	0.37513041	0.62119911	0.22607267	0.40825224	0.30448197	0.50027011	0.54421069	0.41541853	0.06675833	0.16518813	0.36846247	0.05309287	0.20967484	0.28380148	0.13333382	0.31604269	0.35395333	0.37870884	0.34997987	0.59757431	0.37961585	0.08905903	0.39467325	0.38241750	0.40546152	0.32936764	0.42966373	0.29301954	0.48926204	0.37407153	0.42728580	0.38848502	0.34549062	0.37452229	0.46988591	0.28872321	0.38611403	0.17336014	0.11258286	0.26464689	0.37406232	0.30325403	0.50358519	0.20980433	0.56347087	0.39738355	0.27908831	0.32229244	0.41955236	0.20853207	0.43521382	0.09419364	0.25264232	-0.07854563	0.02242031	0.24959519	0.29665526	0.10943055	0.33803318	0.30740885	0.41617609	0.16398325	-0.00593017	0.05553469	-0.15746224	0.20170253	0.10568068	0.04086134	0.33370846	0.01543498	0.17106963	0.07369565	-0.03720602	0.23127303	0.25340408	0.22846708	0.22586126	0.07827339	0.11097975	0.22776384	0.25711124	0.30970035	0.29995842	0.20515655	0.17926647	0.09577575	0.10254866	0.19590000	0.26669704	0.23470103	0.07751718	0.21134928	0.28612791	0.01445958	-0.18962585	-0.08911199	0.08824040	0.22810449	0.20008423	0.35433670	0.37310684	0.09765696	0.27956160	0.23472762	0.18641591	0.31060396	0.31409833	0.08613132	0.14981379	0.12096796	0.10868269	0.06169990	0.12211028	0.26105579	0.18939193	0.21098663	0.10676312	0.10416001	0.18744304	0.24051638	0.11049165	0.19891110	0.28696648	0.15420376	0.02479140	0.19413156	0.17287113	0.20931822	0.07309955	-0.00336885	0.05109111	0.12289507	0.12631443	0.09350241	0.21573251	0.14396024	0.18963600	0.08209732	0.31811839	-0.13784295	0.31404226	0.15436057	0.33202033	0.21197221	0.23555598	0.29322133	0.34825998	0.14555540	0.27097413	0.21727535	0.17883603	0.08814169	0.02190175	0.26832732	0.10465985	0.24145005	0.28158011	0.05400151	-0.19213260	0.23680097	-0.03721480	0.20747969	0.33552503	-0.04847611	0.27373507	0.10109475	0.29691947	-0.01045411	0.07063907	0.11588935	0.17311571	0.25711335	0.27556286	-0.03109640	-0.07321768	0.26241265	0.07326500	0.29015677	0.27946009	0.07801724	0.30310813	0.32917371	0.38806818	0.44928151	0.25877947	0.04468029	0.49675080	0.47678270	-0.01699340	0.23797854	0.22583420	0.25390295	0.20746638	0.12495279	0.15515004	-0.07293442	0.09891331	0.30231411	0.38639581	0.38669318	0.26849879	0.19674514	0.46953237	0.19162750	0.27750124	0.22345153	0.28135996	0.30372507	0.18393728	0.30305876	0.19624125	0.17491073	0.27639064
17Networks_LH_SomMotA_18	0.02862321	0.13873433	-0.04086543	0.07776063	0.14078905	0.08516076	0.12230023	0.10852182	0.17890099	0.04727998	0.20678416	0.26118457	0.18980829	0.11352016	0.07357405	0.20895990	0.07239205	0.19743159	0.05288367	0.12064479	0.07868356	0.14318078	0.15137497	0.16473474	0.30150739	0.21663190	0.16607393	0.03568294	0.23825659	0.29447614	0.38905466	0.31718550	0.26030553	0.34031941	0.08133317	0.37207847	0.22171431	0.29705906	0.15896953	0.12588891	0.28231276	0.95401049	0.16001211	0.14187593	0.06976861	0.08282161	0.23167942	0.12637081	0.08208142	0.03531731	0.05201667	0.18524941	0.20383678	0.23453619	0.08151025	-0.06068864	0.03457628	0.14522506	0.11994519	0.17648735	0.26798119	0.05202161	0.16508652	-0.04499594	-0.05364919	0.06612706	-0.02624945	0.10048836	0.13475765	-0.00064804	0.18505542	0.14697333	-0.03038602	0.12632537	0.01158512	0.18832733	0.14323296	0.27809414	0.19765192	0.39368428	0.15889405	0.11408637	0.13143943	0.17742820	0.07214537	0.10205994	0.03554917	0.14627985	0.14851560	0.15807692	0.05057926	0.13141816	0.28893011	0.07687065	0.09100382	0.16570062	0.19710073	0.20591190	0.14585858	0.26471645	0.05786568	0.16536079	-0.03927988	-0.02501904	0.11899909	-0.01795234	-0.07241141	0.12559179	-0.13036492	0.01708914	-0.11021842	-0.04445065	0.15691494	0.07221054	-0.06250579	-0.07222531	0.06433691	-0.09593254	0.01929548	-0.07119984	0.10129998	-0.02617774	-0.04811791	0.02074509	-0.02821099	0.12926416	-0.08202959	-0.05224888	0.00095346	0.00028446	-0.00252410	0.03773210	0.02101296	-0.12123230	0.06295757	-0.01642470	-0.07214081	-0.01090449	-0.00526103	-0.00960833	-0.06798071	-0.08075965	0.08074923	0.18524108	0.12036776	0.01644009	0.07696451	0.06606660	0.06152230	0.03822675	0.04686008	0.00639842	-0.03574654	0.13519231	0.03618608	0.09999351	0.02462217	0.02952140	0.07527012	0.11614917	0.08150441	0.01733511	0.01599856	0.07660058	-0.06730516	0.06652572	0.07002661	0.16395975	0.11314356	0.17643462	0.10105647	0.12380449	0.03572061	0.04565370	0.10731092	0.09758917	0.04033310	-0.09200596	-0.01047269	-0.02815989	-0.01866389	-0.01427271	0.16551590	-0.04598668	0.07200625	0.05815862	0.02052743	0.07896569	0.08060806	0.04045219	0.08988878	0.12114033	0.21551805	0.09234015	0.11328284	0.12477505	0.08703325	0.08515545	-0.04555114	0.09999340	0.20456282	-0.04317654	0.20858295	-0.05044150	-0.03232516	0.01633615	0.13778691	0.29181509	0.23519451	0.19199904	0.28291894	0.15173434	0.15958034	0.14249135	0.03099925	0.10174363	0.13125200	0.06659782	0.07784189	0.03734538	0.12314172	0.04450585	0.15011165	0.18868756	0.16966077	0.28889180	0.21955200	0.36856910	0.28441236	0.38052104	0.29764919	0.38878115	0.45911668	0.30380208	0.37473916	0.48613942	0.33693671	0.29598754	0.33016946	0.37821058	0.14798498	0.01723852	0.16856789	0.05818945	0.11613342	0.15080299	0.03850410	-0.03680696	0.17804129	0.06941348	0.11902543	0.06106663	0.18806792	0.03434997	0.13353305	0.06394554	0.06895497	0.24266757	0.22502172	0.10046865	0.23375118	0.27028290	-0.05975180	0.12032468	0.18838819	0.12431571	0.14757729	0.18820579	0.25623059	0.23128763	0.35359466	0.23248540	0.06825582	0.18709914	0.30182423	0.26089125	0.29657461	0.37373936	0.21466664	0.38944541	0.46573245	0.14638382	0.22267979	0.04575370	0.21950077	0.29162906	0.20933436	0.09505411	0.07918675	0.01819305	0.18138322	0.17139999	-0.01477726	0.26710946	-0.08366201	0.25049964	0.14354870	0.21245252	0.20315279	0.25696768	0.25396752	0.22132028	-0.09606200	0.18565163	-0.02985452	-0.11594402	0.09517969	0.04160074	-0.06829252	0.08761274	0.01822095	0.07817912	-0.02847254	0.03730029	-0.07764012	-0.13095942	0.04526558	0.05247601	-0.10414309	0.12103578	-0.07043531	-0.04862474	-0.03886541	0.00002777	0.08964293	0.26424221	0.13610301	0.17276597	0.00129173	-0.14868915	0.04855017	-0.05617803	0.00777643	0.11966370	0.06501188	-0.00213045	0.03987965	0.04729716	-0.02283887	0.13341103	0.10615604	-0.12531665	-0.06587219	0.05188989	-0.05578178	-0.02914377	-0.09664148	-0.07124780	0.04704264	0.07096188	0.15446516	0.21519446	0.11359898	0.03584137	0.08921388	0.16762739	0.07798623	0.02919002	-0.02219501	0.00801603	-0.02382779	-0.00919538	0.14691196	0.13820383	0.10705289	0.05428481	0.08620585	0.03211329	-0.03636071	0.05669512	0.09570876	-0.05431582	0.03601435	0.04330282	0.10076964	-0.04280670	0.11139049	0.01511493	0.00590736	0.03843915	-0.06736504	0.06877518	0.04643929	-0.03262346	0.04871413	0.17035662	0.07277592	0.16769943	-0.07227899	0.21033902	-0.01385690	0.25709514	0.08855655	0.22495119	0.11708785	0.07863273	0.11923516	0.13186689	0.03294260	0.13060452	0.04225638	0.17600050	-0.05638808	-0.04389225	0.14550591	0.02766441	0.08744886	0.14275450	0.00776476	-0.17655178	0.04581690	-0.02921426	0.10559739	0.15801549	0.05471255	0.05574417	-0.03456832	0.13094931	-0.04632971	-0.02046735	0.01377000	0.05423433	0.01195340	0.13764452	-0.04465222	0.07129028	0.04460321	-0.00226638	0.13792598	0.07939578	0.00763196	0.17987429	0.12343892	0.16757465	0.18019198	0.00357312	0.00696440	0.21820508	0.02302321	0.09738635	0.02433614	0.12544882	0.07316015	0.02719038	0.11537913	0.07965156	0.10341619	0.02634435	0.18523919	0.22474399	0.18228516	0.01465848	0.01081615	0.16196805	0.09343872	0.07125709	0.26555578	0.16698561	0.22071133	0.12933910	0.28280690	0.18370472	0.03014566	0.11074848
17Networks_LH_SomMotA_19	0.19689630	0.25768944	0.10323923	0.13054680	0.05268729	0.16251803	0.17671878	0.13197269	0.26865614	0.06507636	0.23958054	0.09207832	0.07003232	0.02685083	0.19956133	0.03231842	-0.06328535	0.09978167	0.01474535	0.05589383	0.00106280	0.05934997	0.36871909	0.02774705	0.34819725	0.29091503	0.24627435	0.16474682	0.37899617	0.19633244	0.44670549	0.38646725	0.35888958	0.35353314	0.39470575	0.38844550	0.36007397	0.25664180	0.49849968	0.50392310	0.55468871	0.16001211	1.02811030	0.08991424	0.32264271	0.22920122	0.10666814	0.30589327	0.13097152	0.02436344	0.26533332	0.34939731	0.28945576	0.29699490	0.28472038	0.09834016	0.29776937	0.15891088	0.30548598	0.14679673	0.20544991	0.18844844	0.17840716	-0.07039600	0.09048908	0.05447646	0.11673438	0.09021887	0.13424263	0.20455353	0.23659410	0.34438050	0.11020227	0.32431593	0.16835153	0.26645105	0.21865280	0.30646604	0.23407756	0.30654894	0.16816035	0.28839593	0.24019693	0.21827991	0.37410199	0.20326763	0.02506517	0.08184377	0.02515227	0.15049280	0.09500977	0.14951865	0.21109327	0.08208335	0.24203081	0.13377708	0.24232955	0.42043819	0.35477679	0.24915696	0.14928176	0.22560731	0.08314701	-0.01069716	0.09901967	-0.08274702	-0.08162615	0.21044509	0.05716129	-0.14790796	-0.05220118	0.18914669	0.36359866	0.17929250	0.11917104	0.10185032	0.11177880	-0.03765301	0.01215635	-0.09933314	-0.07521057	-0.00375648	0.05790397	0.05609657	0.14777434	0.12630361	0.13033217	-0.03189422	0.01615498	0.19377190	0.13672033	0.23436580	0.13575189	0.02853381	0.11787510	0.12670653	0.08224169	-0.00395665	0.08959854	0.04232483	0.15227322	0.17906902	0.33149144	0.12603331	0.13048084	-0.00764878	0.21588880	0.04594156	0.12452655	0.12709622	0.24239952	0.11388795	0.12035473	0.07185528	0.04137744	0.17334326	0.19586855	0.34495151	0.10677093	0.19191925	0.23304524	0.25984656	0.32498182	0.27578498	0.23829553	0.20457775	0.00639207	0.22398396	0.19950331	0.14052635	0.10147634	0.13490372	0.06054046	0.08327225	0.33764439	0.14817667	0.24345955	-0.00871852	0.07495623	0.19843522	0.10649274	0.24741746	0.17197139	-0.06440956	0.11307645	0.07614115	0.04642133	0.03576873	0.09680364	0.00913140	-0.01530516	0.10164592	0.10655145	0.12223651	0.00729375	0.13270626	0.09897942	0.09704139	-0.13026870	0.11759550	0.25796645	0.08189086	0.22415249	0.12729576	0.04213303	0.27168101	0.23953535	0.34234635	0.17004707	0.19820617	0.21778815	0.22705498	0.22285523	0.05752828	0.14955385	0.06508406	0.07410940	-0.04975865	-0.04524242	0.10178384	0.06346877	0.02680385	0.14795158	0.28746306	0.40150740	0.44796887	0.31854922	0.42359752	0.48918997	0.31795999	0.43179797	0.35875035	0.45682647	0.38099901	0.42192359	0.42470438	0.31632102	0.57672758	0.53838309	-0.01946992	0.36458205	0.35968255	0.34722577	0.12949854	0.23043129	0.12074605	0.15023685	0.00494427	0.22026099	0.20760026	0.20563195	0.10866165	0.35618722	0.13253289	0.21181838	0.20031933	0.29823725	0.27393731	0.27626485	0.14059629	0.21198805	0.19060344	-0.02202454	0.11355949	0.26572152	0.05754403	0.12969140	0.27715904	0.20628133	0.26190502	0.38659130	0.24242527	0.06540398	0.30603688	0.30804470	0.27483248	0.19028106	0.23659210	0.19573804	0.33770401	0.22068956	0.35406862	0.25953737	0.26861981	0.17121630	0.35663946	0.12735189	0.36272851	-0.05719713	-0.01846114	0.07931246	0.13446740	0.07761733	0.21906392	0.11461752	0.46491930	0.30718933	0.12589814	0.25914271	0.14323475	0.09543455	0.34978325	0.09459789	0.13738470	-0.10449318	0.01227749	0.24953848	0.25227320	-0.04933175	0.08807400	0.22932473	0.30595372	0.03534942	-0.04475410	-0.02900351	-0.22410686	0.10132122	0.18672287	0.00371505	0.19809609	-0.01908516	0.06899772	0.04464343	0.03149332	0.19551013	0.11684264	0.14769377	0.15152927	-0.01536915	0.03098026	0.26200309	0.16087091	0.19008472	0.24432312	0.31102592	0.13626706	0.10593676	0.05420787	0.06861351	0.14483208	0.10173222	0.08418233	0.20046616	0.29510727	0.11518378	-0.08503219	-0.18186437	0.01745223	0.17330041	0.25668606	0.08525096	0.18190156	0.08129721	0.25954569	0.07929542	0.13308916	0.08458379	0.26385260	0.10328026	0.14886065	0.09817707	0.13286306	0.13888324	0.05086227	0.24698669	0.31179685	0.18452932	0.15178401	0.19157511	0.19441500	0.28925160	0.09969752	0.26006994	0.22116876	0.11856823	0.04284732	0.27900562	0.31455004	0.27857607	0.12590504	0.23713524	0.06902904	0.12622554	0.12350365	0.11998101	0.17239305	0.10821959	0.09853847	0.04872893	0.16826965	-0.11824437	0.27658193	0.16215099	0.21357997	0.14481610	0.07173531	0.13424225	0.12671483	0.15361269	0.19459007	0.12775608	0.17195109	0.02751709	0.01755198	0.17716642	-0.02264355	0.11870814	0.15605809	0.03862467	-0.18662630	0.09383252	-0.05685084	0.05483884	0.09819887	-0.04291345	0.17348867	0.02892756	0.20637212	0.02418556	0.02113671	0.08618895	0.14868750	0.07605987	0.22428563	-0.03503578	-0.13056861	0.16989491	-0.11978121	0.04541481	-0.00878637	0.02844514	0.19201211	0.14807167	0.26625539	0.25375077	0.08232412	0.01324305	0.28508131	0.24066764	-0.05830886	0.13140211	0.17280008	0.15042738	0.12381174	0.08190665	0.12928351	-0.05959264	0.04947781	0.15307853	0.21062082	0.19897849	0.10900644	0.12658028	0.23731404	0.06476858	0.18882195	0.12425552	0.21102866	0.24665955	0.18457019	0.27324636	0.21802835	0.19704095	0.23982448
17Networks_LH_SomMotB_Aud_1	0.06002231	0.07097185	0.14628742	0.01653711	-0.00706613	0.05201548	0.08427220	0.03061191	0.12320988	0.10473859	0.18223395	0.04060387	0.13844673	0.27196366	-0.01995687	0.20981072	0.12641573	0.18312821	0.02520636	0.14877184	0.10781380	0.10968896	-0.02625859	0.06017989	0.26909258	0.25309260	0.12066509	0.06837300	0.14201391	0.15655607	0.13286574	0.24146060	0.16294369	0.15781516	0.02290358	0.11040530	0.18802054	0.14670195	0.02717094	0.13417108	0.18814312	0.14187593	0.08991424	0.98386195	0.19374042	0.04810239	0.17559538	0.33735827	0.31633579	0.09383847	0.18211202	0.19334623	0.14333547	0.13678469	0.19826194	0.06953541	0.09284748	0.21314557	0.17815213	-0.05970960	0.05162155	0.00743971	-0.00641853	0.09220406	-0.18658638	0.08724938	-0.19365083	0.01340083	-0.09126795	-0.12335157	-0.05756653	0.00014517	-0.03804234	0.05374506	-0.14727531	0.06430624	0.00249013	0.07654162	-0.07164190	0.15619256	0.18671059	0.05708575	-0.01564178	0.09254767	0.03015742	0.04319414	0.08104238	0.04898366	0.14459904	0.21239748	0.14625537	0.20592447	0.40589321	0.14365869	0.06900684	0.09267122	-0.02991406	0.21651600	0.09108632	0.01400551	-0.02486381	0.04223545	-0.03101175	-0.06935431	0.09731095	0.23153473	-0.05704545	0.08591120	0.08870111	0.03888217	-0.00159330	0.13697589	0.20751481	0.28064801	0.06543022	0.14305638	0.13787545	0.02034155	-0.08873962	-0.07883081	0.18475707	-0.05688748	-0.12846315	0.01057386	-0.08366183	-0.13153047	-0.18846842	-0.12374876	-0.04368197	-0.00020427	-0.00634824	0.00009568	-0.01996340	0.00602088	-0.00405512	-0.03685927	-0.06003116	-0.14488720	-0.12192681	-0.04444085	-0.02353884	-0.03736965	0.17122940	0.06944560	-0.05083425	-0.14258645	0.07130774	0.01882291	0.05106359	0.03573232	-0.11962343	-0.00981336	-0.04413161	0.09000208	0.01001286	-0.02069086	-0.03545231	0.01603399	-0.11347865	-0.04834895	0.14385739	0.03951541	0.14252605	0.07179147	0.04022777	0.09336957	0.05241581	0.30003505	0.14363148	0.20753424	0.03162793	0.19318948	-0.06324615	0.03715020	0.16379580	0.03649551	0.04129869	0.10397020	-0.06201753	-0.00704060	0.09864757	0.00516401	0.03498024	-0.01306227	0.03680553	0.03720357	0.00316364	-0.05523896	-0.01359100	0.03595501	0.01684054	-0.02741486	-0.01524029	-0.01526319	0.09818207	0.10629930	0.12258377	0.08194463	0.01461646	-0.00476849	-0.02477685	-0.03320670	0.10086743	-0.13580269	-0.07735041	0.06357241	0.04948660	0.19631177	0.13163669	0.23678517	0.15701498	0.13519875	0.17837461	0.24794455	0.08299534	0.23833025	0.17592132	0.11462545	0.18837124	0.19082767	0.16641225	0.15340614	0.13655986	0.07729582	0.23012108	0.24796427	0.18509781	0.34144965	0.12941225	0.20877821	0.24043503	0.07438331	0.17860990	0.14396771	0.06963139	0.17392120	0.15097468	0.16523410	0.12831956	0.08542729	0.14148560	0.10088487	-0.04198749	0.16047594	0.32904628	0.29158752	0.34350215	0.10450204	0.16238758	0.18818264	0.11515339	0.25267296	0.40225408	0.07544825	0.09213127	0.33507722	0.16253508	0.19177799	-0.04967879	-0.07367947	0.09665844	0.10824696	-0.01462993	-0.04988306	-0.10677029	-0.05111255	0.00439810	0.00341342	0.02560875	-0.00696165	0.12207646	0.07212687	0.02887113	0.17466019	0.09910872	-0.02994804	0.03490748	0.13457389	-0.02031368	0.10854717	0.10827303	-0.01203562	-0.02197170	0.05626376	0.19104122	0.30499969	0.03725583	0.11363522	0.24724416	0.10917038	0.16715178	0.33824275	0.21977118	0.36590360	0.02858943	0.27027662	0.12257227	0.10476531	0.18340614	0.09253516	-0.00952290	0.16493993	-0.12176904	0.08164567	-0.06503874	-0.11169600	-0.06955810	-0.00066909	0.00749074	0.11005288	0.14857095	0.12368337	0.03932609	0.02080708	0.09383554	-0.08307627	0.00272630	0.03423075	0.18028884	0.31067193	0.06424264	0.22362264	0.06423693	0.13574477	-0.10326406	-0.00087485	-0.01219319	-0.06278092	-0.12317149	-0.05934727	0.02907190	-0.13722689	-0.04812645	0.03837890	0.13254153	0.06492564	-0.10783466	-0.06270581	-0.11769888	-0.06691556	-0.08408557	-0.10268437	0.05800799	-0.02398443	-0.01274163	-0.08096587	-0.14167224	-0.11926697	-0.05699423	0.16970462	0.02522577	-0.01759987	-0.07577216	-0.14982392	-0.11054786	-0.00305121	0.13941531	0.14862527	0.00224899	-0.03273007	-0.04012306	0.05128744	0.07014935	0.00132196	0.02558305	0.07125559	0.00160576	0.11767596	0.09822212	0.13586209	0.11831297	-0.07874032	0.10865771	-0.06539240	0.07755519	0.12900539	0.13195019	0.04237386	0.05348084	0.09596004	-0.09077189	0.09724422	0.04134753	0.01206561	0.02624804	-0.09293942	-0.04192676	0.03727298	-0.11668572	0.00832767	0.17260823	0.07383985	0.00534778	0.13173292	0.13667517	0.06704195	0.19551443	0.17083148	0.00353862	-0.03762048	0.14221649	0.12143533	0.02999728	-0.01739069	-0.01057701	0.00226911	-0.06806800	0.23608297	0.12921574	0.06759595	0.06755630	0.04719298	0.12161349	0.33012312	0.00294317	-0.03929438	0.08229118	0.14749595	0.02540095	-0.24243940	0.05270210	0.10801410	0.04609893	0.21375875	0.11422754	0.12821885	0.12336807	-0.01290510	0.19972507	0.33477039	0.06366360	0.07717614	0.07471116	0.08754695	0.10069720	0.21672848	0.08971714	0.14138377	0.21194588	0.04289340	0.03608872	0.00385607	0.07301428	0.00674425	0.01821580	0.09529735	0.00545312	0.03592019	0.02134149	0.18830005	0.18756792	0.06562425	0.04483175	0.06468731	-0.03853546	-0.04464355	0.01484664	-0.06268836	0.12254029	0.03383399	0.14705526	0.09922658	0.14123699	0.08133984
17Networks_LH_SomMotB_Aud_2	0.29350052	0.20048077	0.08837322	0.13667366	0.20729285	0.30885981	0.17636971	0.28372432	0.21443289	0.20824547	0.17973437	0.10130063	0.47436373	0.36216499	0.28291169	0.33243471	0.18934364	0.15686759	0.18685027	0.31149316	0.11543895	0.25263068	0.09442211	0.22450477	0.33271986	0.24438602	0.19727988	0.08089904	0.30755349	0.27028517	0.31882011	0.29981226	0.20321932	0.13782393	0.08598543	0.17400129	0.16923660	0.16342983	0.22544668	0.38288163	0.37131159	0.06976861	0.32264271	0.19374042	1.05340368	0.43098410	0.41954158	0.48955773	0.22861673	0.40159536	0.47708713	0.51529242	0.58303353	0.39200506	0.21362425	0.07404213	0.32416067	0.15633245	0.38249480	0.04513783	0.39348531	0.20430876	0.25521682	0.16957824	-0.14489169	0.02948378	-0.01057110	0.06914633	0.00228070	-0.04984467	0.03199570	0.01816679	0.21295335	0.23040624	0.03394910	0.18174855	0.10109348	0.07044540	0.05858658	-0.01725188	0.22101534	0.17306358	-0.00910773	0.12661329	0.24846724	0.56068886	0.30009218	0.26957630	0.34619709	0.51409725	0.21966207	0.29332247	0.37223453	0.19726958	0.33141487	0.19978034	0.14854684	0.49778419	0.35184360	0.10035494	0.25865178	0.20937208	0.00184138	0.19922637	0.31090064	-0.03512099	-0.13405654	0.24387055	0.12221369	-0.06675038	0.02425793	0.25156684	0.20495846	0.20411076	0.16671234	0.22796305	0.09465625	0.06616940	0.02277126	0.09365247	0.17363946	-0.20060078	0.08488842	-0.05558699	0.00918360	0.02968902	0.07480988	0.08643700	0.07421846	0.19877628	0.06375651	0.18003317	0.22367631	-0.02060159	0.14289219	0.05441957	0.07750735	-0.07032116	-0.16058034	0.04976326	0.13258606	0.22433839	0.42448033	-0.10272620	-0.04205499	-0.13193381	0.12758995	-0.02580050	0.12738164	0.07701246	0.07754795	0.15771462	-0.04281999	-0.05034414	-0.07101029	-0.03549608	0.05290348	0.24082518	-0.11501158	0.01779087	0.16761221	0.27747880	0.35570406	0.39670829	0.23526727	0.29581695	0.13537169	0.28538545	0.17589412	0.13917737	0.00594105	0.09837971	0.14773564	0.07905243	0.35083174	0.11462990	0.30186963	0.06003935	-0.06527304	0.23675224	-0.00569628	0.01072952	0.35657550	-0.01917055	0.17698954	0.15207095	0.13199346	-0.04485080	0.28882910	0.07808838	0.06805965	0.09179773	0.18359226	0.26406582	0.22503490	0.30040693	0.28737183	0.32281585	0.06606934	0.39708225	0.19845243	-0.04769766	0.21773821	0.04076145	0.17957001	-0.05378042	0.20307223	0.29879774	0.08123431	0.30352822	0.18878254	0.15746770	0.37049407	0.12152063	0.23696170	0.22928945	0.20470713	0.00044870	0.22988646	0.26538217	0.08514265	0.08449970	0.15919884	0.29270709	0.25896346	0.42766015	0.09382848	0.41079092	0.25893168	0.11954732	0.28663681	0.09940352	0.19189302	0.28995067	0.17325265	0.28120672	0.04715064	0.40681216	0.32777899	-0.07611299	0.31987084	0.20087911	0.18262865	0.29271736	0.49146765	0.46739235	0.25984009	0.28269310	0.49724772	0.11626996	0.45651134	0.28579518	0.46059457	0.21424708	0.39238358	0.19599672	0.32073632	0.30771738	0.18448444	-0.04283742	-0.00806713	0.12204497	-0.05266280	-0.02334499	0.03590747	-0.02810874	0.11813006	0.06323050	-0.00054435	0.06566926	0.25823305	0.06565295	0.01819347	0.20135582	0.17720365	0.03697778	0.11092673	0.05595931	0.16397612	0.21929681	0.33876342	0.16249252	0.07831241	0.28167525	0.39752171	0.36615999	0.16898541	0.33642915	0.16149726	0.15667306	0.35480216	0.34883287	0.24970779	0.37095309	0.27846643	0.49015228	0.30641281	0.10409008	0.22191104	0.19499179	0.21362008	0.32326956	0.18651767	0.25396085	0.06218875	0.04706510	0.28760024	0.14374946	0.01889622	0.19899163	0.32306943	0.38620398	0.15593207	0.13289032	0.06542582	-0.13540662	0.33351637	0.02968226	0.00629639	0.31806254	0.03617874	0.24955351	0.01910685	0.12070420	-0.05863876	-0.04857413	0.05886465	-0.00479396	-0.21499429	0.12974700	0.19885771	0.08542931	0.22326328	0.07114292	0.14483981	0.20456192	0.13164820	0.06137695	0.05877746	0.18272196	-0.02922579	0.00995319	0.21394380	0.11016254	0.02499630	-0.14389726	-0.08245282	0.10275930	0.22532161	0.30884896	-0.05667530	0.00566107	-0.14377112	0.08578169	-0.16562405	-0.08911216	0.02468222	0.25085098	0.06120104	0.07325093	0.07402429	0.01105589	-0.11114775	-0.15097959	-0.01254628	0.20394165	0.00325365	0.11947692	0.20650820	0.24404361	0.30710733	0.33510984	0.37038212	0.16086518	0.16233116	0.03679719	0.28677976	0.11022317	0.31227698	0.12773642	0.16983136	0.16120196	0.22669504	0.19102472	0.01506110	-0.12258427	0.19744675	-0.02897737	0.02104360	0.26091487	-0.00979418	0.16543306	0.12772125	0.35376486	0.07086279	0.13881167	0.36733568	0.39211224	0.13101329	0.19937036	0.25862372	0.23587033	0.13212636	0.15738531	0.31191816	0.15262807	0.22359330	0.32304382	0.02416704	-0.11575477	0.18439746	0.11002633	0.10852670	0.31187807	0.03956078	0.17896651	0.09883776	0.11195806	0.11637140	0.16238099	0.18853443	0.20040676	0.16128421	0.18556655	-0.01190290	-0.07450698	0.24037864	0.08223044	0.12106770	0.12702642	0.14336016	0.12603306	0.19052803	0.30681823	0.31138984	0.07843623	0.08267804	0.27302428	0.25551727	-0.01624031	0.19013323	0.09625761	0.25390222	0.21195041	0.06553151	0.16084687	-0.01480070	-0.02157523	0.09497261	0.19426698	0.26853112	0.16847565	0.07232464	0.21429258	-0.00230460	0.13166577	0.20704629	0.09437941	0.21929096	0.11138402	0.22302123	0.22261351	0.28630233	0.16292324
17Networks_LH_SomMotB_Ins_1	0.19507219	0.20493034	0.11905451	0.16336080	0.25196209	0.16199661	0.28256490	0.13246556	0.18281123	0.27911370	0.14080767	0.10954124	0.27518827	0.16959199	0.24397161	0.16820797	0.26382694	0.17360323	0.23624138	0.14779930	0.25010645	0.21880977	0.15458548	0.19232615	0.25294859	0.12567088	0.12872806	0.09218185	0.24135351	0.17182461	0.16892631	0.22640518	0.06006883	0.04809415	0.04404396	0.08903613	0.04123843	0.11411044	0.20963215	0.21335493	0.17654156	0.08282161	0.22920122	0.04810239	0.43098410	1.12357293	0.18065243	0.34161216	0.25475518	0.29336210	0.12690362	0.15292051	0.32962924	0.12458359	-0.02230742	0.05025711	0.09623019	0.18741690	0.14186103	0.13521066	0.13675870	0.24340841	0.18019780	0.05976650	-0.01752017	-0.02024070	0.17582366	0.13063575	0.08104752	0.07950072	0.09296402	0.15058242	0.09565645	0.10406717	0.06646557	0.12424433	0.04737596	-0.01890969	0.11260492	0.13941928	0.13181283	0.27409004	0.12761837	0.23642329	0.25957290	0.37428012	0.31227437	0.17090673	0.08964080	0.35345283	0.08392732	0.15812009	0.25129767	0.32086360	0.27153258	0.09087348	0.22349374	0.36217406	0.33632350	0.04249469	0.15832144	0.19540181	0.18459486	0.18506787	0.21443270	0.07983216	0.03990502	0.30494863	0.05865960	0.03341828	0.00328517	0.01674846	0.14645290	0.04710531	0.05627047	0.01409615	0.10090981	0.06993657	0.05620292	0.04196852	0.20905331	0.01860105	0.12416097	0.20045400	0.19204995	0.08709504	0.15956383	0.20641806	0.07095295	0.14741679	0.22236292	0.29146587	0.25820836	0.10659477	0.11097876	0.21243914	0.24543393	0.09761364	0.09152508	0.15238580	0.16189828	0.17337176	0.28745489	-0.06253851	-0.08998891	-0.03177871	0.20568482	0.08377257	0.23645175	0.20481143	0.17124648	0.31762190	0.19874154	0.12040859	0.02579237	0.12945611	0.09204978	0.18116046	0.05612986	0.16806193	0.20512014	0.27109533	0.16440176	0.20221086	0.22455754	0.28733494	0.24797186	0.10866066	0.10644549	0.11290252	0.24417852	0.07338133	0.15903055	0.21858342	0.25539909	0.27073455	0.33348546	0.10834251	0.12227384	0.32040807	0.17076639	0.20083326	0.28016015	0.14370444	0.19553586	0.32634990	0.20451112	0.16450663	0.16377976	0.09926255	0.11186245	0.07956337	0.08513069	0.05553451	0.08396059	0.17452828	0.30641073	0.22517235	0.13995175	0.30809446	0.06144686	0.07328440	0.28211051	0.03559296	0.21536013	0.23467462	0.12249197	0.12542130	0.10455921	0.23171742	0.18452415	0.12151354	0.15513751	-0.11796930	0.08659838	0.24026338	-0.02168106	0.15543629	0.19747648	0.16596801	0.17543873	0.16890318	0.25858289	0.18280569	0.13078695	0.26788488	0.06038360	0.31816583	0.17702543	-0.02637207	0.07789335	0.04659004	0.15462647	0.20256716	0.06041609	0.24800095	0.03116145	0.19238809	0.20995389	-0.06077834	0.10299572	0.09694890	0.00982697	0.24495085	0.32697503	0.30283798	0.10365783	0.16266209	0.22402214	0.11429929	0.29689466	0.08926674	0.18873060	0.14533563	0.19360140	0.18164763	0.04763167	0.13160964	0.10355282	0.01645184	0.03783724	0.04581523	0.04275319	0.08225002	0.14664369	0.02289095	0.10451127	0.07404210	0.00062879	0.02974824	0.12213427	0.05908408	0.12345538	0.03960528	0.09743191	0.04101256	0.14663584	0.02081086	0.12188448	0.16325569	0.17756100	0.11835567	0.02817503	0.13422859	0.24737084	0.25130876	0.11206971	0.26880006	0.13295586	0.22959088	0.23997858	0.15886911	0.00262255	0.26174672	0.26120452	0.38744517	0.32088018	0.04585369	0.25221976	0.19942212	0.01765527	0.17257251	0.12840889	0.17247969	0.17437538	0.10136008	0.26084599	0.19723652	0.21812142	0.18074225	0.23682668	0.38690619	0.00130339	0.02265771	0.00182683	-0.08150329	-0.08628314	0.14207060	-0.06880805	0.01872376	0.08533136	0.05750128	0.03928626	0.12371584	0.11390979	-0.05873030	0.11997177	0.03390745	-0.10461553	0.17295939	0.33407972	0.19121897	0.11751396	0.20760311	0.24740428	0.18383306	0.16699382	0.03141087	0.15336083	0.04274494	0.09853686	0.06464505	0.28320448	0.12691336	0.13320148	0.13170216	-0.01207217	0.17786045	0.21385545	0.26294995	-0.04528346	0.05182018	-0.04328141	0.16708885	-0.03778628	-0.09200503	0.10660398	0.09656110	0.06673679	0.27681431	0.14540261	0.02100377	0.07375749	-0.03247832	0.03397772	0.17872804	0.11984364	0.19569536	0.24012554	0.12099483	0.14766666	0.28117272	0.24871132	0.06173968	0.14592219	0.02176191	0.23004008	0.18718958	0.22706553	0.13276158	0.14089305	0.07255994	0.21527110	0.27558757	0.11410556	0.04422467	0.19103658	0.09336338	0.17610434	0.17072886	-0.01771905	0.07687397	0.04914658	0.14715362	-0.01343647	0.06689956	0.12710764	0.20223666	0.03365282	0.08142565	0.00506181	0.29514786	0.05400630	-0.03214591	0.29062491	0.33466882	0.15380398	0.17294889	-0.05698597	0.02136163	0.13096550	-0.08713062	0.18699661	0.32126658	-0.02418024	0.03669175	0.00297045	0.12060182	0.04981779	-0.12227742	0.07702415	0.27878356	0.19818398	0.07293020	-0.04151383	-0.06991037	-0.01185095	0.01428836	0.20223926	0.18943545	-0.00799768	0.05047795	0.31820876	0.24445156	0.29885840	0.11906644	0.19024231	0.19935344	0.21775031	0.22489023	0.28583170	0.15166326	0.30873779	0.27347085	0.24646031	0.31660106	0.25597662	0.04375023	0.32856448	0.26637855	0.25912935	0.16004195	0.20625225	0.20388690	-0.01699896	0.28630141	0.29786949	0.29883594	0.32102520	0.30168602	0.23579090	0.40904936	0.36308064	0.32572942
17Networks_LH_SomMotB_S2_1	0.04254721	0.12337616	-0.20214882	-0.03584830	0.21334041	0.28027744	0.10050020	0.42824689	0.26205165	0.17813392	0.13473174	0.20009019	0.41194205	0.24325313	0.01934040	0.38619139	0.19033405	0.16730829	0.11554866	0.40515845	0.09421109	0.31243378	0.11001986	0.04892979	0.44289868	0.28785349	0.39117789	0.32792109	0.41620472	0.39133522	0.35757224	0.39993396	0.45135027	0.40383243	0.16368363	0.41989594	0.36725695	-0.04802286	-0.02863943	0.36254371	0.41403972	0.23167942	0.10666814	0.17559538	0.41954158	0.18065243	1.39340136	0.41699330	0.10977782	0.46966518	0.54995099	0.58627030	0.53377114	0.38164582	0.24569437	0.14759995	0.18068985	0.31076258	0.23184171	0.05120365	0.40759722	-0.09518377	0.19167696	0.07406238	-0.14918087	0.00195561	-0.04074837	0.00734283	0.17982546	-0.06421069	0.04130569	0.05760233	0.35257592	0.31203744	-0.03809144	0.17349138	0.22354020	0.18298143	0.08902891	0.15106146	-0.00371867	0.09802960	-0.08114274	-0.02861698	0.21311392	0.43387098	0.30158285	0.29675561	0.73978760	0.45240406	0.53513709	0.65379422	0.54487149	0.33987257	0.19240695	0.17575324	-0.02769320	0.33173828	0.22048741	0.24497313	0.24565278	0.13247092	-0.09950848	0.54396983	0.52913337	0.23375324	-0.04116258	0.15271155	-0.02376734	0.16192255	-0.06015000	0.04248141	-0.12491204	-0.04134585	0.10277519	0.14619118	0.06657143	0.18985405	0.08558155	0.17540071	0.18302402	-0.22794195	0.16962445	-0.06547950	0.05562712	0.01747430	-0.06131065	0.22055118	0.27025812	0.25733394	0.00856479	-0.02558245	0.31960619	-0.15856418	-0.00861347	-0.14772750	0.02076446	0.06325138	-0.16596429	0.00909631	-0.13134722	-0.05681507	0.08694361	0.05566731	0.17103272	-0.19894669	0.04567379	0.08460099	-0.15023344	-0.21004509	-0.26042502	-0.08680094	-0.19450029	-0.27332007	-0.23868393	-0.18706000	-0.13896985	-0.03158466	-0.28628864	-0.28004033	-0.16047820	-0.05900123	0.03462267	0.14632321	-0.29373974	0.20273239	0.06961613	-0.02520377	0.02188981	-0.01635933	-0.01517024	0.19595789	-0.03127212	-0.05715868	-0.06178079	-0.16922329	-0.01175346	0.03882204	-0.07811800	0.03480400	-0.03315279	-0.17422927	0.28836239	0.06712297	0.07053716	0.10371756	0.23861798	-0.24150823	0.23830744	0.01074244	0.03542154	0.05413443	0.32531521	0.36256890	0.49635171	0.30068708	0.24029661	0.31675542	0.22329262	0.39576543	0.09058098	-0.16477417	-0.00210317	-0.03466478	0.06196976	-0.29789904	0.10818338	0.25529331	0.24224784	0.21964149	0.12599937	0.15448771	0.26140375	0.32212255	0.12958731	0.08961096	0.20375027	-0.04203905	0.28434759	0.32184027	0.07959045	0.02571811	0.11005333	0.27697150	0.19239521	0.49190711	0.12580661	0.48550681	0.20114786	0.36495777	0.31786633	0.25472206	0.23279359	0.20530683	0.35618964	0.25558596	0.19428168	0.24907183	0.22405725	0.28639169	0.05889186	0.00083182	0.01138076	0.23161458	0.32870649	0.50942333	0.40942007	0.33532793	0.26414111	0.27054973	0.34384905	0.53394488	0.46493584	0.41534781	0.45028162	0.21916584	0.18617844	0.30673369	0.20997530	-0.16472367	-0.19585133	0.16072863	-0.02206606	-0.16262974	-0.03657978	0.01979652	0.25709045	0.21969243	0.16689877	0.21845639	0.35338377	0.18415130	0.01780867	0.42060088	0.22198200	0.08709376	0.14976866	0.23808778	0.11991852	0.23232253	0.18607942	0.08757203	0.18379917	0.23818575	0.49138843	0.46507377	0.36584073	0.25753894	0.29677254	0.43739191	0.46689957	0.63133401	0.45414545	0.65714688	0.42827452	0.35861140	0.26831042	0.05987848	0.15045475	0.18663701	0.40960820	0.22457066	0.14992557	0.28819343	0.22473474	0.11288192	0.13980695	0.00713983	0.20461787	0.63520938	0.33450874	0.46151159	0.08904354	0.15233304	-0.01588520	0.03800965	0.28097249	-0.22846615	0.02479821	0.07364643	0.19442106	0.14567370	0.22046512	0.11930251	-0.02808848	0.13808337	0.18241863	0.00701882	-0.08558979	0.09495566	0.31737195	0.14814159	0.41061082	0.09182143	0.09642142	0.00512406	0.05695310	0.19635358	0.09248999	0.29068951	0.17286271	0.02435394	0.03095253	-0.03874008	-0.01574115	-0.03542378	-0.12676350	0.22086490	0.02342233	0.11712421	0.13102516	0.23772848	-0.34928605	-0.08503503	0.05356797	-0.03340912	0.19124427	-0.11563731	-0.05753566	-0.10924907	-0.04924788	-0.04448857	-0.33171623	-0.25472227	-0.04764438	-0.03447622	-0.24042006	-0.22197079	-0.03182479	0.10659441	-0.06672819	0.14671494	0.28826414	0.01245597	0.20201085	0.04838552	-0.02283093	-0.05922145	0.00751374	-0.00449591	-0.02003879	0.35765900	0.24263085	0.32899417	-0.23592762	-0.28582259	0.09383583	-0.06158242	0.02183310	0.24870654	0.11080563	0.03831065	-0.00034052	0.24591468	0.18072567	0.34734569	0.41990375	0.40591921	0.02982043	0.35582919	0.31627754	0.26220064	0.18411454	0.34039175	0.24090453	0.29368847	0.33135561	0.40106343	0.22356444	-0.01655231	0.16488635	0.21142930	0.39268648	0.44431984	0.15076472	0.16155708	0.17065668	0.09292735	0.28138960	0.31505050	0.04604802	0.22299459	0.37434506	0.31225539	0.07894275	0.13746527	0.18694489	0.12813888	0.45593434	0.33813612	0.15668322	0.25489671	0.16391328	0.23668966	0.26113235	0.07085624	0.10808374	0.20404505	0.25451176	0.17767213	0.05288776	-0.05194994	0.13679016	0.11365178	0.02314000	0.08640559	-0.03802533	0.09170041	0.03151285	0.17749390	0.32542378	0.11044414	-0.00990496	0.28160736	0.11364572	0.03787207	0.06095305	-0.10305135	-0.07962413	-0.17636002	0.00289745	-0.05833761	-0.03566575	-0.09971785
17Networks_LH_SomMotB_S2_2	0.13317055	0.05382960	0.08493041	0.06234310	0.14741103	0.24362090	0.09973571	0.29874740	0.18841952	0.16367880	0.07014685	-0.00428185	0.28859514	0.33974520	0.06005300	0.23876312	0.16605135	0.19587308	0.05308217	0.15923128	0.05571656	0.21977890	0.04267472	0.27742433	0.47946543	0.34502004	0.26876205	0.11931047	0.32129376	0.40867525	0.36677247	0.44328952	0.25602639	0.15710799	0.05583857	0.26545996	0.19961642	0.06619954	0.12621865	0.33016830	0.43652324	0.12637081	0.30589327	0.33735827	0.48955773	0.34161216	0.41699330	1.11912160	0.25469144	0.43960113	0.45680351	0.54050175	0.58825546	0.41401718	0.26371871	0.12386547	0.27757556	0.15642925	0.38912679	0.02520282	0.23177274	0.04250935	0.02413447	0.11510945	-0.09222513	0.15172047	-0.13302256	0.10653071	0.08288309	0.03680025	0.02897596	0.08250358	0.24820643	0.26614461	0.06330568	0.18806932	0.18873752	0.15081827	0.06375090	0.14712661	0.25054859	0.25251040	0.07885458	0.16760432	0.29884969	0.52995572	0.42539763	0.35088300	0.40662032	0.44722267	0.39067822	0.41494726	0.61527256	0.33334551	0.44380700	0.38662548	0.12327899	0.55552521	0.41250086	0.20044672	0.22642372	0.15953908	-0.01768723	0.21252133	0.42433979	0.18690765	-0.00285407	0.28571330	0.16347923	0.06416732	0.03539047	0.23989351	0.21116561	0.04974928	0.03297563	0.08506090	-0.09518086	0.11673988	0.01474060	0.15789069	0.08276402	-0.10080270	0.18207414	0.06086369	0.10477668	0.14423873	0.08948098	0.06316270	0.03542946	0.12174560	0.15761152	0.22199959	0.26370831	0.12213720	0.02220605	0.07823841	0.15635175	-0.05674816	-0.14101666	0.15076985	0.11057315	0.13723117	0.43367533	0.05918125	0.07124657	-0.12586078	0.14506352	0.09087657	0.12558408	-0.04424776	-0.14336891	0.09426191	-0.10102679	-0.10808748	-0.12064468	-0.07886677	0.04616990	0.24716359	-0.12206282	-0.03084551	0.06562590	0.19331417	0.30454905	0.28032231	0.10467228	0.34741209	0.14204156	0.20399524	0.18566398	0.07394806	0.06802193	0.31338841	0.09234753	0.16616020	0.22389375	0.01531446	0.18980773	0.02735623	-0.02393607	0.19296768	0.04066930	0.13101033	0.41260738	0.12243045	0.23982062	0.23408898	0.20791922	-0.11611582	0.06664404	-0.06624135	0.00585710	0.16084403	0.13923229	0.20897793	0.33904035	0.30300715	0.17573801	0.23147032	0.19122749	0.37564839	0.05679818	0.03024138	0.06383892	-0.00886940	-0.00392972	-0.02266103	0.09969671	0.14769778	0.10568583	0.22814636	0.09785046	0.04819819	0.12889453	0.16098331	0.13454674	0.27773247	0.21214101	-0.06273360	0.28785642	0.28909605	0.02019333	0.16886441	0.10092057	0.19493492	0.27806943	0.43603525	0.24159075	0.56099426	0.29072757	0.15382992	0.32645846	0.21224270	0.26454950	0.20336410	0.21171325	0.14017442	0.11271938	0.42100876	0.32174727	0.06800352	0.08016109	0.20879193	0.10205873	0.23664399	0.42426039	0.43724388	0.46406347	0.36560866	0.37729728	0.37613556	0.60569404	0.45279874	0.56762458	0.38062142	0.39164764	0.25727407	0.27765473	0.26632769	0.18304702	-0.10069985	-0.05025290	0.16566686	-0.02942533	-0.07264011	-0.01020283	0.00573959	0.22137944	0.07844716	0.07247479	0.20578342	0.21879331	0.08102236	0.05867722	0.15122482	0.18838170	0.06626661	0.15805848	0.19016129	0.10061997	0.22609532	0.18549875	0.18429049	0.20385774	0.24005376	0.54366308	0.50799135	0.19532156	0.38278409	0.19298682	0.13347843	0.33781827	0.40686265	0.37158795	0.55360199	0.32235958	0.58834341	0.35728129	0.24841568	0.35628653	0.28651109	0.25251880	0.36590683	0.07077986	0.29813606	0.14596049	0.05891826	0.20749252	0.07789823	0.15709577	0.39583181	0.32722680	0.44093798	0.13335399	0.07190122	0.07773207	-0.03379918	0.13501453	-0.12573010	0.00319825	0.14510692	0.10826163	0.17039649	0.11000588	0.05399632	-0.09201614	-0.01737552	0.12143631	0.12041750	-0.20774915	0.10730980	0.19538768	0.06292419	0.22316589	0.16838236	0.12310475	0.14504108	0.00399750	0.01523543	0.07484465	0.21390671	0.14042053	-0.04352358	0.13076571	0.01298351	-0.04614689	-0.09982222	-0.02983137	0.20606287	0.19527367	0.35688950	0.05782945	0.14327465	-0.25383067	-0.08090084	0.00739764	0.00301916	0.11926201	0.11512520	-0.03811576	-0.00870587	-0.13520397	-0.13642650	-0.24244198	-0.16693909	-0.08272384	0.18968686	-0.07940064	0.05148125	0.04774245	0.15266650	0.26429483	0.14449049	0.27398853	0.05003814	0.10035630	0.12717730	0.31505762	-0.00508664	0.25265995	0.04658260	0.06332699	0.14580204	0.32227176	0.28227914	-0.17307072	-0.21170137	0.05958878	-0.08403096	-0.08469624	0.10017744	0.16556367	0.03612675	0.09688421	0.28898034	0.09369141	0.11867941	0.33802637	0.39098031	0.07116527	0.25478871	0.11475831	0.13153122	0.14757266	0.07887094	0.27550421	0.14700156	0.12696877	0.38918399	0.11140103	0.09072742	0.17453828	0.17951628	0.23635949	0.44098748	0.07976148	0.18523912	0.03343149	0.05383381	0.11503053	0.06761668	0.14608693	0.18024121	0.12576987	0.31054651	0.09662657	0.00120627	0.15779512	0.03267563	0.25800191	0.26943558	0.22784037	0.18528178	0.10913597	0.18810894	0.22709023	0.28745223	0.11937242	0.24363556	0.34976246	0.15049629	0.18390818	0.00133190	0.14085131	0.13574462	0.13029383	0.12990982	0.02777720	-0.05479995	0.09622521	0.15926162	0.21102676	0.18342233	0.04765313	0.17301911	0.12718078	0.15074573	0.11525624	0.01126962	0.13092911	0.01045698	0.14923061	0.06737012	0.12100511	0.04050768
17Networks_LH_SomMotB_Aud_3	-0.04546483	0.11324877	0.03127564	0.02137546	-0.06981283	-0.01962230	-0.00036946	-0.07735103	0.00297310	-0.03030009	0.10971307	0.12455675	0.14310794	0.11917022	0.02968787	-0.04290029	0.13903537	0.00776290	-0.02004620	-0.00597935	0.01621615	-0.07161685	-0.04704051	-0.03583150	0.17033865	0.12974608	0.14258810	0.17075372	0.13693033	0.06561392	0.15145576	0.19316217	0.09545196	0.09152650	0.10732235	0.06939370	0.24284427	0.05934126	0.08839169	0.02827036	0.13089709	0.08208142	0.13097152	0.31633579	0.22861673	0.25475518	0.10977782	0.25469144	0.95985777	0.26201294	-0.02517132	-0.05039194	0.18173878	0.02510274	-0.00709014	-0.06134370	-0.01572487	0.21538226	0.01603507	-0.05303228	-0.02292513	-0.04824134	0.02538523	0.03687670	-0.23526407	-0.00130031	0.08755176	0.17195010	-0.08343997	-0.05160744	-0.07382877	0.02159735	-0.01446452	0.06784484	-0.00467502	0.10113557	0.07549901	0.04979813	-0.05747162	0.03167156	0.05144449	0.07320798	-0.00208970	0.04911959	-0.03884281	0.11426280	0.01582918	-0.01078959	0.06740256	0.24181832	-0.06289563	0.08431882	0.15395804	-0.04589784	0.10870684	-0.08821186	-0.06309767	0.09803348	-0.07559812	-0.04893800	-0.11326443	-0.05994716	-0.16533910	-0.11155823	-0.06102580	-0.08954446	-0.15433237	0.05163574	0.02979192	-0.05825696	-0.01025270	-0.01041061	-0.03217026	0.25743483	0.05632671	0.06871609	0.12246898	0.07716810	-0.10664553	0.05811066	0.12047938	0.03469858	-0.20363067	0.06877734	0.02517810	0.03249485	-0.16787071	-0.13424712	0.03170388	0.03337195	-0.04089898	0.06622203	-0.08839483	-0.07062342	0.06570643	-0.07070704	-0.12407286	-0.01201698	-0.09497817	-0.13041425	-0.11238505	-0.14816736	0.01459841	-0.01376162	-0.10139408	-0.09639534	0.11226741	0.00071658	0.03306375	0.05173970	-0.11285902	-0.02252219	-0.00822215	0.17525268	0.07746247	0.05714568	-0.02256982	-0.08528009	-0.13578410	-0.02390680	0.06652367	0.09702773	-0.04769391	-0.03817409	-0.07406807	-0.04253717	0.05571868	0.19290241	0.08579548	0.10123546	0.03866653	-0.00564636	0.00069321	-0.05453835	0.00030000	-0.03545034	-0.10259854	0.09916399	-0.01095553	0.02116744	0.04419673	-0.05388949	0.05557020	-0.13411882	-0.06747193	-0.08143388	-0.10455576	-0.06661953	0.01620310	0.14000676	0.01263908	0.01112000	0.03554210	0.06633972	0.01509411	0.12519513	0.23150062	0.04896160	0.14527415	0.07912697	-0.11089689	-0.06568422	0.10609174	-0.15045872	-0.01836568	0.05491253	-0.04605735	0.17872701	0.08130238	0.11709461	0.15503205	0.16072709	0.17839549	0.04002712	-0.04633846	0.07113201	0.09570381	0.24395972	0.06850595	0.09217318	0.00170848	0.11076564	0.06016272	0.07282604	0.04720010	0.12168003	0.09209753	0.14787339	0.02779531	0.18650686	0.10861089	-0.03073108	0.11497335	0.17137143	0.06078355	0.14393705	0.16125565	0.05390171	0.08522300	0.03275298	0.07273134	0.09738327	-0.09336164	0.07156018	0.19109344	0.09677273	0.15413122	0.10705269	0.24167378	0.09123960	0.14205699	-0.00748699	0.19604737	0.05089691	0.08683381	0.18617921	0.00083701	0.08518704	-0.06401014	-0.07277239	-0.05272252	0.06574745	0.05817826	-0.08277147	-0.06553161	0.03803480	-0.08610702	0.12906230	-0.07517246	-0.04456812	0.09101885	0.01894972	-0.03969564	0.12275058	0.09369696	0.04184915	0.17564265	0.11633985	-0.02020531	0.04403838	0.05801124	-0.05459005	-0.09047091	-0.02847763	0.14671988	0.37338368	0.03594126	0.01718772	0.17739678	0.03288406	0.08386439	0.06176736	0.19663220	0.18544416	0.04752773	0.16497769	0.15893348	0.09640541	0.04974305	0.03361192	0.04867687	0.06079721	-0.09292050	0.03282811	-0.07982561	0.01467206	-0.01997074	-0.00508777	0.00387373	0.01076329	0.10527146	0.09965801	-0.04065815	-0.06278835	-0.03760721	-0.03977251	-0.08038452	-0.02647391	-0.01517851	0.20563927	-0.06595506	0.12118059	-0.03426381	-0.01686472	0.07345269	-0.08487503	0.03168632	-0.02081482	0.00613948	-0.11163787	0.03987165	-0.03502942	-0.02030935	0.00682327	0.17035855	0.16350971	0.07715390	0.03605901	0.03735578	-0.08973421	0.07636418	-0.07012974	0.04227775	-0.02074762	0.12025089	-0.14880687	-0.10102956	-0.07071337	-0.06452456	0.03025371	0.03866323	-0.03270413	-0.02731064	-0.00689216	-0.12430739	0.01644664	0.18019950	0.17195507	0.01882771	0.15097702	0.03434566	0.13384202	0.06127461	0.06165083	0.09931931	-0.01618415	0.05960810	0.15743203	0.08280532	0.07121864	-0.02576989	-0.01824794	0.05799238	-0.01011050	0.14600415	0.03271290	-0.09825324	0.01092221	0.00051347	0.10149915	-0.08932495	0.05973719	-0.09456372	-0.09437910	0.06685645	0.00134965	0.01835303	0.08326583	0.09452175	0.12412305	0.19056709	0.19127525	0.13047132	0.15551737	0.14993806	0.06508551	0.06795764	0.14249970	-0.00245529	0.02658205	0.11490568	0.11700341	0.07375373	-0.05104887	-0.00264661	0.10124255	0.12484192	0.11438990	-0.04108332	0.00889764	0.05299736	0.04804483	0.10815693	0.21713589	-0.03624896	-0.08376073	0.06218598	0.15939695	0.01704230	-0.15531826	-0.04683119	0.09073213	0.09367290	0.04699215	0.03298829	0.13878978	0.16340615	0.07369403	0.11276379	0.15825638	-0.02404309	-0.00244298	0.16752521	0.14275780	0.14912936	0.14738358	0.16039570	0.21923297	0.15013770	0.06107082	0.06685762	0.12873937	0.17114493	0.11560719	0.03212618	0.20170682	0.08389611	-0.01916276	0.01491636	0.19753928	0.19134348	0.14134265	0.11715544	0.10279300	0.14358791	0.01484380	-0.02065883	-0.03225126	0.12372048	0.06196754	0.14984184	0.09032559	0.04539055	0.14925372
17Networks_LH_SomMotB_Aud_4	-0.01362100	0.18068037	-0.04127358	-0.03857601	0.17063947	0.17448229	0.11791305	0.11901648	0.04730293	0.01368476	0.04962556	0.11532436	0.35117599	0.31763598	0.08766933	0.22936547	0.10655061	0.10721645	0.10435676	0.29305330	0.09363951	0.18010858	0.00367870	0.25980841	0.21735449	0.14950882	0.22078999	0.12990408	0.22025196	0.23030712	0.20323599	0.22335168	0.09820482	0.06270566	0.11383771	0.16435912	0.12161322	-0.08152399	0.02011874	0.20063949	0.25932561	0.03531731	0.02436344	0.09383847	0.40159536	0.29336210	0.46966518	0.43960113	0.26201294	1.15353282	0.38059244	0.32280585	0.54899177	0.30990656	0.01805771	-0.00562231	0.06683113	0.18742988	0.18503482	0.07954901	0.28994638	-0.10564930	0.11143793	0.06526819	-0.08959641	0.03137222	0.09455601	0.11902576	-0.03194920	-0.12981195	0.01790792	-0.05956425	0.23188689	0.12709504	-0.03049153	0.11484884	0.01643204	0.02526575	0.17167883	-0.02890734	-0.03355137	0.15531045	-0.10550453	0.04989022	0.17198216	0.52539182	0.44827547	0.24776330	0.46585618	0.39055928	0.18297270	0.21053343	0.33669896	0.16039989	0.31554380	0.09446759	0.15216352	0.25548103	0.24514282	0.18850323	0.03645753	-0.00946697	-0.11806657	0.22355469	0.26389231	-0.09385593	-0.11430871	0.19563000	0.02722922	0.04019597	-0.03653682	0.02287386	-0.13502395	-0.02695994	0.03160925	0.03833892	0.08071114	0.21319711	0.03124508	0.27751535	0.07521558	-0.06497303	0.05149950	0.02645180	-0.05146733	0.10831641	0.02092905	0.11626695	0.05602199	0.18182437	0.13803571	0.17653760	0.26673605	-0.14806588	0.06622019	0.04900868	-0.03532814	-0.02651994	-0.08658209	0.03922784	0.01058073	0.00382650	0.22951914	0.12443979	0.21226257	0.07117578	0.01631954	0.09529332	0.06074224	0.01374493	-0.02406039	0.05090514	-0.07770326	-0.12722966	0.03634502	-0.10307979	-0.06413499	0.09260584	0.05125718	0.09710261	-0.00362000	0.11909873	0.13585416	0.29392288	-0.06173849	0.22227312	0.08588408	0.03630043	-0.03004657	-0.05713857	-0.02401116	0.05110556	0.09905891	0.11716195	0.02414723	-0.07727772	0.06151084	0.15363815	-0.03846760	0.15680573	0.06381763	-0.05558778	0.28778487	-0.01578209	0.11432022	0.08770520	0.15136814	0.00630673	0.26140537	0.12900552	0.33011311	0.28781421	0.37508563	0.33749960	0.27185955	0.24755038	0.28408397	0.21149604	0.14770314	0.27306182	-0.08512861	-0.10417815	0.04539668	-0.14027779	0.07868754	-0.09446337	0.07903899	0.12919509	0.07372459	0.10528888	0.03121348	0.04983827	0.23796574	0.16396440	0.05245735	0.13190289	0.09688281	-0.05920119	0.22551568	0.34142443	0.04619376	0.11899579	0.09556640	0.24538548	0.09941818	0.17106744	0.08027843	0.30315565	0.13161927	0.12078318	0.16321848	0.02538868	0.06707975	0.15883623	0.13286922	0.10090351	0.01540767	0.08459149	0.15554535	0.15322723	0.05844889	0.01947932	-0.06150639	0.23310789	0.41456649	0.39606316	0.31075697	0.39818030	0.39963490	0.10354169	0.55741250	0.39633544	0.26131740	0.45370415	0.49821179	0.12234498	0.05250817	0.07839519	0.27248027	-0.12751089	-0.21865238	0.03175904	-0.00797481	-0.00892177	-0.06749356	0.00689443	0.22533495	0.02265929	0.08993875	-0.08178846	0.14473861	0.08846515	-0.02783713	0.17051366	0.14020231	0.00081928	0.17285468	-0.02525593	0.20877282	0.15270236	0.07191464	0.02675384	0.00097794	0.04243076	0.43107225	0.31941973	0.21439538	0.12906216	0.17166520	0.24530717	0.37461702	0.27079122	0.23657903	0.32456801	0.34387741	0.26296622	0.19879252	0.12357537	0.14161893	0.22009915	0.26822718	0.04302720	0.21124185	0.19014370	0.10148906	0.09661785	0.15156255	0.07719897	0.13760050	0.29397977	0.29693302	0.36366334	0.04463053	0.03014342	-0.04608213	-0.00813581	0.10293622	-0.08178196	-0.05175941	0.09331471	0.08297877	0.07953130	-0.00142507	0.14698465	0.00695083	-0.02295511	0.03216975	-0.09466538	0.11145435	0.12918096	0.12497883	0.28730034	0.20606128	0.10170043	0.08012685	0.04007525	0.13650618	0.12565252	0.15136638	0.15422464	0.09373622	0.11659146	0.24341182	-0.01975952	0.02893507	-0.09024331	-0.00196085	0.12852836	0.12016500	0.21853808	0.27233321	0.24864626	0.07017787	0.20579657	0.10040649	0.00930913	0.11357420	0.09861510	0.13444648	0.03785896	0.03696411	0.15744105	-0.18157995	0.09380244	-0.03512561	0.04077166	0.05269698	0.07397381	0.00711471	0.16923946	0.11252700	0.18656311	0.05305713	0.08313766	0.13169525	0.13253894	0.12081106	-0.01515035	0.23301569	0.06293917	0.00091959	0.10220752	0.14342587	0.18976188	-0.00663643	-0.04678349	0.24826228	0.18003546	0.12692239	0.26546771	0.16828939	0.06983724	0.20699187	0.37565059	0.10997643	0.11190971	0.25521487	0.37580423	0.15847735	0.21105983	0.15262252	0.17221290	0.04016223	0.07827204	0.20709964	0.22069461	0.22116049	0.17459045	-0.03957685	0.07933792	0.19492683	0.12385470	0.18806638	0.21119198	0.01556293	0.06402156	0.03671995	0.00798847	0.07318618	0.13256923	0.15754780	0.19920468	0.15935259	0.12426311	-0.04011804	0.14349835	0.13295705	0.09851380	0.17726101	0.04073418	0.12240028	0.10384115	0.20613227	0.25130630	0.20190042	0.15619659	0.27623400	0.26124726	0.25633622	0.25718798	0.15356151	0.15108833	0.17400606	0.18378715	0.05810876	0.27632502	0.12972137	0.06090976	0.18158917	0.19031856	0.24000052	0.18403287	0.12219426	0.22722644	0.20752369	0.16915614	0.12270950	0.06108019	0.04615922	0.03588180	0.16797788	0.02470005	0.02409095	0.09912722
17Networks_LH_SomMotB_S2_3	0.17139857	0.22568837	-0.08324121	0.01381890	0.10858186	0.31579993	0.10477835	0.27096765	0.26428649	0.15770766	0.20067706	0.05341622	0.28930763	0.25521414	0.22179049	0.33402969	0.00201975	0.22062127	0.11900719	0.33043644	0.06503657	0.31751692	0.12778487	0.08288143	0.38767805	0.34564895	0.35300481	0.10895010	0.41193201	0.34773660	0.30005672	0.34077523	0.37293176	0.17985792	0.10554221	0.31883668	0.14914317	0.03063788	0.06154348	0.40414210	0.50871716	0.05201667	0.26533332	0.18211202	0.47708713	0.12690362	0.54995099	0.45680351	-0.02517132	0.38059244	1.16492868	0.80564401	0.48544892	0.35818466	0.59933227	0.40044548	0.63493430	0.19670524	0.54750739	0.06497175	0.25063480	-0.01451668	0.11573495	0.01408223	-0.05021644	-0.08608031	-0.07792446	-0.00419885	0.11217176	-0.03963770	0.05778328	0.04071462	0.22171369	0.26712046	-0.11017152	0.07806602	-0.04677793	0.14844861	0.06234359	0.07098749	0.08239051	0.07576403	0.03272330	0.14756132	0.20016577	0.34638318	0.21702555	0.19488663	0.39813705	0.38283574	0.31630687	0.40736348	0.42514665	0.25151890	0.21084054	0.25024289	0.16706756	0.38524074	0.36170178	0.21503121	0.19796519	0.15953522	0.00955647	0.31166521	0.32210333	0.05790013	-0.15823118	0.16872275	0.17492451	0.04897769	-0.00035491	0.18682239	0.17824474	0.14889157	0.17859158	0.21066750	0.12347524	0.00793698	0.10358173	-0.04395458	0.11091565	-0.22634565	0.10883902	0.05342986	-0.13178709	0.00714409	-0.04254216	0.02241678	-0.05060872	0.03799642	0.01353456	0.05379307	0.24829123	-0.08340654	-0.00772337	0.11414623	0.06384554	-0.06493663	-0.16988153	0.01048094	0.12171800	0.17809889	0.42197402	0.12392254	0.18410758	0.00747304	0.14545851	0.03234293	0.02831078	-0.04434210	-0.01907411	-0.01944505	-0.14231931	-0.22868536	-0.11111925	-0.14980491	0.05803830	0.19611650	-0.09242202	-0.03499555	-0.00846052	0.06863773	0.34681340	0.30512730	0.07181358	0.25413564	0.11946335	0.21570209	0.06583225	0.04179277	-0.01032868	0.25607223	0.06261829	0.10796019	0.22097643	0.00421116	0.17276983	0.09405536	-0.05799573	0.08099884	0.04763787	0.02685746	0.25461009	-0.02347854	0.14833959	0.08864323	0.16083174	-0.13544957	0.17458449	-0.06590938	0.12308621	0.10378355	0.17210863	0.21423878	0.21605442	0.19960604	0.08286710	0.26940397	0.10498215	0.25659017	0.08071362	-0.09751153	0.08924010	-0.05578637	-0.01142301	-0.04226969	0.18440214	0.19415922	0.15166367	0.23402136	0.04999716	0.09259628	0.21670550	0.12869705	0.28669122	0.23253189	0.13957313	-0.15776999	0.26262593	0.33423011	0.07752922	0.08492304	0.08638470	0.37993398	0.46266925	0.55542472	0.22723409	0.48719638	0.38057441	0.11710907	0.34035112	0.17504315	0.23212199	0.18947738	0.21520096	0.21264060	0.04661951	0.42168940	0.37606955	0.06721255	0.12266906	0.06957886	0.19638914	0.27026806	0.48089647	0.53474360	0.61077978	0.43385414	0.29740571	0.34523970	0.46149758	0.67173077	0.64868966	0.20035762	0.40375425	0.34484503	0.65844527	0.48050317	0.07793914	-0.17018513	-0.03626659	0.12596418	-0.01521274	-0.06671516	-0.05812890	-0.07972374	0.24159833	0.11230582	0.11882171	0.14781860	0.32355793	0.08174336	0.01292973	0.33168341	0.11323262	-0.00606013	0.15629267	0.09039218	0.13189809	0.18973398	0.15225043	0.23201647	0.17263706	0.27862986	0.31395216	0.18897560	0.09133197	0.38283570	0.26743989	0.25234284	0.34631440	0.59714612	0.32449431	0.47186648	0.25495551	0.40430997	0.25266886	0.07871791	0.29655999	0.15248632	0.13471748	0.25460626	0.11105095	0.20169411	0.04894359	0.00688879	0.16723823	0.07502614	0.13658786	0.37085231	0.39122855	0.39056945	0.17651928	0.12248790	0.04417809	-0.09006981	0.26029537	-0.00851801	0.10259652	0.27813726	0.18256180	0.22772685	0.12771662	0.13070046	-0.01821111	0.00227944	0.03755239	-0.03303637	-0.10943181	0.20696050	0.26688620	0.13643783	0.21881148	0.15866412	0.01267034	0.05444131	0.04577280	0.08171958	0.08920102	0.12165020	0.11769533	0.09826138	0.24238987	0.19813105	-0.04795146	-0.13199612	-0.10485743	0.13852352	0.19670912	0.32952573	0.17124532	0.20988068	-0.19145572	0.08549500	0.04484453	0.04015951	0.07619382	0.15208529	0.07604257	-0.04469462	0.03059381	0.04331054	-0.22855752	-0.15090251	0.03108331	0.12554094	-0.02216167	-0.06307119	0.15870721	0.12227603	0.20227080	0.13724146	0.29224814	0.14032268	0.14196896	0.04962741	0.28610387	0.12008360	0.32624771	0.04739274	0.16205246	0.09520631	0.24292461	0.25517627	-0.09689866	-0.12793134	0.10704883	-0.01582140	-0.00877390	0.13673182	-0.06459503	0.07335135	0.07314724	0.21998816	0.11023861	0.19687870	0.35874861	0.33400297	0.22677745	0.24728642	0.19087164	0.19614897	0.11136084	0.20297347	0.15731716	0.11957869	0.14445759	0.26464602	0.10131404	-0.05248203	0.22852392	0.09446197	0.10500596	0.28932562	-0.06609166	0.18003523	0.03395751	0.04733951	0.04157739	0.12711262	0.14528463	0.15141285	0.16257007	0.17536389	-0.00303381	-0.07245205	0.18285145	0.01454121	0.12390213	0.25867206	0.09330779	0.18031954	0.12529936	0.19316727	0.23037278	0.11741973	0.06231612	0.15601335	0.32840365	-0.01332624	0.15784952	-0.00642960	0.10664744	0.08965192	-0.01717113	0.06181494	-0.18245521	0.04084335	0.03285469	0.11570260	0.20495192	0.14360667	-0.02869030	0.20631314	-0.01792348	0.06293877	0.08860038	0.00958849	0.06573962	-0.04213934	0.11496611	0.10595983	0.12734380	0.10047682
17Networks_LH_SomMotB_S2_4	0.25999034	0.26517524	-0.01749172	0.14742062	0.23414614	0.39924725	0.22627143	0.37493344	0.33413925	0.16986916	0.22530685	0.15636654	0.42653715	0.26192164	0.24533226	0.36447725	0.05339882	0.26428113	0.11029252	0.34549090	0.06317772	0.26635689	0.21276212	0.13067770	0.43917223	0.56475983	0.49133891	0.16781619	0.51316189	0.45849017	0.40251560	0.50677613	0.50565724	0.31903378	0.20197574	0.48397710	0.21003710	0.10561426	0.10636820	0.55619408	0.63190074	0.18524941	0.34939731	0.19334623	0.51529242	0.15292051	0.58627030	0.54050175	-0.05039194	0.32280585	0.80564401	1.23458074	0.55711968	0.48115405	0.68931651	0.38046504	0.68445200	0.28156043	0.65689438	0.15578262	0.41468942	0.09629279	0.24583853	0.06547576	-0.06947241	0.03154186	-0.09564956	0.05680746	0.14610775	-0.00584582	0.16205797	0.10942982	0.32505080	0.46155302	-0.00911717	0.22295673	0.11033863	0.23344476	0.11647596	0.16381469	0.17034123	0.16109953	0.10542130	0.18324887	0.27701790	0.44851062	0.26713486	0.30044255	0.43030524	0.43455260	0.38280919	0.58694790	0.56284186	0.26030673	0.31303290	0.32392127	0.17208315	0.49511533	0.44161000	0.38256517	0.33748246	0.22909042	-0.04311694	0.30035940	0.38834578	0.03327029	-0.11312419	0.17395148	0.11209978	0.06795213	0.02135728	0.24986565	0.22113608	0.16517023	0.21623241	0.22797073	0.10750139	0.07366103	0.17840555	0.03873254	0.08865483	-0.25642660	0.14012047	-0.01427696	-0.06899437	0.09378938	0.03126587	0.00499400	-0.01889426	0.06093841	0.00467997	0.01214064	0.29235126	-0.05734647	-0.00353366	0.07065495	0.11184897	-0.09054450	-0.15976432	0.05134136	0.16658764	0.19531439	0.44292297	0.08923142	0.17971540	-0.08456190	0.13877164	0.05847285	0.01755939	-0.03417537	-0.00300176	-0.04760198	-0.15919998	-0.12919419	-0.09423968	-0.04805831	0.07064680	0.24255075	-0.15056820	-0.00070356	0.02907337	0.16080534	0.39737107	0.38245326	0.11501284	0.32179723	0.16219942	0.19883791	0.16256277	0.07041567	-0.02558510	0.32226933	0.11374090	0.16517881	0.32570555	0.04961575	0.18166649	-0.04200791	-0.13484156	0.16065348	-0.00978347	0.05792431	0.36106652	0.00507454	0.24220597	0.11196088	0.13481125	-0.12942489	0.12152510	-0.00707310	0.06254436	0.19675953	0.26779039	0.27544328	0.32771511	0.31748101	0.03861551	0.29235888	0.01376195	0.34029083	0.20002376	-0.04576858	0.16127591	0.06539657	0.08220638	-0.06617190	0.23632374	0.29468739	0.16633844	0.23232205	0.15042066	0.13655001	0.26997281	0.23440498	0.28179328	0.24053201	0.25055219	-0.07696786	0.18775406	0.26058498	0.10804181	0.05981863	0.14849892	0.47836448	0.60048154	0.72538691	0.30122200	0.61207544	0.46959749	0.22748121	0.45997688	0.29110696	0.37982201	0.26895916	0.39485991	0.34426596	0.16791838	0.60115209	0.46324560	0.15663755	0.20368981	0.17932062	0.24635406	0.27334849	0.38619430	0.45886041	0.50496421	0.28516114	0.30702693	0.37415212	0.41731966	0.57830588	0.78063064	0.22967228	0.43922284	0.40222449	0.72291356	0.67938214	0.31951818	-0.05329140	0.02005891	0.15635130	-0.09892308	-0.03449015	0.06793529	-0.04822742	0.30637531	0.15655840	0.25127945	0.28853473	0.41674297	0.13119479	0.03085496	0.38803811	0.22865954	0.16424217	0.18111114	0.19702971	0.15330906	0.29772561	0.25883583	0.33064589	0.25279810	0.32083888	0.43079108	0.31971662	0.21274518	0.45589447	0.23960581	0.15967183	0.35638376	0.53715209	0.40041784	0.57385373	0.25561563	0.55961099	0.38644252	0.18553953	0.32539556	0.24047176	0.24724623	0.39251282	0.13624354	0.25108828	0.08140405	-0.03660792	0.24605050	0.13251667	0.08318711	0.39599350	0.35518130	0.40420719	0.26127010	0.17466423	0.08993151	-0.03966222	0.34361947	-0.08979446	0.15854522	0.28928305	0.21420283	0.24543639	0.25865668	0.11000976	-0.01311769	0.07781523	0.07971215	0.08850167	-0.09870771	0.14793413	0.24759654	0.17106695	0.29013515	0.19721173	0.07533453	0.05148139	0.05661226	0.07380916	0.04222868	0.22208452	0.10089968	0.03742890	0.20878702	0.17821331	-0.07151122	-0.13690375	-0.07148912	0.16988912	0.26058022	0.33454466	0.14892104	0.22390632	-0.18146766	0.04172291	0.05304397	0.11356732	0.10728704	0.14985841	0.03217956	-0.06523871	0.00015105	-0.02061469	-0.12787912	-0.12657070	0.08141302	0.20380914	-0.01668608	-0.04636625	0.06912742	0.17863119	0.28933915	0.19203350	0.33383237	0.15955211	0.08448926	0.14029132	0.39096244	0.14211660	0.33157922	0.02186582	0.19363518	0.18032830	0.27817531	0.26727519	-0.09123757	-0.10638641	0.11733805	-0.01788719	-0.04615036	0.24651002	0.00521665	0.13939153	0.05656689	0.26119136	0.05864910	0.16450877	0.37905451	0.32880537	0.14376202	0.31938998	0.30048787	0.27086585	0.14662772	0.25860962	0.31195905	0.16430756	0.21874329	0.34650363	0.13598871	-0.06024735	0.25334825	0.10994496	0.22897797	0.39952513	0.05556824	0.24243402	0.14435685	0.15943348	0.13577131	0.24907010	0.25340464	0.22973288	0.21654845	0.28404491	0.04412105	-0.09346112	0.13313607	0.02158177	0.22272871	0.29579800	0.15693837	0.23893129	0.21497638	0.21484504	0.33374212	0.17992989	0.04957767	0.26329492	0.38954969	0.08754638	0.20762626	0.05409534	0.13135125	0.12919259	0.07544891	0.12412336	-0.14216516	0.07182749	0.19390615	0.23413798	0.29309521	0.19826786	0.01320555	0.33410318	0.15255549	0.11089779	0.15462663	0.12843055	0.13717022	0.06554310	0.20730038	0.17945482	0.18343049	0.15203343
17Networks_LH_SomMotB_S2_5	0.21549549	0.29940604	0.02837219	0.15383740	0.12228108	0.27211929	0.17658458	0.35411433	0.25791630	0.15480381	0.27178877	0.22072808	0.40358228	0.38674412	0.21456947	0.37935905	0.14572107	0.22196998	0.12714753	0.29463601	0.16276040	0.31765319	0.22152067	0.39724581	0.49082942	0.34781580	0.37617711	0.21831384	0.55840360	0.45327979	0.48690146	0.43104582	0.36239971	0.36430883	0.28081320	0.46118206	0.29809604	0.16332904	0.32362738	0.51618564	0.50421843	0.20383678	0.28945576	0.14333547	0.58303353	0.32962924	0.53377114	0.58825546	0.18173878	0.54899177	0.48544892	0.55711968	1.17559153	0.68311135	0.13905266	0.03783931	0.22061747	0.18359749	0.35589348	0.12226508	0.35425741	0.08539839	0.27540066	0.20327418	-0.10333391	0.04037594	-0.06534158	0.05875071	0.13915857	0.06768091	0.14512694	0.11898831	0.31886565	0.39415352	0.17461974	0.33953705	0.23159032	0.21089524	0.18808171	0.13580991	0.14899150	0.31532427	0.05928642	0.14902064	0.37363631	0.69645285	0.41190292	0.39649443	0.42042256	0.36845507	0.29457106	0.32875888	0.54101867	0.26304500	0.49471144	0.31715081	0.33199507	0.62106944	0.44797710	0.31111572	0.21639116	0.19059178	-0.08013071	0.16851976	0.34031194	-0.03515535	-0.21005639	0.27983232	0.01984152	-0.11947022	-0.13585370	0.18563200	0.14597385	0.11485538	0.07743568	0.09817942	0.06042083	0.01466761	-0.06736273	0.07620797	0.02656076	-0.20086766	0.20506709	-0.12221062	-0.04702481	0.12894083	0.12225746	0.07754428	0.02678880	0.22560455	0.08407227	0.16461036	0.35717080	-0.04491901	0.07152405	0.02669163	0.01283121	-0.08821227	-0.11358259	0.01011842	0.04133963	0.09549299	0.47237334	0.03604161	0.10493629	-0.10839201	0.12245379	0.05084095	0.07408718	0.02217208	-0.00403300	0.04571647	-0.14540794	-0.14392782	-0.09141707	-0.14846656	0.07229107	0.37562582	-0.10428544	0.08786409	0.12970915	0.19134866	0.32658066	0.33866076	0.05999322	0.30033099	0.03748952	0.18345082	0.18042259	0.09089999	0.01196495	0.17644222	0.12060715	0.08541411	0.27185453	-0.02639482	0.17636420	0.10434628	-0.01691311	0.21744769	-0.01021603	0.07661428	0.35113551	-0.07928391	0.20937174	0.12312018	0.16285452	-0.08129911	0.27652950	0.04574681	0.15512254	0.15451726	0.24241483	0.19752126	0.30929951	0.37046543	0.21754615	0.29800916	0.11170284	0.42644749	0.26848027	-0.06337143	0.28533080	-0.00068355	-0.02386018	-0.11449413	0.17315352	0.39417469	0.23140992	0.32179859	0.24267012	0.20447459	0.34789140	0.22930433	0.28826969	0.22883939	0.18281077	-0.11775127	0.26970659	0.33116587	0.08644207	0.09783133	0.14922297	0.39011538	0.32481220	0.49506008	0.17307981	0.52638178	0.36752571	0.34897685	0.26115692	0.27805240	0.25740307	0.35974592	0.38780062	0.37480435	0.09622534	0.39684007	0.38184524	0.19314132	0.24264111	0.17874879	0.28686511	0.28303694	0.42236070	0.43169415	0.28032370	0.36375985	0.48125821	0.21463528	0.57146100	0.41789725	0.46421972	0.38796502	0.56671002	0.13429509	0.21024817	0.25053039	0.37745629	0.05294247	0.09212565	0.29752064	-0.06143777	-0.00250683	0.12462750	0.04690088	0.21326984	0.10476987	0.11315677	0.17594618	0.29314833	0.16335627	0.04288343	0.23879789	0.37804460	0.16659569	0.27107465	0.23758012	0.25167499	0.30492238	0.35441888	0.31159140	0.22428845	0.25223125	0.55215770	0.49191973	0.30797553	0.38267350	0.16784576	0.18411022	0.35456727	0.37093721	0.31477501	0.46755499	0.32467005	0.58101085	0.37946467	0.24180423	0.28979480	0.34634634	0.32828316	0.45702856	0.22271946	0.35980298	0.01857133	-0.00259836	0.19860298	0.09806220	0.03942782	0.34076255	0.27756568	0.38696359	0.08822930	0.02785299	-0.07946587	-0.14872563	0.16603543	-0.04808443	-0.04889119	0.27296627	-0.10474445	0.08447351	0.02955499	0.03110944	-0.00227712	0.11542268	0.07771130	0.05606734	-0.07906282	0.07343112	0.19666302	0.09542464	0.32260111	0.12856441	0.19618370	0.07863918	0.06199806	0.03708399	0.05054629	0.35344346	0.00042407	0.01136432	0.09903074	0.06439568	-0.04959620	-0.20995561	-0.10941502	0.05932477	0.14418563	0.35816054	0.11114133	0.21682446	-0.10081663	0.11699330	-0.02816537	0.04169676	0.08133181	0.16897919	0.03105343	-0.00033573	-0.06439185	-0.04447685	-0.24381926	-0.12091513	-0.09766783	0.25279062	-0.00000331	0.02539619	0.07705172	0.19503079	0.24621399	0.14849460	0.26246803	0.07333345	0.13635477	-0.06989494	0.15503133	0.01954130	0.38348421	0.00457103	0.13455476	0.07080141	0.18818372	0.15899031	-0.00982796	-0.13473805	0.18243975	0.02093392	0.01425461	0.19529725	-0.06688780	0.07118218	0.04428030	0.40251222	0.14360157	0.16882973	0.46975826	0.54477604	0.13221628	0.29959256	0.18042083	0.15918139	0.07366608	0.16554020	0.33535626	0.05855061	0.21624032	0.31086267	-0.01966424	-0.12787316	0.13757002	0.09630277	0.24253332	0.36404645	0.09865343	0.28626947	0.02025393	0.11577961	-0.00873668	0.22596914	0.27200964	0.04063631	0.20587200	0.15752263	-0.08584714	-0.04266684	0.16631725	0.13136078	0.22026686	0.14831157	0.26022801	0.26418454	0.17120155	0.27317083	0.30221755	0.14559651	0.03845116	0.25635555	0.23689414	0.09506058	0.13591017	0.03646623	0.16876337	0.11730141	0.00794317	0.12070797	-0.09089163	0.00384130	0.19154291	0.17296847	0.27209658	0.18528590	0.07783020	0.29320573	0.08977393	0.11592613	0.19264462	0.04854354	0.17165422	0.05029755	0.18421225	0.14939081	0.11052535	0.08197727
17Networks_LH_SomMotB_S2_6	0.30653609	0.26965099	0.14628112	0.17433134	0.10448506	0.26310160	0.19386533	0.28995799	0.21958515	0.18171664	0.25192893	0.20926856	0.26367195	0.30935345	0.23572579	0.24954063	-0.02138286	0.23646457	0.08340035	0.23160942	0.17292591	0.28642807	0.23231720	0.34096842	0.38241825	0.30813806	0.32687032	0.15236603	0.43259222	0.35335718	0.48302593	0.40182439	0.38743022	0.43846673	0.28169869	0.51723553	0.33920634	0.17917774	0.34627403	0.52369789	0.44584936	0.23453619	0.29699490	0.13678469	0.39200506	0.12458359	0.38164582	0.41401718	0.02510274	0.30990656	0.35818466	0.48115405	0.68311135	1.03221211	0.18136267	0.03666151	0.19446879	0.05438296	0.34634112	0.20079812	0.24154078	0.15785427	0.33225868	0.15984308	-0.03144579	0.07912698	-0.14445116	-0.01373914	0.10728297	0.12434786	0.14743383	0.16458922	0.36357968	0.43041781	0.25018747	0.41210521	0.19746684	0.25284790	0.28228619	0.27794159	0.17068082	0.23810726	0.05236278	0.05817627	0.32815509	0.56851888	0.35890265	0.43536407	0.32660234	0.22553140	0.29048069	0.30636228	0.47356464	0.22444999	0.35234664	0.27452932	0.32196520	0.55997665	0.37895666	0.29658450	0.23133539	0.28135960	-0.05301993	0.05346639	0.29831754	-0.03126393	-0.12392825	0.21667721	0.07166891	-0.14463491	-0.06840577	0.18878741	0.21331610	0.16433325	0.04718733	0.10579473	0.11998456	-0.03941306	-0.02980098	0.12678971	-0.01923233	-0.24724103	0.23380529	-0.13812968	0.02245555	0.07305807	0.15722731	-0.00496843	0.01571895	0.22363707	-0.01332656	0.07014201	0.29573838	-0.00681137	0.01082417	0.01836233	-0.02829252	-0.11150780	-0.11175430	0.01096128	0.10529721	0.11735633	0.35354116	0.01404357	0.08365552	-0.18311286	0.05669377	0.02178228	0.02438245	-0.04109595	0.01427168	0.01336329	-0.15138722	-0.15903080	-0.13956815	-0.10467900	0.14433476	0.36584706	-0.09210405	0.10387591	0.13871517	0.08099446	0.26099797	0.24974699	0.08571898	0.23664580	0.00111208	0.18011408	0.24544985	0.09776865	-0.00586440	0.15281638	0.10957996	0.06019581	0.25218203	-0.03738347	0.18999037	-0.00063969	-0.02585371	0.18286186	-0.06404085	0.06025413	0.21994902	-0.09536795	0.15896310	0.04089917	0.09042031	-0.09383631	0.21186093	-0.06284769	0.02327044	0.08721350	0.14605216	0.14321055	0.27384371	0.27468770	0.08198760	0.25228020	0.06371606	0.33992134	0.33515600	-0.01197115	0.30613777	0.06353626	0.03699019	-0.09581193	0.21484030	0.33770412	0.18217318	0.31342461	0.27560634	0.15596852	0.27213765	0.25881849	0.31812738	0.24856629	0.12556795	-0.06322825	0.25054496	0.28016729	0.17597846	0.12372471	0.19587593	0.35870397	0.31297984	0.45303646	0.24231913	0.43724728	0.39097536	0.37174439	0.33849851	0.37584740	0.34683396	0.33018832	0.45763440	0.36653637	0.25383077	0.42260164	0.38791854	0.22913045	0.34542374	0.22005729	0.30878706	0.23588108	0.30176412	0.21976414	0.20768757	0.17051005	0.36664585	0.12801249	0.44381461	0.31543307	0.39782275	0.23530946	0.51164436	0.12786438	0.20559326	0.23658398	0.35302730	0.14463773	0.09892687	0.37691505	-0.00464139	0.07220707	0.19740894	0.06589307	0.12767454	0.07500249	0.13524846	0.30753885	0.31263709	0.19719114	0.08790535	0.25043809	0.42843507	0.30907491	0.27283846	0.33083410	0.31928903	0.34824311	0.27125360	0.39674937	0.30780726	0.27667200	0.42321618	0.39295959	0.29424803	0.40749004	0.11450067	0.06446908	0.32814733	0.26725073	0.20430129	0.32800509	0.27280727	0.52724939	0.28134437	0.25638642	0.20968304	0.36286055	0.22515105	0.51202469	0.18292742	0.39245393	0.01019711	0.02600240	0.20107944	0.13048570	-0.03869846	0.31905509	0.22009654	0.36688004	0.14954103	0.04215877	-0.05366943	-0.12328829	0.17276217	0.02764372	0.02829045	0.32065673	-0.14108891	0.08814233	-0.01232960	0.08719269	-0.03276533	0.24966265	0.13394251	0.19986140	-0.03881556	0.03175259	0.16969291	0.04524848	0.29889056	0.16426166	0.15804743	0.10827208	0.04331226	0.11639851	0.08719604	0.39173820	0.06632702	0.03348800	0.07004798	0.10281844	-0.08518275	-0.24497096	-0.06349679	0.10334716	0.20408946	0.31806084	0.04336370	0.26190330	-0.07477101	0.14596917	-0.01042756	-0.03427024	-0.00668663	0.14985495	0.03231775	-0.04189267	-0.02947514	-0.11007282	-0.20680576	-0.16433321	-0.08851442	0.33655531	0.00755947	0.01365343	0.07115641	0.18051567	0.23904434	0.06840424	0.24078085	0.15705167	0.19867874	-0.04796934	0.14306920	-0.04848983	0.35383674	0.03586811	0.17191914	0.02868972	0.19018102	0.16480694	-0.02145211	-0.07991770	0.08208674	-0.04433177	-0.06662738	0.09314596	-0.08314657	0.04653215	0.01423759	0.34917897	0.12434437	0.20507652	0.45897032	0.45743615	0.11962170	0.35797048	0.12945720	0.08713808	0.02499144	0.14496965	0.27834373	-0.06177646	0.01572512	0.17557852	-0.00169013	-0.22559566	0.05443297	0.07313564	0.16126441	0.23437759	0.02897532	0.31053435	-0.01557106	0.10505147	0.00056954	0.19372647	0.26511735	-0.09207467	-0.00223645	0.14422242	-0.06056042	-0.07501483	0.18262309	0.13377742	0.14817867	0.07605372	0.22887512	0.23554485	0.11833874	0.17894034	0.21660580	0.03433586	0.01634556	0.18490030	0.11785004	0.02006800	0.13277313	0.03722701	0.12612580	0.07900089	0.01586521	0.09916471	-0.04802847	0.05321456	0.19781482	0.11801625	0.21960041	0.18006352	0.02591723	0.21765965	0.07072576	0.09185635	0.11514209	0.05820266	0.21275519	0.11043462	0.16932191	0.15987912	0.08380549	0.06387393
17Networks_LH_SomMotB_Cent_1	0.07903453	0.11750367	-0.04733638	-0.01430107	-0.03120316	0.07252923	0.05783421	0.14529514	0.21881114	0.03122865	0.29204091	0.14352744	0.03499228	-0.02778197	0.13072216	0.10436282	-0.13033242	0.20300144	0.04549221	0.16621021	0.09861653	0.11317079	0.25370540	-0.01016396	0.24668605	0.52079971	0.40807811	0.13937138	0.34652980	0.26013362	0.27084724	0.37857445	0.42062748	0.22388372	0.18548220	0.29102810	0.19674993	0.18408338	0.12610847	0.30687285	0.52821702	0.08151025	0.28472038	0.19826194	0.21362425	-0.02230742	0.24569437	0.26371871	-0.00709014	0.01805771	0.59933227	0.68931651	0.13905266	0.18136267	1.10670471	0.57186344	0.85023030	0.36049491	0.72284918	-0.02845531	0.07282566	-0.07052771	-0.08952428	-0.07079592	-0.03191240	-0.04590450	0.03653991	0.03261997	0.13892578	0.02716306	0.13714781	0.18575407	0.13268134	0.36132916	-0.07547880	0.12491167	-0.01588739	0.26336591	0.04912475	0.16470674	0.17733299	0.09913056	0.19619193	0.20431270	0.13608642	0.00559447	-0.05348844	-0.02232999	0.04463603	0.06699189	0.16666203	0.34390229	0.23272228	0.11618397	0.12730359	0.17289522	0.08674822	0.17792040	0.23548971	0.23531998	0.22167535	0.12931308	0.05110570	0.23644425	0.16829567	0.01679097	-0.11867525	0.12961673	0.06376167	-0.09889697	-0.01800938	0.19230226	0.20537504	0.33449819	0.19473108	0.24904701	0.18668743	0.02566730	0.04775947	-0.18824026	0.07702637	-0.07435617	0.00222541	0.12413653	-0.06592558	0.04641140	-0.05556281	-0.09238122	-0.02327972	-0.09799518	0.02864700	-0.01263770	0.06858919	-0.14205150	-0.11786976	0.16461123	0.12535633	0.00180362	-0.08803103	0.02643812	0.14716772	0.17522086	0.30947361	0.12417268	0.12134558	0.04087726	0.14503528	0.09201738	0.04841614	0.03800759	0.02732214	-0.06092411	-0.00135664	0.00607876	0.05062386	0.05111318	0.11279079	0.04571723	-0.05099774	0.05789030	0.03771315	0.08996447	0.28451986	0.20595742	0.12490562	0.18482912	0.02130420	0.28606901	0.11403331	0.06190284	0.00526586	0.20743751	-0.00806615	0.08233217	0.20415201	0.09689147	0.08740099	-0.11124070	-0.11159579	0.05010727	0.01351706	0.11051178	0.04668970	-0.19686581	0.04026646	-0.02965313	0.07143281	-0.10388155	-0.17094108	-0.08740173	-0.05934000	-0.03462509	-0.00314112	0.01184548	0.01056931	-0.04095989	-0.09834348	0.06299007	0.03054998	0.00752370	0.00892312	-0.03237152	0.09530526	-0.10816248	-0.05147485	0.14114379	0.04817894	0.17572085	0.10363578	0.08859759	0.10809389	0.19240121	0.06231990	0.01086640	0.07000404	0.08884168	0.07603989	0.05283481	0.08661019	0.20443643	0.10628984	0.11454451	0.15468912	0.43993209	0.61188532	0.64993164	0.29563702	0.45118256	0.40697844	0.15747230	0.36668128	0.23359880	0.32633618	0.24093955	0.21388417	0.24080297	0.25124595	0.50844451	0.35448081	0.02430859	0.17854570	0.12433213	0.23233428	-0.00700004	0.14283072	0.23085373	0.52565614	0.04494649	-0.03141479	0.33845555	0.11131195	0.42093218	0.60310992	-0.06389792	0.08789531	0.50664803	0.87613094	0.73867493	-0.03547751	-0.14794753	0.02805672	0.04860016	-0.00180822	0.11700706	0.04187944	0.03291221	0.11901412	0.17689874	0.21548690	0.20231378	0.26839814	0.02975055	0.01160482	0.41135506	0.11085805	0.13766628	0.06953397	0.17830584	0.06511170	0.12679434	0.14396294	0.24457624	0.17599739	0.17002800	0.05717583	0.12065662	-0.00371702	0.34207427	0.06709197	-0.00299043	0.04679247	0.28993674	0.21265591	0.26976174	-0.00540239	0.28727482	0.24261603	0.11313661	0.26006801	0.07268910	0.01151450	0.11454947	-0.04949321	0.07288007	-0.01206182	0.05519531	0.13530874	0.17637136	0.08895279	0.19955926	0.35265744	0.29414412	0.20653681	0.01454276	0.09505433	-0.09592360	0.23253101	0.01950499	0.16303131	0.36538025	0.11784006	0.29361052	0.18028397	0.02271831	0.12808457	0.02305537	0.15161459	0.16030920	0.02339785	0.18228385	0.23792364	0.20741531	0.19199330	0.31258704	0.04490096	0.09618728	-0.04557644	0.07223394	0.13311672	-0.00263546	0.19372836	0.09578240	0.22100991	0.29527367	0.06141855	-0.22635536	-0.10277137	0.07883649	0.18936752	0.22252339	0.22323074	0.17536252	-0.03109064	0.12972615	0.07999227	0.03422715	0.16747173	0.23496625	0.05383072	0.11160141	0.09769374	0.10094933	0.03231181	0.03175103	0.17626351	0.07272047	0.15002636	0.00436188	0.09995188	0.11083215	0.22026834	0.07358808	0.18832599	0.13608450	0.10944824	0.09775183	0.30562266	0.24890506	0.18092438	0.03070463	0.00149117	-0.05245390	0.05533659	0.12238936	0.01287813	0.09272736	-0.11973824	0.03840116	-0.01693047	0.11162710	-0.15787665	0.17175682	0.11907928	0.03085788	0.10237093	0.13750596	0.11491792	0.03561716	0.10184840	0.08638625	0.16849095	0.09773321	0.11319328	0.07867089	-0.01033817	0.08999026	0.15296743	0.24671112	0.05332262	-0.03464659	0.20232315	0.03322460	0.05850929	0.27458953	-0.08086100	0.13541995	0.12048122	0.11027291	0.03466554	-0.05638873	0.05191932	0.20353515	0.24466252	0.21923567	-0.00797038	-0.08549220	0.15977755	-0.06114807	0.12079726	0.40726959	0.05678055	0.27026872	0.05562505	0.13553227	0.29724719	0.13658752	-0.04327307	0.19825369	0.30068893	-0.13950369	0.09600992	0.02229602	0.00661681	0.03959456	-0.08037722	-0.00475312	-0.27882770	-0.04549521	0.09162255	0.20769715	0.16514562	0.09935867	0.02063045	0.19009810	0.06237188	0.07934158	0.02839422	0.12415101	0.14397623	0.05823501	0.10973142	0.06808727	0.13449147	0.17884266
17Networks_LH_SomMotB_Cent_2	-0.05878545	-0.00071420	-0.17704946	-0.16921437	-0.07985415	-0.08013483	-0.06975186	0.04392735	0.00412624	0.15744511	0.19328583	0.05676287	-0.05372462	-0.09001855	0.00750898	0.02040851	0.01154226	0.10592537	0.16301148	0.09601468	0.23640847	0.11175679	0.16053065	0.08220909	0.04553060	0.24322978	0.32060662	0.28669556	0.12001101	0.15752081	0.06017079	0.09466298	0.26075931	0.04901118	0.08558058	0.05142820	-0.01964984	-0.03969930	-0.09819430	0.04695716	0.19997927	-0.06068864	0.09834016	0.06953541	0.07404213	0.05025711	0.14759995	0.12386547	-0.06134370	-0.00562231	0.40044548	0.38046504	0.03783931	0.03666151	0.57186344	1.02303712	0.59495257	0.30643149	0.44709733	-0.08855257	-0.12917036	-0.20899711	-0.21840645	-0.03672694	0.04424969	-0.07081083	0.04435746	-0.08969909	0.07280383	-0.01325202	0.03971117	0.12184178	0.19779545	0.29244891	-0.03182531	0.04288083	-0.05038246	0.12426254	0.06001336	0.05777729	-0.01759187	-0.07227941	0.00990480	-0.01909930	0.08824774	-0.04811961	-0.00677382	0.04893539	-0.08380868	-0.04883531	0.07777178	0.21543006	0.09000309	0.05451818	0.06226137	0.03089744	0.06710785	0.01397474	0.08594895	0.04205485	0.08397638	0.10251400	0.15350015	0.29852038	0.03324997	-0.02388853	-0.08815575	-0.04378564	-0.01743159	-0.02212279	-0.01242158	-0.01533801	0.02950111	0.04826534	0.06263848	0.08362565	0.03645178	-0.02302469	0.06655828	-0.18374710	0.08198254	-0.08519346	0.12418414	0.09839296	-0.03407682	-0.00924638	-0.00375706	-0.05858812	0.04223222	-0.05091833	-0.02052185	-0.10278054	-0.00676176	-0.16875741	-0.26140163	0.14686265	0.12678330	-0.02427507	-0.04033710	-0.05399073	0.04730281	0.05199286	0.20739711	0.09506834	0.09228538	0.06728484	0.11690553	0.00817219	0.02869195	-0.03538618	0.00677387	-0.04827921	0.02225140	-0.06909142	0.07323345	-0.04594584	-0.00758754	-0.08418826	-0.01651734	0.04736399	-0.05309207	-0.01977650	0.09992984	0.04564679	-0.03666790	0.05826870	0.07669208	0.05704871	-0.06693847	-0.01310227	-0.12477824	0.05170544	0.02952542	0.14069915	0.05788546	0.07110633	0.05521592	0.14367139	0.01447220	0.04156496	0.15877416	0.04718720	-0.01791414	-0.03628446	-0.02897596	0.01932588	0.00788309	-0.08360092	-0.19351044	-0.05699397	-0.05218593	-0.12710468	-0.12345633	-0.13968401	-0.01549287	0.01846155	-0.13063157	-0.05385535	-0.00861287	-0.10417051	-0.18076509	-0.18644696	-0.07375663	-0.23429501	-0.09119425	0.08847540	-0.21913340	-0.05218329	-0.05747580	0.01330616	0.04123727	0.11774785	-0.08058930	-0.16403173	-0.12870691	0.07654370	-0.01526476	0.07469238	0.07601710	0.19367604	0.17467290	0.20088216	0.21644284	0.33370130	0.44195082	0.34531807	0.19682449	0.22796313	0.22143887	0.03067224	0.07094404	0.02582367	0.17998967	0.01537966	-0.05716342	0.07844533	0.04454111	0.20349570	0.15084255	0.06516097	-0.13611968	-0.03152133	-0.03111670	-0.04122560	0.02479775	0.07625470	0.42275065	0.01395630	-0.21681343	0.25604822	0.03494057	0.30350965	0.26877531	-0.11068862	-0.04498892	0.34345033	0.54497820	0.38570334	-0.17822222	-0.22736221	-0.07792289	-0.08951385	0.02627193	-0.00379297	-0.03932161	-0.05811502	0.03994922	0.04129770	0.12625281	0.01740428	0.01779728	-0.03862311	-0.08131087	0.24805738	0.02057938	-0.01679254	-0.05393290	-0.00626939	0.08443998	0.00854428	-0.13887941	0.05403665	-0.01134610	0.11077516	-0.00549864	-0.08404196	-0.03485145	0.16918725	0.00025006	0.07989027	-0.09591333	0.16911332	0.22499567	0.08363453	-0.00087204	0.09075039	0.10485758	-0.00646457	0.13848615	0.03354707	-0.03170265	-0.07313516	0.05740782	-0.01303916	0.02433863	0.10832875	0.08460501	0.13193295	0.10644089	0.15186616	0.20713695	0.19730535	0.10051845	-0.02056080	0.08106826	-0.01925933	0.01123975	0.07944261	0.08129457	0.02127562	0.23258273	0.12802436	0.13939029	0.02161131	0.05935050	-0.09634999	0.10053816	0.04715811	0.16246439	0.15515606	0.18144542	0.15463029	0.11574781	0.19495460	-0.01078804	-0.08558797	-0.14304780	0.00117479	0.09923241	-0.07824690	0.08673579	0.18463483	0.26302401	0.15800072	0.14355650	-0.07476298	-0.02916905	0.04842587	0.02909347	0.25458193	0.21828410	0.16946302	0.00739443	0.12445231	0.13362385	0.02845574	0.09559222	0.03262581	0.08785409	0.05261829	0.11087475	0.12505148	0.06956488	0.05503422	0.03690272	-0.04886143	0.08469406	-0.04561696	0.07422026	-0.02267114	0.03989223	0.03811799	0.08223591	-0.02976474	0.00716327	0.06903389	0.18915870	0.14051478	0.19421616	0.06231381	0.01561179	-0.08091511	0.00783039	0.15222394	0.03180399	0.03740850	-0.10548109	0.03015326	-0.05928030	-0.07409443	-0.17116129	-0.01409625	0.11748391	-0.08976414	0.05443493	0.09710120	0.09927877	-0.04660622	0.11308283	0.05122478	-0.02655575	0.01037547	0.02489478	0.02534469	-0.18891807	0.06676391	0.01877644	0.02122559	0.05223630	0.14266104	0.11826502	0.07940279	0.00145263	0.09776010	-0.03958070	0.01830354	-0.01823267	-0.01337595	-0.00865931	-0.12821647	-0.05871480	0.13205132	0.16604620	0.02726136	-0.11476364	-0.06269184	0.09863111	-0.01048919	0.07398491	0.25656908	0.00706976	0.20732653	-0.06672822	0.04275132	0.14394822	-0.09466615	-0.10810614	-0.06877575	0.03647531	-0.14459647	-0.01306029	-0.03999191	-0.05813506	0.00825204	-0.05815175	-0.00098350	-0.13065836	-0.02876271	-0.07204688	0.02158551	0.10337551	-0.02251562	0.00820892	0.10498487	-0.11561654	-0.08417244	-0.08511664	0.02135741	-0.11885030	-0.10614160	-0.11291076	-0.05571360	-0.00905679	0.01756928
17Networks_LH_SomMotB_Cent_3	0.12252846	0.11171143	0.00420078	0.02224891	-0.02135031	0.02237382	0.06702666	0.07448041	0.12865558	0.01231957	0.20356014	0.07873727	0.03811134	-0.05699129	0.20502089	0.06147487	-0.16616437	0.17098479	0.07037950	0.07506325	0.10162801	0.04501571	0.18903419	0.09650333	0.22791131	0.46940506	0.36825427	0.08651205	0.30131481	0.20132276	0.21114654	0.28292922	0.33222828	0.11194573	0.10223410	0.23052164	0.09355336	0.22152199	0.20891639	0.26172336	0.47809787	0.03457628	0.29776937	0.09284748	0.32416067	0.09623019	0.18068985	0.27757556	-0.01572487	0.06683113	0.63493430	0.68445200	0.22061747	0.19446879	0.85023030	0.59495257	1.24387100	0.29950220	0.80370867	0.02126333	0.01601129	0.00852680	-0.10447853	-0.04131468	-0.03164027	-0.09100509	0.07228520	0.02153967	0.17886493	0.06388801	0.11994526	0.20522757	0.18251912	0.34966316	-0.00353113	0.10884609	-0.05250764	0.15298079	0.06309043	0.06447161	0.19299529	0.21451294	0.25997764	0.20079810	0.17930331	0.07629872	0.04268798	-0.01130659	-0.03967324	0.08112485	0.02165490	0.24108986	0.10643762	0.09900498	0.18779263	0.12000234	0.12396850	0.22798880	0.29097035	0.18374634	0.24505483	0.05158546	0.10363161	0.23426178	0.12431068	-0.01797843	-0.14234391	0.23138249	0.11872435	-0.11638164	0.02478579	0.28336382	0.26394533	0.33984112	0.23308699	0.30014463	0.18301729	0.01851194	0.04348156	-0.19615264	0.05975658	-0.00938630	0.12015226	0.22196846	-0.00311489	0.08766550	0.06039949	-0.00564859	-0.08133186	-0.08682873	0.16682140	0.11012441	0.05671195	-0.03037532	-0.03275525	0.33859369	0.27361004	0.07828071	0.02649730	0.16256875	0.27294927	0.27902253	0.48939154	0.06382005	0.06631708	0.06840459	0.19056407	0.07021211	0.20951185	0.16455391	0.15630938	0.09612219	0.12456283	-0.02015323	0.06376316	0.09416807	0.19033644	0.17343118	0.04749406	0.14543370	0.07684942	0.17473755	0.29692009	0.21303170	0.30430731	0.21981278	0.03836343	0.32983811	0.17193134	0.01104246	0.11920705	0.24691557	0.07718231	0.19651255	0.26987670	0.11657530	0.14260850	-0.04537579	0.01794632	0.17353895	0.03295148	0.29376442	0.07898318	-0.19269088	0.13276830	0.01268988	0.14239058	-0.00103115	-0.18874994	-0.08621999	-0.04821718	-0.04351331	-0.02346893	-0.02315859	-0.04197983	0.02335333	-0.04802398	0.12561665	0.07600371	0.02156751	0.01382836	0.03727322	0.15155903	-0.08700957	0.01652361	0.23411914	0.03713291	0.14622845	0.03742169	0.10758011	0.03001573	0.14465873	0.05684576	-0.10908907	0.05149914	0.15833037	-0.04134369	0.06908847	0.04121140	0.21119957	0.05464998	0.15399857	0.15367698	0.50844989	0.62761361	0.61432104	0.32548064	0.35501979	0.45773842	0.02894623	0.27815043	0.23275964	0.27750844	0.22091276	0.15337440	0.23903194	0.11314103	0.50917267	0.35667795	-0.06029313	0.18813419	0.11950953	0.29877132	-0.00173523	0.19165854	0.24288480	0.55162770	0.06412476	-0.02031118	0.33487333	0.24244143	0.42345370	0.56595442	-0.07039251	0.11626574	0.50391027	0.98687776	0.71156445	-0.09699082	-0.10568332	0.01948976	0.04744888	0.03214319	0.13303278	0.02905657	-0.00589810	0.11770039	0.07906396	0.15438873	0.16525148	0.18427919	0.05429184	0.05670885	0.43245000	0.10783272	0.12463509	0.08062263	0.11053814	0.07857281	0.09009755	0.16096273	0.28209545	0.17618885	0.17619479	0.04836376	0.06548644	-0.02421395	0.38079763	-0.02452370	-0.10788023	0.01793931	0.24563471	0.13814550	0.14901463	-0.00022263	0.28561313	0.28076341	0.08680563	0.17571271	-0.00378834	-0.02278739	0.09906961	-0.01892010	0.07030541	0.03616426	0.09952692	0.11771282	0.13135438	0.06239960	0.07041999	0.31560546	0.32420402	0.26786087	-0.01849710	0.14071605	-0.06601054	0.24115465	0.07535332	0.09740563	0.38744290	0.07912981	0.30377653	0.15523311	0.01288379	0.09436913	-0.00340014	0.14808769	0.17447808	-0.00484298	0.29977325	0.24769700	0.25542147	0.22043757	0.33893026	0.07438841	0.19582793	0.06905531	0.06310133	0.20958582	0.00200882	0.18309729	0.09256490	0.27549762	0.38132124	0.11823201	-0.24194669	-0.04107369	0.14237689	0.26673522	0.29076407	0.21924758	0.10892038	-0.01978962	0.17340117	0.04020454	0.04127703	0.12838503	0.30609277	0.09490441	0.21682689	0.15791231	0.09134729	-0.05099580	0.00618349	0.11923072	0.14331700	0.16929468	0.06975893	0.15023839	0.05256588	0.20171952	0.13420787	0.15532110	0.17680094	0.09775459	0.05961879	0.29820344	0.24650210	0.31041253	0.01700902	0.11362678	-0.14545423	0.04204458	0.13124310	0.07190386	0.11728592	-0.06545601	-0.00768605	-0.03592095	0.07241206	-0.15830141	0.11566917	0.10009224	0.01716086	0.06246849	0.10670092	0.06404921	-0.00260211	0.18687991	0.10079555	0.13575453	0.07561045	0.18529489	0.09490867	0.04785433	0.09417027	0.18254661	0.20186486	-0.05005239	-0.05939519	0.18063515	0.07362082	-0.02345459	0.24816556	-0.09687331	0.16459861	0.10611675	0.08246136	0.02187623	-0.06291998	0.11767898	0.19745405	0.27319329	0.13411173	-0.09089043	-0.18369024	0.17512691	-0.04650142	0.02687918	0.36346174	0.08399926	0.27656408	0.07320014	0.18842609	0.29939374	0.04980358	-0.10961630	0.16876583	0.22858798	-0.15168977	0.16080566	0.04002836	0.02899330	0.06551692	-0.08730255	0.00227328	-0.29071599	-0.16275145	0.10817545	0.18766468	0.13699455	0.11638152	0.01689262	0.18648253	-0.01618023	0.09733004	0.17659843	0.21330147	0.26313697	0.18798374	0.18623273	0.16408802	0.24484464	0.25552437
17Networks_LH_SomMotB_Cent_4	-0.07810559	0.13911479	-0.09955397	-0.03284647	0.02767287	0.01544118	0.10148475	0.18818556	0.18743344	0.09587679	0.33630271	0.28495078	0.13745860	0.02929993	0.00105468	0.11428471	0.11641443	0.13188363	0.17296639	0.29070710	0.22549467	0.15755427	0.28316568	0.07276968	0.27482587	0.42247417	0.47923763	0.40885056	0.30781867	0.18593790	0.21099019	0.41607316	0.42477240	0.35022443	0.28301322	0.23690647	0.28682131	0.15720814	0.11910536	0.21457872	0.30920632	0.14522506	0.15891088	0.21314557	0.15633245	0.18741690	0.31076258	0.15642925	0.21538226	0.18742988	0.19670524	0.28156043	0.18359749	0.05438296	0.36049491	0.30643149	0.29950220	0.96459892	0.35608753	-0.04319502	0.12169135	-0.17100517	0.03544818	0.00058620	-0.06389439	0.04831576	0.22925206	-0.01509498	0.01311415	-0.04674047	0.16640869	0.26108422	0.09483255	0.28021505	-0.07353796	0.14941149	0.05553414	0.19037856	0.06945877	0.12240142	0.17891041	0.31223632	0.09925082	0.16995945	0.21458217	0.01454873	0.06644760	-0.06435728	0.09478180	-0.02383735	0.13747521	0.21784431	0.27717587	0.17120773	0.13326087	-0.02066315	0.13273485	0.13856902	0.20822492	0.16932454	0.08842764	0.07965985	-0.01571767	0.32097842	0.20085172	0.06473751	-0.03301812	0.14981359	-0.04013283	-0.04191220	-0.13653905	0.08729243	0.07558527	0.06880487	0.02895596	0.03850035	0.13438825	0.07083494	-0.03052959	-0.18594852	0.17861121	0.01745036	-0.05277481	0.14518286	-0.01238700	-0.02544103	-0.00382580	0.01408727	0.11652176	0.12446192	0.08669294	0.06798934	0.10276110	-0.19531338	-0.03164654	0.08248102	0.04688617	0.05985125	0.01138250	-0.02974292	-0.04232700	-0.01389483	0.17511034	0.14516139	0.15825974	-0.01484700	0.15462864	0.19134229	0.07902608	0.07719357	-0.02809193	0.11050360	0.14078687	0.12733132	0.14523750	0.01112911	-0.03896889	-0.08105013	-0.05215060	0.09236234	0.13513131	0.18196709	0.11108901	0.15943115	-0.04325935	0.17754635	0.04020200	0.15846622	-0.01597095	0.06496917	0.07342656	0.11723436	-0.04778089	0.02585256	0.12345648	0.08390736	0.06966720	0.23356646	-0.00334614	0.20105363	0.21302716	0.05179595	0.09880964	0.04520797	0.05603891	0.08521185	0.07255082	-0.04253387	0.03196429	0.12295890	0.12836200	-0.01636424	0.10566622	0.02693636	0.13545768	-0.03593400	0.20776499	0.04657676	0.00387250	0.00587720	-0.01866247	-0.18508589	0.16122678	-0.21468880	-0.03379801	0.08947438	-0.06788108	0.25611201	0.15295739	0.14835677	0.22384026	0.35539367	0.18752419	0.05109518	-0.08044214	0.08111962	0.08616228	0.16150547	0.17188580	0.31942673	0.14441388	0.19651817	0.31012314	0.38775608	0.45679851	0.48251682	0.19514763	0.46999102	0.22066424	0.29073930	0.18666079	0.20257341	0.26039366	0.31166453	0.21347680	0.30618502	0.25524137	0.27988807	0.16283794	0.13772713	0.19443353	0.10872994	0.01343471	-0.05619256	0.11899951	0.22072328	0.27068862	0.00906883	0.00256948	0.23650647	0.09055797	0.25544793	0.30511835	0.09845745	0.13404964	0.40782721	0.27754446	0.43522499	0.08032583	-0.12068404	0.11168178	0.08259241	0.00654107	0.05882388	0.09033770	0.06397650	0.11028981	0.25224117	0.20271911	0.03342159	0.23070042	0.11442169	-0.00001476	0.29653983	0.19441818	0.15808010	0.11265249	0.19999128	0.11340131	0.12940605	0.12767733	0.05325325	-0.03062429	0.06601790	0.20264250	0.24908835	0.13623114	0.19210847	0.07009852	0.14774606	0.07400100	0.24912670	0.22332791	0.24592089	0.13919795	0.26728778	0.26271990	0.04532520	0.32403231	0.08457247	0.16121317	0.04636675	0.06294931	0.02667253	0.04105137	0.04779998	0.06610305	0.17016512	0.19591320	0.21918304	0.28764137	0.32450688	-0.00953573	0.05758634	-0.02480808	-0.08742788	0.09719526	0.01855425	-0.00308407	0.15184262	0.15349161	0.15907947	0.14016155	0.09811034	0.19360714	-0.03202575	0.16190304	0.05406922	0.15317557	0.08608678	0.31718319	0.19323047	0.19285917	0.22806117	0.10076584	0.03382396	-0.01464808	0.09971875	0.12819226	-0.05046008	0.08492303	0.13966955	0.23814842	0.05452149	0.22833559	-0.07221418	-0.07513955	0.01938557	0.02030031	0.20562719	0.25758368	0.20552988	0.03935494	0.17843687	0.12227331	-0.01212588	0.23690981	0.11223619	0.07768583	0.15015775	0.08635649	0.24537562	0.13302767	0.15829608	0.08669374	-0.04116801	0.07720721	0.05230796	0.03365739	0.12573539	0.03986825	0.10862635	0.15259352	0.03789274	0.01546391	0.10679354	0.14202238	0.15062167	0.11122573	0.18344205	-0.14618268	0.08718884	0.05979010	0.14344244	0.11559639	0.07071711	0.03807569	0.21182906	0.03757410	0.13111469	-0.10116427	0.20441310	0.15232628	0.14986876	0.17278587	0.14047589	0.19100677	0.17212166	0.09893070	0.04353271	0.12394053	0.13702708	0.05357859	0.01629737	-0.07705131	0.11528148	0.10007128	0.16186045	0.15101753	-0.01653998	0.26345166	0.04573353	0.25331556	0.33522060	-0.06823161	-0.04420438	0.10191801	0.20269334	0.02111784	-0.09388174	-0.08770241	0.10484761	0.21257482	0.06577833	-0.00042851	0.05059305	0.17171030	0.12931796	0.30757289	0.40048418	-0.02805653	0.12245825	0.11723366	0.19249357	0.27808682	0.13234516	-0.02850283	0.19741884	0.21980466	0.01658239	0.01963524	0.06487044	0.10062909	0.10318538	-0.07047458	0.10224381	-0.07534248	0.09877260	0.05945550	0.26690856	0.21056888	0.08798723	0.19595452	0.21371049	0.09552190	0.12607237	0.07325067	0.19213763	0.09918192	0.05750320	0.08772091	0.05861665	0.03431422	0.13926434
17Networks_LH_SomMotB_Cent_5	0.20771135	0.14126025	0.09726094	0.09776132	0.08103325	0.15271063	0.20040696	0.26000300	0.25195303	0.14800680	0.33758096	0.14923094	0.11429341	0.14207114	0.23419813	0.12649026	-0.06748465	0.27627233	0.14045694	0.22445830	0.21175897	0.13578591	0.28924950	0.27480303	0.31501868	0.54387757	0.42522677	0.14435089	0.41679662	0.31052916	0.30069508	0.39549680	0.44775317	0.31502174	0.23854331	0.36814549	0.22563217	0.27309509	0.28764439	0.41164712	0.58509659	0.11994519	0.30548598	0.17815213	0.38249480	0.14186103	0.23184171	0.38912679	0.01603507	0.18503482	0.54750739	0.65689438	0.35589348	0.34634112	0.72284918	0.44709733	0.80370867	0.35608753	1.08515653	0.04784669	0.18253461	0.04936832	0.00367739	0.09698503	0.06280127	0.01451823	0.08983569	0.01825695	0.20623254	0.12406596	0.23090808	0.31224372	0.22613214	0.47810355	0.06722226	0.25456503	0.06068343	0.26507301	0.15872534	0.17172601	0.26613469	0.35372066	0.33662420	0.27568914	0.36658988	0.20475089	0.15710164	0.12552152	0.10220330	0.11338680	0.12589525	0.23611338	0.25310099	0.16644875	0.30313445	0.22079213	0.23968098	0.32666889	0.42015618	0.23506875	0.30093615	0.17219936	0.08551193	0.22037521	0.25190876	0.04113513	-0.04323275	0.29122777	0.17304013	-0.05694448	0.07365533	0.33509680	0.31636785	0.28223695	0.18528972	0.27321410	0.15373672	0.10862096	0.04160339	-0.09137823	0.13253589	0.00595764	0.16654812	0.22763873	0.06047566	0.16425306	0.13047892	0.03405587	-0.00475766	0.02856046	0.21283040	0.14104681	0.14347979	-0.01017112	-0.05842141	0.32725903	0.26052027	0.09654498	0.05358386	0.20950456	0.30296674	0.33292424	0.48876256	0.13242132	0.18177114	0.10466713	0.21500656	0.09794886	0.17472756	0.13703958	0.18308851	0.09470307	0.11753008	-0.02287039	0.04405383	0.09075682	0.22290800	0.20677983	0.09647346	0.21264600	0.15237950	0.24603354	0.32464462	0.27411673	0.33073277	0.27550731	0.10589944	0.36693653	0.20109106	0.00787788	0.10069561	0.27924633	0.11505355	0.21142402	0.29691855	0.12762472	0.24243766	-0.05358280	-0.00719430	0.21525401	0.04144356	0.32447365	0.13897913	-0.12282655	0.16115892	0.06055017	0.19607615	0.01960470	-0.05423401	-0.07876850	0.03408494	0.05743784	0.05541259	0.06182534	0.05442263	0.05814850	0.01062251	0.17177189	0.10306896	0.09962327	0.12670106	0.02675892	0.26101645	-0.05773885	0.03503569	0.18765805	0.13712197	0.27820609	0.18757237	0.21247406	0.19745120	0.22975343	0.15854015	0.00331349	0.16266254	0.21342431	0.03379719	0.05916156	0.15915907	0.28259687	0.13369540	0.17430517	0.24114608	0.54853368	0.63656251	0.64186125	0.36264541	0.47424515	0.51555674	0.16176684	0.39209845	0.38001634	0.41066039	0.30818416	0.31213936	0.30242021	0.22455147	0.59189546	0.44882538	0.02548130	0.31370943	0.19445286	0.32695533	0.07047530	0.27413572	0.28068773	0.48881454	0.08591400	0.14264519	0.21713544	0.28927761	0.39559626	0.56300042	0.05399009	0.24009039	0.44878397	0.81316667	0.67869829	0.13870643	-0.01971145	0.07385043	0.22886555	0.05862924	0.21562271	0.11565248	0.05050389	0.22289637	0.11044392	0.24962737	0.23538371	0.29556982	0.17523289	0.12643132	0.40222631	0.25938859	0.27231570	0.16174228	0.27346926	0.21027046	0.22404622	0.26404982	0.39059006	0.29669638	0.21515307	0.15536987	0.18803402	0.05329501	0.44968648	0.09601827	0.01173733	0.16731989	0.30087131	0.16997983	0.28482933	0.10932933	0.41779883	0.29342076	0.22483735	0.26589615	0.20884360	0.07898126	0.19472416	0.03797739	0.14433893	0.07603203	0.11536724	0.22024147	0.21186715	0.10419830	0.17428642	0.36879423	0.42888614	0.30192487	0.04969336	0.17278260	-0.04028726	0.27982551	0.10165634	0.10348831	0.38027564	0.09672036	0.28824596	0.14163558	0.07178942	0.08849507	0.11626590	0.19811395	0.27072574	0.10109498	0.33918422	0.27070584	0.31497789	0.30497519	0.40882588	0.04066976	0.22357858	0.06369852	0.09932151	0.26924985	0.08605115	0.21811319	0.14282829	0.28929012	0.38533400	0.09285815	-0.18671478	0.03382068	0.19567717	0.35934942	0.31681623	0.26983377	0.21540562	0.06605133	0.22112938	0.13742336	0.03233483	0.12716134	0.30357415	0.13526166	0.20731215	0.13212513	0.11864847	-0.04330561	0.03493829	0.10145239	0.19526184	0.19439591	0.10011089	0.12848848	0.15974301	0.27350932	0.18319539	0.18115898	0.25557123	0.14516032	0.07486912	0.30323199	0.21406581	0.34529295	0.06554401	0.08111039	-0.06140080	0.14018933	0.18431836	0.07637295	0.18140754	-0.00464929	0.05005205	-0.03386584	0.17963977	-0.07318781	0.15515049	0.16913679	0.19996082	0.11005060	0.14684446	0.21372411	0.16412136	0.20907909	0.13867791	0.14343878	0.06186130	0.16502734	0.10315027	0.12529337	0.07461248	0.15292063	0.23604404	0.02908677	-0.04148758	0.30394048	0.06704092	0.08432295	0.32082657	-0.01027386	0.22573926	0.11333460	0.10401954	0.03206252	-0.01276473	0.19182274	0.18177981	0.23832526	0.16046341	-0.01291835	-0.11104761	0.20103213	0.03967068	0.14126631	0.37469918	0.15411901	0.28032189	0.18040964	0.24005684	0.36925716	0.12297705	-0.06395100	0.28764264	0.28044942	-0.10565850	0.28945440	0.09941062	0.13047911	0.17088302	0.07173282	0.12552857	-0.08980480	-0.03174001	0.25005911	0.29070000	0.22676568	0.16032289	0.12264851	0.24490452	0.08224313	0.14337214	0.22801906	0.25300304	0.31502577	0.22158171	0.26007652	0.21020659	0.26133162	0.25112335
17Networks_LH_DorsAttnA_TempOcc_1	0.38416162	0.44890407	0.15778210	0.29570415	0.24949689	0.25203807	0.44808955	-0.01506394	0.21120719	0.15023984	0.06759302	0.14031351	0.19558462	0.03481894	0.28177658	0.07492027	-0.01947003	0.14395609	0.11061430	0.00096148	0.04715493	0.01740649	0.14322424	0.05975766	0.15297122	0.13242773	0.00399136	-0.17745922	0.10654589	0.03747103	0.03099691	0.08877377	0.16353057	0.13998582	0.06607070	0.23202014	0.04896813	0.19825990	0.21985048	0.25372777	0.13210322	0.17648735	0.14679673	-0.05970960	0.04513783	0.13521066	0.05120365	0.02520282	-0.05303228	0.07954901	0.06497175	0.15578262	0.12226508	0.20079812	-0.02845531	-0.08855257	0.02126333	-0.04319502	0.04784669	1.01360078	0.24028401	0.57606752	0.33984648	0.18955724	-0.03398058	-0.06878695	0.08892707	-0.00685348	0.07218059	0.15152655	0.09684504	0.21273634	0.16142785	0.17637953	0.17805592	0.23210418	0.04664544	0.11504878	0.14689030	0.24032931	0.08781136	0.13178960	0.25055337	0.13692903	0.15956321	0.17442160	0.08422945	0.22751555	0.00798849	-0.04360825	-0.02777414	0.00033779	0.04034491	0.06368658	0.02113174	0.03328308	0.16309336	0.27347665	0.12065586	0.24314810	0.08956084	0.28740037	0.28558819	-0.12234723	-0.00310851	-0.04514135	0.11897886	0.26176840	0.18812358	0.13318084	0.03633290	0.01938525	0.20315023	-0.12131885	0.02143713	0.00125750	0.08726813	0.08479662	0.11082595	-0.01700477	0.06593139	0.10922502	0.13022093	0.21543888	0.11104696	0.05655041	0.22688562	0.11910070	0.00450257	0.05256311	0.17179506	0.16194794	0.17926536	0.30761762	0.28160557	0.18372579	0.12694048	0.03088238	0.26738578	0.22876783	0.26566179	0.21857829	0.14092488	0.02932255	-0.07428369	0.03860521	0.14677577	-0.00913016	0.21287393	0.28976886	0.35597712	0.31614108	0.21995884	0.24971012	0.12847998	0.23306585	0.29319202	0.39198074	0.20061062	0.25374257	0.20399175	0.13271576	0.10516050	0.17187991	0.31331358	0.13266801	0.05229870	0.04367301	0.29690946	0.17020433	0.30572164	0.14410894	0.34578043	0.18178910	0.34683095	0.44174791	0.40375441	0.10672461	0.21255844	0.11756698	0.23605420	0.28705639	0.19529532	0.14746590	0.22976387	0.14343384	0.11858234	0.27213453	0.18246739	0.22863974	0.11497220	0.12612186	0.14684014	0.01832651	-0.03144225	0.21050410	0.10508288	0.16008168	0.05912481	0.18517694	0.37759734	0.24407111	0.33407715	0.35110158	0.15963142	0.32705764	0.43902337	0.20833106	0.17797590	0.20229518	0.17858879	0.12132384	0.15394158	0.06086149	0.32179581	0.26517589	0.07593404	0.14237137	0.03232447	0.04662829	0.18150762	0.05206083	0.13105249	0.14405168	0.15931537	0.09249957	0.04220543	-0.00476855	0.13615639	-0.01664786	0.20327441	0.28600378	0.16481383	-0.01059948	0.13622047	0.12032585	0.05563840	0.20288991	0.18117985	0.01154624	0.17281828	-0.03363061	0.17162457	0.10976603	0.06902273	-0.14820918	-0.07629027	-0.09144570	0.10654107	0.03496905	0.13692852	-0.02610639	0.03861461	-0.02056502	0.12600992	-0.04591128	0.01519203	0.03150138	0.26102836	0.46891457	0.34200510	0.14192345	-0.00108579	0.08433131	0.11090748	0.06812738	0.08707565	0.14071789	0.05772914	0.08658231	0.26095763	0.15368114	0.29239256	-0.00060463	0.05240482	0.16108475	0.08908589	0.08607869	0.18061830	0.22239709	0.13427055	0.32703654	0.10140636	-0.03736745	0.02292805	-0.02647092	-0.05641726	0.15243457	0.08855988	0.01680896	0.05884434	-0.02655813	-0.13682304	0.12810716	0.02430782	0.17079703	-0.12560699	0.11252110	0.04247965	0.10102844	-0.00859587	0.26194177	0.06484885	0.04689748	0.05526256	0.04017953	0.24296867	0.12071549	0.01377947	-0.09896785	0.08412374	0.08546009	0.02866219	0.04887186	-0.02294782	-0.13321119	-0.02400288	0.14968400	0.13924887	-0.05920750	0.00099544	-0.05325630	0.05227405	0.25442384	0.08801460	0.13745003	0.00914638	0.06631151	-0.00913264	0.05738754	0.10870247	0.02703901	-0.04008704	0.12841727	0.07533807	0.17931769	0.26047129	0.01867673	0.03412396	0.17650070	0.04095055	0.16843058	0.11262814	0.21377746	0.08137780	0.17159657	0.03481928	0.17439184	0.14547120	0.04040620	-0.14017484	0.07316943	0.17450313	0.16357069	-0.02887113	0.17822151	-0.01179677	0.09301538	0.13265468	0.14250378	0.10106083	0.10965312	0.18888205	0.09604944	0.19683128	0.37978354	0.13969374	0.14614992	0.09468401	0.09494880	0.13414541	0.05217591	0.04420719	0.13861632	0.10174535	-0.01867856	0.22797403	0.32337673	0.24141911	0.26576159	0.33675106	0.10672558	0.22554423	0.18618661	0.15224650	0.16141117	0.23460689	0.14388304	0.15774323	0.10048032	-0.06344184	0.04632052	-0.02344188	0.10385311	-0.10113490	-0.09195800	0.03979633	0.01399197	0.11200078	0.11061588	-0.05580925	0.14829058	0.05396569	0.01763201	0.35409980	0.06824609	0.10450261	0.12584230	-0.04348288	-0.12655743	0.08873276	-0.14599315	-0.03156809	0.06420710	-0.13339325	0.15227298	-0.01930411	0.05324686	0.01116144	0.12698234	0.29042535	0.04779350	0.07040755	0.10510500	-0.02945203	-0.10787489	-0.04271662	-0.01837879	-0.12158331	-0.08304342	-0.05654722	0.08828147	0.26742476	0.11748089	0.11858116	0.06375822	0.12506788	0.08395856	0.20848569	0.16704163	0.18413299	0.24282415	0.23205464	0.16518874	0.23789799	0.25702156	0.26635405	0.37998515	0.39295918	0.17249919	0.14453481	0.12458398	0.27027980	0.17490777	0.17377379	0.14147285	0.34938504	0.34058252	0.30515984	0.41523182	0.40367770	0.48056675	0.36604183	0.32698310
17Networks_LH_DorsAttnA_TempOcc_2	0.35875566	0.39515422	0.08221080	0.31491000	0.48192111	0.48099116	0.39194054	0.32067261	0.32386174	0.09173043	0.17185957	0.21253039	0.59395092	0.41975787	0.24239053	0.39859621	0.17887643	0.16221950	0.10121155	0.34620156	0.04623063	0.17472416	0.12874097	0.16815333	0.19629092	0.21744894	0.14011123	0.00345479	0.26206560	0.22195739	0.22160355	0.16328176	0.31691177	0.25999919	0.15068374	0.25383249	0.09374730	0.16459251	0.09453367	0.38778920	0.26804391	0.26798119	0.20544991	0.05162155	0.39348531	0.13675870	0.40759722	0.23177274	-0.02292513	0.28994638	0.25063480	0.41468942	0.35425741	0.24154078	0.07282566	-0.12917036	0.01601129	0.12169135	0.18253461	0.24028401	1.05059718	0.19590866	0.42859492	0.14481992	0.01852749	0.09014886	0.00494934	0.12201808	-0.04402334	-0.09141232	0.16347496	-0.00532727	0.12104928	0.27389485	0.00519974	0.25648401	0.11658605	0.15129573	0.11717641	0.05349216	0.21235220	0.15818925	-0.01157737	0.08299396	0.16292457	0.39666152	0.25890790	0.14232553	0.50482729	0.34408797	0.15921437	0.20606809	0.24951248	0.08211944	0.20194610	0.13714460	0.07148938	0.28151985	0.20628012	0.27473843	0.20961435	0.23986938	-0.06248165	0.17462957	0.30696288	0.03895110	0.01075228	0.16052115	0.03112458	0.21754240	0.01663259	0.19925760	-0.03364376	-0.11100249	0.07580791	0.13428029	-0.03598857	0.20680876	0.23204573	0.16566217	0.12504860	-0.10788861	-0.03036276	-0.03760373	-0.06629502	0.06515865	0.08494389	0.06560640	0.08508121	0.14014156	0.04043754	0.06312851	0.18367472	-0.00572258	0.19256131	-0.03439792	-0.01345851	-0.06711052	-0.02174544	0.03798995	0.04126057	0.11880802	0.13518184	0.02656160	0.16650462	0.04962914	0.09689289	-0.04769453	0.07123596	0.06486879	0.08701824	0.06124216	0.03159882	0.06352879	0.03442955	0.01276948	0.00925446	0.16032155	0.03907357	0.10921884	0.10792099	0.15575217	0.20230564	0.33352492	0.07006893	0.19473810	0.10477767	0.01244073	0.10016794	0.12359233	-0.02089710	0.12650659	0.21055724	0.12396381	0.22636084	0.20387145	0.21078141	-0.00175955	0.00975694	0.17280972	0.01103733	-0.02400367	0.45381152	0.15552517	0.25251218	0.21634135	0.14575237	0.06099223	0.37887846	0.16327627	0.24779891	0.43008644	0.53151453	0.54924611	0.28426087	0.26902925	0.14920179	0.16270925	-0.04809971	0.26917761	0.35015216	-0.05926242	0.14948760	0.21226496	0.21622853	-0.14500243	0.40861103	0.33675657	0.23092198	0.14477375	0.23921134	0.17332046	0.37829912	0.38430374	0.32604741	0.01460851	0.24547925	-0.08602650	0.06999564	0.10472908	0.05250983	-0.05117161	0.06600195	0.15399858	0.10904234	0.25302632	-0.00387398	0.24272200	0.16148728	0.24650399	0.28012867	0.19911033	0.14620881	0.13436886	0.26892324	0.26754914	0.05045087	0.27937136	0.28502729	0.07787573	0.25322637	0.15728233	0.17876044	0.24792278	0.22236634	0.20910267	-0.00791117	0.05911897	0.27090410	0.00519816	0.22390067	0.09782536	0.27292691	0.21567023	0.21680840	-0.02428727	0.04487935	0.16061184	0.52287062	0.12062800	0.14874225	0.09786268	-0.09734063	0.01423996	0.11811016	-0.00874703	0.27822868	0.08189537	0.23942624	0.07132591	0.34679214	0.22121746	0.06943986	0.16253543	0.16367466	0.09278797	0.12067086	0.08854647	0.22517111	0.31369911	0.40006710	0.15401668	0.10526978	0.21243933	0.24032579	0.22937043	0.18422467	0.15416850	0.16495760	0.11551858	0.32652778	0.23301734	0.03686968	0.30073659	0.12037309	0.31857758	0.15139300	0.16481652	0.17295100	0.18994284	0.29976426	0.25612146	0.24493987	0.10458400	0.02079536	-0.02799909	0.33714839	0.16136730	-0.02422684	0.12181591	0.21231207	0.11621153	0.13244169	0.33945629	0.07869080	-0.03145985	0.43719922	-0.05263604	0.11250002	0.03207356	0.22153086	0.16181254	0.24251261	0.24583710	0.02750353	0.10796572	-0.00190186	-0.01508727	0.00930306	0.04331348	0.09347927	0.09146863	0.12016066	0.03084909	-0.01826455	0.12040452	0.28396649	0.11740582	0.02611854	0.12813499	-0.07161330	0.04468218	0.11533904	0.11793709	0.03710400	0.13668606	0.00410160	0.13035025	0.21432392	0.10490292	0.03454258	0.09257166	0.12655810	0.07951818	0.03545458	0.14959243	-0.06398057	0.14300500	0.22007164	-0.01515127	0.06078071	0.16975099	0.04993068	0.10312317	0.07874016	0.13740333	0.01510050	0.07068710	0.03619384	0.26733581	0.26394062	0.29532687	0.18137263	0.22052590	0.05736411	0.20219862	0.33952050	0.20716039	0.16801169	0.17909919	0.24007450	0.44230817	0.33544591	0.16137432	0.12166428	0.04783024	0.26984649	0.17296723	0.06551440	0.49809768	0.17139267	0.35900227	0.25436905	0.40136264	0.08634062	-0.01587224	0.18230768	0.19199636	0.16443527	0.14808078	0.41380023	0.32584786	0.21297413	0.29407642	0.27584297	0.16298193	0.12838119	0.27372795	0.10276380	-0.13838202	0.19719494	0.04941504	0.16385584	0.16515187	-0.01936290	0.16078100	0.31093384	0.19690352	0.30925961	0.39614480	0.18994885	0.11418282	0.04975684	0.16151975	0.04007219	-0.01932054	-0.03747882	0.09640630	0.08881111	-0.06197888	0.03529779	0.09166056	0.34738781	0.27640895	0.38439317	0.22560828	0.13173806	0.38242159	0.34825741	0.09576793	0.25444315	0.23725127	0.32930223	0.29843253	0.26242300	0.26295633	0.14612501	0.24381426	0.22387047	0.31882264	0.30132067	0.25521313	0.19597751	0.37429201	0.33069064	0.17190847	0.29710683	0.23068086	0.17653496	0.12445126	0.34548941	0.24772838	0.17426747	0.11381268
17Networks_LH_DorsAttnA_TempOcc_3	0.62494044	0.34047541	0.55182260	0.55555968	0.32974473	0.32180322	0.48282210	0.09812731	0.18638371	0.26896738	-0.02567941	0.01365978	0.21536018	0.14197980	0.49387023	0.13329270	0.03392574	0.10473115	0.13307093	-0.06960796	0.02877858	0.04693969	0.07013674	0.12623087	0.10769996	0.10471459	-0.03060659	-0.24680057	0.12711068	-0.00381383	-0.04475521	0.04418935	0.20466208	0.13315553	-0.08158921	0.13571033	-0.14037003	0.32832463	0.33907803	0.30666702	0.05079346	0.05202161	0.18844844	0.00743971	0.20430876	0.24340841	-0.09518377	0.04250935	-0.04824134	-0.10564930	-0.01451668	0.09629279	0.08539839	0.15785427	-0.07052771	-0.20899711	0.00852680	-0.17100517	0.04936832	0.57606752	0.19590866	1.19532337	0.46437304	0.31522063	0.04914041	-0.00131745	0.09709226	0.15820574	0.08091933	0.22630210	0.04619916	0.09924953	0.10322470	0.13081360	0.37420328	0.23643091	0.08777864	-0.10660146	-0.02360157	0.09309368	0.21271156	0.24852731	0.36196528	0.20071736	0.20180718	0.17337622	0.10074960	0.19532113	-0.08695414	0.04608985	-0.09522914	-0.03678132	0.04314492	0.09024499	0.11723202	0.09077080	0.14318882	0.43796883	0.23595477	0.23188287	0.14716912	0.29126578	0.28094574	-0.18493891	-0.04628426	-0.07085584	0.17610860	0.32107867	0.34196428	0.03802885	0.17799263	0.24263243	0.42830734	0.02776074	0.06831479	0.08487962	0.14067487	0.01837406	-0.02512389	-0.00172347	0.13379547	0.17677018	0.18351730	0.24604671	0.28281818	0.05909178	0.37015269	0.14130275	0.00535038	0.09615313	0.26828341	0.30643428	0.17711571	0.62892393	0.36085440	0.23932025	0.22795424	0.09349551	0.42320515	0.33504919	0.42413191	0.34133422	0.25470914	-0.03625136	-0.10195603	0.05302897	0.19218289	-0.01691933	0.31631487	0.44052810	0.49553872	0.42389653	0.32860525	0.40544870	0.19492562	0.33182437	0.33429518	0.60147939	0.27553255	0.29947429	0.38987086	0.29457904	0.25519273	0.21910805	0.59210260	0.17509265	0.04092215	0.11727232	0.45550216	0.35062948	0.41282674	0.17944344	0.40427032	0.20414074	0.53417049	0.52524952	0.47632707	0.00618206	0.21302116	0.21971790	0.15625037	0.41371098	0.16437768	0.14110141	0.30485684	0.22965556	0.13562928	0.41243898	0.23163332	0.30149320	0.12498814	0.09233597	-0.00124005	-0.03388835	-0.14405884	0.18196828	0.11793197	0.13191696	0.08831763	0.24362517	0.55790706	0.56696555	0.55390728	0.55231837	0.36153917	0.45569202	0.59635124	0.20484240	0.15988541	0.26685328	0.15780847	0.05775083	0.14707405	0.04470299	0.38654161	0.30807884	-0.05662971	0.22183273	0.11069217	-0.02736587	0.19374779	0.08034674	0.10294881	-0.02196765	0.13397268	0.09819759	-0.04967957	-0.03214570	0.13571559	-0.08813293	0.08366029	0.15767805	0.09942978	-0.05167618	0.03307268	0.08695218	-0.15983753	0.20698875	0.11080040	-0.12427331	0.30096537	-0.01958073	0.31872978	0.15647776	0.04916789	-0.18045170	-0.17508764	-0.14949940	0.15156006	-0.06884832	0.08354489	-0.17150599	0.05939780	-0.12514825	-0.00567519	-0.01956295	0.02905646	-0.02912749	0.24712347	0.63969672	0.46566687	0.11518073	0.04614193	0.24503019	0.19052582	0.04665674	0.05191222	0.12714539	-0.02473393	0.09498734	0.08868154	0.03349562	0.35480292	-0.13330349	0.03979974	0.17764827	0.01564853	0.03123159	0.11612121	0.05621849	0.20152513	0.45170625	0.10351697	0.01819779	-0.03872645	-0.04969191	-0.15917896	0.20570799	0.04757715	-0.05765316	0.00529929	-0.10246601	-0.24367778	0.13539988	-0.01126818	0.28578321	-0.08656520	0.15700018	-0.02059083	0.10229100	-0.06671892	0.43736600	0.09994360	0.03063096	0.07851661	0.03142776	0.28611205	0.19495382	-0.11342519	-0.26668859	0.04382644	0.05742175	0.12252060	0.03330199	0.11268115	-0.10135830	0.05731167	0.29073580	0.18771652	0.03706342	-0.00190915	0.11088756	0.01357180	0.22809260	0.13573267	0.17497017	-0.00929267	0.06093756	-0.10572042	0.16705501	0.08035198	0.00303872	-0.02274785	0.07821119	0.21268537	0.29431272	0.31223733	-0.07836979	0.01845577	0.19901007	-0.00085724	0.08956028	0.05298808	0.33072663	0.09739032	0.20114113	0.05786563	0.12836560	0.30896390	0.07801478	-0.23743688	-0.03795011	0.21391303	0.18283257	-0.09109160	0.10921178	-0.06945775	0.22006644	0.11459298	0.26099568	0.25724191	0.06782254	0.24102730	0.07373837	0.18954162	0.54241113	0.22191389	0.34127584	0.26201991	0.14614083	0.26618302	0.16756215	0.13507735	0.17171978	0.10911738	0.00360817	0.31760505	0.35268153	0.34660356	0.21896069	0.50637889	0.06329340	0.21402396	0.10052807	0.31830271	0.25139849	0.33547616	0.13058332	0.08127005	0.17571961	-0.00325659	0.04143070	-0.10094935	0.08674297	-0.19803113	-0.15930080	0.04058266	0.01025415	0.05818775	-0.02147822	-0.00574700	0.10013711	0.03492615	0.01410271	0.44250209	-0.01022186	0.04520455	0.27807147	-0.09245858	-0.17354301	-0.00612177	-0.18399588	-0.02367456	0.01755150	-0.10646497	0.28871334	0.06405204	0.05027619	0.08834073	0.08998204	0.33290685	-0.04328198	-0.03860955	0.10454922	0.09537233	-0.10326213	-0.17638257	-0.03986779	-0.13445133	-0.15692733	-0.12112111	0.02096700	0.28161370	0.09874092	0.06793358	0.01901763	0.03185574	0.06788058	0.07489383	0.07012930	0.25666246	0.14673977	0.24687701	0.26429448	0.31517025	0.17413987	0.21741035	0.13862782	0.43373074	0.18089231	0.14722410	0.07269690	0.20091039	0.06214682	-0.10651934	0.17544990	0.36172253	0.39361709	0.49072590	0.51315587	0.37230788	0.59887638	0.60630213	0.43000328
17Networks_LH_DorsAttnA_TempOcc_4	0.47045799	0.48084348	0.35382838	0.52558355	0.41800888	0.57270575	0.52741964	0.32907459	0.42639162	0.21647180	0.17798464	0.21340141	0.48152013	0.32462893	0.43927912	0.28635893	0.16307480	0.20537043	0.16984570	0.27041597	0.01791430	0.24034920	0.14687387	0.08860123	0.25702138	0.22912667	0.24121542	0.11475665	0.37201353	0.14253480	0.16633321	0.12798146	0.38868712	0.36183783	0.15989038	0.31665979	0.07895627	0.15944757	0.22121801	0.41984884	0.17480799	0.16508652	0.17840716	-0.00641853	0.25521682	0.18019780	0.19167696	0.02413447	0.02538523	0.11143793	0.11573495	0.24583853	0.27540066	0.33225868	-0.08952428	-0.21840645	-0.10447853	0.03544818	0.00367739	0.33984648	0.42859492	0.46437304	1.00470181	0.18516589	-0.01364671	0.08821240	0.12751316	0.13364196	-0.03244233	0.16129256	0.21154050	0.09172865	0.19034005	0.30985344	0.29374810	0.34308506	0.19118443	0.07386670	0.04768516	0.12211621	0.16261231	0.20779215	0.11465383	0.08285508	0.17208661	0.28489044	0.15064753	0.18500481	0.26084109	0.23408610	0.12654881	0.13962574	0.21861564	0.08162077	0.23455672	0.00718118	0.14676831	0.32800584	0.20157616	0.23826647	0.10140711	0.20692463	-0.10764985	0.01171177	0.12957165	-0.12617285	-0.06032474	0.07285166	0.16982845	0.11098112	0.05439242	0.20404995	0.11075109	-0.04655617	0.11595642	0.11134946	0.12093662	0.08639401	0.12112529	0.17604023	0.18239065	-0.03422218	0.00220278	0.00843725	0.07062454	0.07686446	0.10637387	0.03229525	0.02297913	0.15686235	0.00108443	0.07160207	0.15757051	0.18295569	0.20845169	-0.04600945	-0.07530466	-0.05817247	0.06789778	-0.02079802	0.03300420	-0.00615535	0.10505010	-0.05035838	0.05063055	-0.00355681	0.04713556	-0.05460895	0.09095228	0.14462880	0.10832124	0.08732653	0.00054004	0.14283630	0.05963889	0.09877707	0.10040177	0.29770109	0.01921137	0.13570397	0.23052222	0.15049069	0.15085088	0.17372565	0.09116574	0.06720517	0.08880916	-0.05310707	0.24415678	0.23179254	0.10762102	0.10921966	0.19792385	0.04731604	0.29162782	0.19729623	0.17391977	0.04255220	0.02724775	0.14590374	-0.01427818	0.03630022	0.26797918	0.14470701	0.23260043	0.17839321	0.03523401	0.13617113	0.40842096	0.26428130	0.22161360	0.23278907	0.32184197	0.30157103	0.19441918	0.27951841	0.22176122	0.19230444	-0.08521786	0.28655245	0.45045304	0.07000349	0.39836640	0.29414200	0.32186180	-0.03685685	0.46957839	0.43086227	0.28736285	0.31652016	0.27381771	0.14219219	0.38645278	0.34988086	0.41814576	0.20899454	0.10794851	0.10160013	0.24679618	0.13225089	0.19081819	0.10892347	0.17103688	0.13153461	0.16862575	0.28411453	-0.00792778	0.20115399	0.22673954	0.28034851	0.18147081	0.16310159	0.18019077	0.14020321	0.29663426	0.25764040	0.03910163	0.19030843	0.17339601	0.13579149	0.32476011	0.13366291	0.23153187	0.25219873	0.15636252	0.02804056	-0.12465523	0.01443508	0.25297786	-0.09677134	0.11680586	0.03925658	0.18444966	0.02291797	0.20647483	0.02276395	-0.05505023	0.06161591	0.41102307	0.33286577	0.24074223	0.27505376	-0.01867115	0.08945639	0.33735617	0.08154844	0.16169868	0.22785185	0.20626900	0.18583342	0.25529195	0.18786833	0.16077555	0.10129108	0.24254445	0.31711072	0.22503089	0.22955251	0.23260589	0.22593809	0.27843566	0.33614880	0.12332463	0.11726975	0.14010210	0.15205211	0.14221142	0.18726941	0.16336828	0.04602580	0.25448283	0.14981034	-0.04225496	0.17671440	0.19182205	0.34268878	0.20532626	0.15626878	0.16391131	0.19820719	0.08032292	0.46412339	0.16809844	0.12557623	0.04984254	-0.06409165	0.18051787	0.11418365	-0.06595976	0.03004212	0.10159330	0.09915264	0.09626381	0.22751879	0.09602179	-0.00903178	0.26167363	0.11160399	0.15084940	0.06514742	0.17484220	0.16848454	0.20229773	0.20862862	0.18956169	0.29976117	0.00492399	0.10353000	0.01299119	0.04368184	0.10826807	0.02991227	0.07545475	0.02427249	0.14234984	0.11467774	0.31556460	0.08712369	-0.00414414	0.18005381	-0.03777518	0.01965695	0.08773716	0.18030251	0.03223916	0.14132329	0.02366137	0.07168294	0.17262196	0.10178329	-0.03994489	0.10447422	0.11415100	0.24579870	0.00902653	0.07552381	-0.04808227	0.12871770	0.15854140	0.07600932	0.11410339	0.08294744	0.10745639	0.06646789	0.18050149	0.31365141	0.09982535	0.14859474	0.09863827	0.20319405	0.20119012	0.11541865	0.12161594	0.24272439	0.15867354	0.18085932	0.16580111	0.15205624	0.25127487	0.13958593	0.38334269	0.30945594	0.27916906	0.17225184	0.22728414	0.10891537	0.35693927	0.17569209	0.07778165	0.30900735	0.10820410	0.23594997	0.00438689	0.30846469	0.00924731	0.02892679	0.20995457	0.28182797	0.12636468	0.16711973	0.26791778	0.23625959	0.10808190	0.21740402	0.34476758	0.00838337	0.00609831	0.17860823	0.02023603	-0.21398876	0.04799437	-0.05662169	0.17029945	0.10269806	-0.02101772	0.21229261	0.23607146	0.21873089	0.22154460	0.36448507	0.31972906	-0.06596354	-0.08409510	0.00371390	0.03947547	-0.11809763	-0.04659924	0.12081960	0.02318911	-0.12685685	-0.05989972	-0.02434303	0.30307865	0.14349094	0.19008922	0.07495877	0.08908456	0.19293722	0.10861936	0.04480452	0.22332213	0.14807916	0.31072674	0.25464677	0.22755765	0.22748354	0.07981415	0.16240643	0.23898240	0.24447082	0.26911668	0.20889648	0.14807905	0.29460952	0.16686217	0.07359483	0.20638001	0.25080555	0.24453712	0.27383971	0.30242681	0.37706716	0.22205156	0.16017299
17Networks_LH_DorsAttnA_ParOcc_1	0.29334914	0.16250659	0.17713099	0.18142067	0.19233946	0.16822896	0.19091196	0.24840259	0.13588851	0.15916013	0.14414060	0.17748543	0.05571529	0.25248976	0.13421143	0.05847627	0.07456032	0.01445292	0.13236392	0.05228826	0.14067264	0.07672854	0.09414217	0.08259721	-0.01884557	0.06253318	-0.02296913	-0.07345177	0.05901229	-0.00152748	-0.16996223	-0.05839033	0.06724015	0.07159428	0.05949535	0.00976023	-0.02016552	0.13472668	0.04807334	0.17515149	0.04691578	-0.04499594	-0.07039600	0.09220406	0.16957824	0.05976650	0.07406238	0.11510945	0.03687670	0.06526819	0.01408223	0.06547576	0.20327418	0.15984308	-0.07079592	-0.03672694	-0.04131468	0.00058620	0.09698503	0.18955724	0.14481992	0.31522063	0.18516589	0.97522074	0.14958167	0.08837117	0.09910979	0.00695015	0.08666804	0.16045656	0.13508055	0.10265672	0.09792953	0.10115805	0.25179971	0.03463901	0.08778095	0.02620120	0.12830682	0.05329284	0.32064125	0.08672331	0.16139112	0.04678430	0.12962910	0.17568023	0.10155620	0.20144113	0.02368879	-0.03288018	0.00484845	0.01378957	0.06227154	0.07744751	0.10544900	0.08770561	0.14713139	0.12427859	-0.01727642	-0.00906328	0.04741445	0.19107786	0.25835336	-0.08914602	0.04329759	0.05673526	0.10531819	0.00704691	0.09079727	0.02829335	0.04462792	0.01976883	0.15978256	-0.09138072	-0.00478426	0.07183173	-0.01059248	0.10165112	-0.05651968	-0.07410535	0.28131094	0.09246745	0.27466824	0.15281736	0.16654951	0.05928273	0.16285908	0.23193727	0.10315551	0.20133895	0.12719416	0.10754433	0.07751723	0.25701295	0.18236786	0.08498184	0.16444225	0.16559196	0.11150319	0.24431411	0.25178370	0.21073322	0.14168218	-0.15362508	-0.00671391	0.12683107	0.04902700	-0.10179750	0.12142211	0.16706551	0.11433228	0.20031144	0.11703069	0.01818482	-0.03043188	0.03664518	0.08409767	0.15102065	-0.00801205	0.08294039	0.06365934	-0.04437869	0.08232588	-0.06268351	0.27913638	-0.05465848	-0.01930771	0.02778413	0.11085140	-0.02601743	0.17634978	0.04998582	0.43285547	0.08652458	0.19881218	0.20608044	0.26262270	0.15017864	0.11105555	0.05376007	0.12269613	0.21213326	0.06912523	0.20570051	0.12848228	0.12670218	0.12402839	0.15996439	-0.04234904	-0.03006894	-0.03842659	-0.04808954	-0.02512172	-0.10486792	-0.02792072	-0.01217992	0.06093006	0.17022862	0.33483045	0.28352885	0.24491605	0.09337052	0.26352832	0.07707268	0.11910454	0.08545438	0.10599373	0.10850513	0.20813879	0.13753548	0.16610397	0.12165863	0.02020316	-0.01262402	0.24888943	0.03778717	0.02213949	0.02364184	0.06587726	0.02237755	0.05664204	-0.05193094	-0.01186229	-0.03833454	0.01681692	-0.06764484	-0.09552463	-0.10545267	-0.02740024	-0.09654433	-0.01213525	0.07414093	0.00241320	-0.05939896	-0.03633565	-0.00950944	-0.12815236	0.01177232	0.08859628	-0.05035449	0.15177824	0.06204382	0.09279485	0.06003771	0.01377495	-0.02532664	0.06030627	0.08932733	-0.06726405	-0.01824607	0.06486592	0.01026764	0.03334977	-0.10553608	-0.04754527	-0.01969588	0.00889044	-0.06892119	0.15920528	0.25532145	0.23446802	0.23916366	0.14256311	0.18338413	0.08170448	0.00433172	0.11499203	0.08722260	0.07678370	0.02676756	0.00575795	0.11205067	0.28821665	-0.15572647	-0.05505726	0.01583385	-0.11027232	-0.02898224	0.13955079	-0.01808290	0.13210002	0.10975508	0.03199240	0.06416023	0.05846485	-0.02601337	-0.00828127	0.03581735	0.03523636	-0.04146007	0.02298919	0.00151611	-0.03538384	0.05755739	0.02173170	0.04443988	-0.15133235	-0.01943619	-0.05925126	0.15207964	0.12248936	0.12247522	-0.01482734	0.05724979	0.15153249	0.10429627	0.06992647	-0.01351297	-0.06047813	-0.11952235	-0.15178455	-0.08893960	0.02913371	-0.02291154	-0.03171654	-0.00670198	0.02359715	0.10545358	0.02080671	-0.04672212	-0.06321988	0.01229170	-0.02811464	0.14586564	0.04498906	0.05068780	0.02670533	0.03135574	-0.07011761	0.09836295	0.00019222	-0.10814781	0.12008689	-0.02784227	-0.01807158	0.11694586	0.15706116	-0.06246494	-0.01894373	0.11639472	-0.07983356	0.01118236	-0.03629288	0.02903809	0.04766062	0.08682474	0.02135651	0.08852444	0.09728184	-0.00137997	-0.21195245	-0.14120801	-0.01122737	-0.06211169	-0.03634565	-0.08683533	-0.10502288	-0.02257634	0.02951846	0.04903298	0.04595459	-0.08535723	-0.11599858	-0.07952929	-0.18469279	0.05668460	-0.11483548	0.00705093	0.04337766	-0.11313028	-0.05389942	0.02472530	-0.10060585	-0.01908955	0.09671615	-0.12084443	-0.04742105	0.05902967	0.14301613	0.06031237	0.13703188	-0.06211805	0.06477930	-0.00153054	0.12254319	-0.01434274	-0.04852411	-0.16501550	-0.11815449	0.08269128	-0.03885909	-0.21822429	-0.07579618	-0.01623710	-0.09260470	-0.00878365	0.10365418	0.10785942	0.03042462	-0.01810466	-0.01901780	-0.15357827	0.05402713	0.02881679	0.15335844	-0.10958144	-0.07859740	0.13881286	-0.10276533	-0.08257501	0.08776345	-0.00760492	0.01039822	0.06543290	-0.01420399	0.11702121	-0.04807955	-0.08535092	0.02940084	0.00247051	0.09268712	-0.11520747	-0.05120200	-0.10980145	0.00922314	-0.06269294	-0.03544435	0.26158921	-0.09982762	-0.08830255	-0.01460931	-0.13996702	0.10489667	0.05545789	0.10432577	-0.01674798	0.00956638	0.05259881	0.14207386	0.06024787	0.17664345	0.07523131	0.21485794	0.16420286	0.12267106	0.06538008	0.15306403	0.08198758	0.10764573	0.05593169	-0.01583197	0.06744140	0.22467643	0.06794349	-0.03593596	0.09679694	0.14636691	0.09998010	0.15951832	0.19373151	0.15483054	0.29929136	0.28850246	0.05194667
17Networks_LH_DorsAttnA_ParOcc_2	0.07573549	-0.08374731	0.14015377	-0.00786548	0.12829955	-0.00453737	0.07718690	0.20499175	0.07779594	0.16311922	0.20815859	0.12319095	-0.17732761	-0.08531831	-0.02126403	-0.13079316	-0.01775013	0.08962100	0.14163075	-0.00759662	0.21547031	0.12598119	0.36245202	0.10853156	-0.07526419	-0.05180671	-0.01518819	0.02768160	0.01283302	-0.05396042	-0.03683522	-0.09181477	0.04199900	0.06434166	0.11611164	0.03071189	-0.01437155	-0.02325705	0.08267017	0.06911270	0.09034847	-0.05364919	0.09048908	-0.18658638	-0.14489169	-0.01752017	-0.14918087	-0.09222513	-0.23526407	-0.08959641	-0.05021644	-0.06947241	-0.10333391	-0.03144579	-0.03191240	0.04424969	-0.03164027	-0.06389439	0.06280127	-0.03398058	0.01852749	0.04914041	-0.01364671	0.14958167	0.99256145	0.27893064	0.18297754	0.09518520	0.26090571	0.24075968	0.30813775	0.26069274	-0.00003542	0.05542774	0.25323837	-0.07393658	0.03943903	0.08818060	0.34198817	0.14312365	0.02508532	0.05925607	0.13018555	0.10496867	0.16279615	-0.07043713	0.07089112	0.03282547	-0.12576220	-0.10213575	-0.05965731	-0.13838706	-0.11065311	-0.01007508	0.05407864	0.12426500	0.25335901	-0.08966706	0.04209010	0.05517258	0.15063730	0.24015177	0.21915900	0.04539067	-0.03659499	0.02927064	0.05971254	-0.09097868	-0.17672113	-0.03801308	-0.04124645	-0.12049289	0.13398534	-0.14791769	-0.03663870	-0.09473181	-0.08084970	0.00613841	-0.03718317	-0.00704299	0.06792901	0.09478560	0.22878002	0.07703779	0.14622579	0.18810500	0.19694674	0.03929912	0.07798521	0.18795249	0.11147516	0.03945669	0.02825833	0.02589270	-0.12761296	0.12121994	0.09726069	0.17817247	0.19930798	0.02584821	0.15725557	0.19615292	0.01033705	0.11155822	0.29915898	0.42579919	-0.00036864	0.05009545	-0.02240799	-0.08179922	0.24122718	0.03963458	0.07780772	-0.05365225	0.04567780	0.05298887	0.00154997	0.11863373	0.25177606	0.21762505	-0.02607613	-0.07694556	0.12677195	-0.04437449	0.11404401	-0.02616422	-0.11850694	-0.09325714	-0.17805842	-0.15980501	-0.03834743	0.04846506	0.14343136	0.12830238	0.00072763	0.03546872	0.16054049	0.04397208	0.09604042	0.07935114	0.12409830	0.15976702	-0.13789371	0.00767091	-0.07190255	0.04880485	0.02175268	0.17881567	-0.07131984	-0.14335357	0.03607481	0.00231083	-0.02191245	-0.05793054	-0.10954710	-0.10393230	-0.12186241	-0.03993885	0.16500215	-0.04310980	0.05485975	0.14442861	0.05675928	0.02675783	0.05590235	0.21109994	0.05858695	-0.01995053	0.16575582	-0.00845302	0.26186772	0.15807425	-0.20084863	-0.07760881	-0.04459671	-0.14033433	-0.14769043	0.03681898	-0.11347861	-0.01243869	0.18677891	-0.09288095	0.05925706	-0.03722646	-0.00995879	-0.10902446	0.01712501	-0.14575059	0.05052975	-0.06138183	-0.04118466	0.18980837	0.02559335	-0.03526450	0.06481705	-0.04531287	-0.02547246	0.05862143	0.13103239	-0.08110966	-0.02061637	0.04974384	0.04584378	-0.11802756	-0.09419230	-0.09441435	-0.08309824	-0.09377860	-0.17892100	-0.10427008	-0.08733162	-0.11277386	-0.15841184	-0.05489962	-0.10004297	-0.19314632	-0.07464728	-0.15333573	0.13032866	0.04373179	0.09154030	0.14320835	0.11678710	0.37555444	0.25147515	0.05921111	0.18126682	0.12230238	0.21328722	0.16109474	-0.00178030	0.16334608	0.06819154	-0.09563276	0.07666054	0.15810907	-0.03759528	0.04215706	0.21185230	-0.01260758	-0.03590185	0.07089573	0.16761633	0.15757674	-0.10320211	-0.09671819	-0.00712741	-0.05595798	-0.10633930	-0.09027772	-0.06489144	-0.15699671	-0.17602261	-0.13581319	-0.05264019	-0.07815468	-0.05482903	-0.02242254	-0.08947779	0.22015650	0.01884169	-0.07611266	0.04371589	0.01396847	-0.00325753	0.08143844	0.09424791	0.17296907	-0.00027588	-0.00773946	-0.12475652	0.02165958	-0.05729234	-0.16293342	-0.05950208	-0.04687705	-0.12583156	0.09813195	-0.10777717	-0.13463980	-0.00005007	-0.08937701	0.05154855	-0.01830707	0.07898101	0.14588748	0.09389529	0.14403807	0.11610884	0.02514264	-0.08315724	0.11596641	0.02903223	0.11095579	-0.06499980	-0.12206822	-0.06792912	0.03507691	0.06245948	0.08377905	0.07430386	0.06865854	0.05005511	0.05739719	0.02444751	-0.03849726	-0.06818001	0.00582988	0.07576731	0.11787100	0.20310954	0.11490253	0.17225075	0.21580369	0.34013963	0.04394533	-0.00847172	-0.04622415	0.09219367	-0.09078169	0.09970261	0.02704001	0.02442720	0.09632306	-0.09315229	0.02478507	0.03202920	-0.07935268	-0.00066546	-0.12052317	-0.00978882	-0.03163644	-0.14169185	0.05042401	-0.08540468	-0.01096318	0.04625250	-0.05591795	0.10149872	-0.01806019	0.06737331	-0.21456700	-0.04831993	-0.02910161	0.07847364	0.28037405	0.01378398	0.06213267	0.04218376	0.04459276	-0.10062100	-0.13357777	0.03524904	-0.05348197	-0.07746571	-0.02002868	-0.06855761	-0.07820505	0.09163496	0.01853089	-0.11313203	-0.09973682	-0.00022543	-0.05296464	0.04229956	-0.01939180	-0.11533407	-0.13543001	-0.05010138	-0.05291610	0.03131860	-0.04794044	-0.00938675	-0.18071395	0.00263079	0.01977265	-0.07810069	-0.02728427	-0.06984011	-0.15548998	-0.06362577	-0.07844536	-0.13851911	-0.08384496	-0.02435472	-0.04361311	-0.11067171	-0.07157857	-0.08889562	-0.17043047	-0.08943270	-0.11162788	-0.00596178	0.06517949	-0.00515447	0.00697163	-0.02371885	0.09515768	0.03680766	0.03352561	0.08452428	0.11649919	-0.00708263	0.07393981	0.12214637	-0.03763986	0.04899104	-0.13674008	0.08034667	0.07917094	-0.05114119	-0.07687570	0.19358420	0.06905202	-0.01932940	0.15243464	0.08361369	0.15667703	0.07365597	0.07794599	0.02566650	0.00928438	0.03937000	-0.02839771
17Networks_LH_DorsAttnA_SPL_1	0.08563606	0.02137941	0.13806418	0.02509070	0.07390147	0.04966585	0.05491796	0.24829740	0.11497400	0.15955406	0.17153061	0.24229882	0.03090946	0.11546460	0.00171905	0.01562397	0.07956046	0.13806864	0.12343687	0.11844198	0.16376993	0.22599655	0.18108687	0.12056421	0.04370723	0.14215996	0.08052862	0.09750183	0.08067492	0.02212697	0.06342274	0.08960201	0.09372534	0.12478715	0.02691910	0.10762609	0.08649873	0.00973666	0.04090871	0.04842280	0.07918740	0.06612706	0.05447646	0.08724938	0.02948378	-0.02024070	0.00195561	0.15172047	-0.00130031	0.03137222	-0.08608031	0.03154186	0.04037594	0.07912698	-0.04590450	-0.07081083	-0.09100509	0.04831576	0.01451823	-0.06878695	0.09014886	-0.00131745	0.08821240	0.08837117	0.27893064	0.94746454	0.06460484	0.10859681	0.08634785	0.17441662	0.20418038	0.11758438	0.02507175	0.07668556	0.06182874	-0.02580157	0.17301116	0.06723220	0.16249046	0.13505627	0.09497215	0.10880951	0.00620399	0.03748250	0.04748253	0.02574440	0.11834507	0.03033103	-0.03715012	0.00010935	0.12923828	0.09738085	0.09592594	0.12076310	0.04869556	0.10360280	0.04486983	0.07994530	0.03314156	0.07696011	0.05666274	0.11751065	-0.07454011	-0.01031511	0.09319020	0.07272637	-0.03389089	-0.05455518	-0.02660293	-0.05541514	-0.07462244	0.01411826	0.06792591	-0.05124418	-0.07407217	-0.05485340	-0.06873656	0.03732453	-0.03709980	0.07816915	0.14678043	0.03848040	0.01051158	0.07239471	0.13390540	0.20839652	0.02962202	-0.00583153	0.00681605	0.16840331	0.04562997	0.05377212	0.03888674	0.02648745	-0.07257617	-0.07322880	0.00167687	0.03096096	0.00336803	-0.02640740	-0.05153697	-0.00269604	-0.05474739	0.10659270	0.15103499	0.04175587	-0.00909263	0.09522526	-0.00777508	-0.10271413	-0.21068814	-0.01176328	-0.09082442	-0.01937797	0.04110468	0.07442312	0.02722873	0.09950031	-0.00334660	-0.04312517	0.00723337	-0.10209691	0.01212996	-0.04915967	-0.05696684	-0.03701373	-0.01974676	0.00642294	-0.00671127	-0.04191866	-0.05509028	0.04995176	-0.02575592	0.03458391	-0.00658057	-0.05971887	0.03783289	0.05047408	0.06332308	0.07185433	0.00439381	-0.01581302	-0.01636498	0.09729206	-0.01401638	0.03826973	0.03808424	-0.00956439	-0.06123820	-0.06220934	-0.04173752	0.05334506	-0.02850003	0.00023790	-0.02124420	-0.08411153	0.13133381	0.05879090	0.04810941	0.04448967	0.11755978	0.05639926	0.08663004	0.00382328	0.10654006	0.03208207	0.09704122	0.09994893	0.15994354	0.07491828	0.26456094	0.17273179	-0.06037011	0.06408186	0.04345805	-0.03615254	-0.03571051	0.07891096	0.06192911	0.14076870	0.10889703	0.06876016	0.05485271	-0.04386883	-0.05968905	0.00188777	-0.01501336	0.06971175	0.02433720	0.16581003	0.10479168	0.11303858	0.11225823	0.06430900	0.13283307	0.04303451	0.07962255	0.05535343	0.11911306	-0.01121054	0.07217461	0.05717495	-0.00381591	-0.08444057	0.03909127	0.06363883	-0.05511622	0.05709956	0.06272338	-0.05225251	0.06104398	0.03042473	0.10096659	0.07742304	0.08316734	-0.03107452	-0.10992449	-0.04305189	0.08659019	0.05000720	0.04002676	0.13990087	0.08449089	0.21906955	0.29677564	0.18634984	0.08557630	0.16588816	0.17008967	0.18793070	0.08569789	0.11553905	0.09373525	0.00972478	0.09440611	0.21720379	0.01236281	0.13140052	0.11925737	0.05431102	0.02954127	0.04738766	0.14046257	0.17827981	0.11231125	0.18251732	0.01666453	0.00291368	-0.16017246	-0.17555950	0.02823631	0.02355773	0.02564416	0.00881918	0.09896401	0.13290837	0.05085295	0.06889825	-0.04843473	0.12989536	0.02638647	0.10147183	0.01617260	0.03739163	0.02547878	0.08422969	0.05780084	0.04639215	-0.01575722	0.12986362	-0.05805485	0.11966277	-0.03516408	-0.03576662	-0.06570006	-0.04065679	-0.01815882	-0.08078619	-0.10870823	0.02360294	-0.05352571	0.01453795	0.07042781	0.05651556	0.03888219	0.11063900	0.13355050	0.21740822	-0.03034072	-0.08046011	-0.06143681	-0.10889761	0.15631476	-0.04141104	-0.02655843	-0.00762693	-0.04567922	0.07026128	-0.03002792	0.06202105	0.09004149	-0.05687037	-0.05488330	-0.10409366	0.03400648	-0.13247057	-0.00902286	0.00463028	-0.00259802	-0.00675097	0.15036537	0.03725955	-0.12385245	-0.00278175	0.19356122	0.09951601	0.09006703	0.01362983	0.03146577	-0.10628469	-0.09101807	-0.12116426	-0.00329534	-0.03861966	-0.08156409	0.08043502	-0.07652595	-0.09434679	-0.03423684	-0.06202368	-0.00810534	0.01224101	-0.05762608	0.01057603	0.03032194	0.10890696	-0.02154019	-0.15640044	0.01853641	0.07912835	-0.02124820	-0.02745962	-0.02094699	-0.02960410	-0.03677691	-0.02495826	0.01946838	-0.01902573	-0.04328299	-0.01105253	-0.01874922	-0.11579249	-0.07975526	-0.00210659	0.00059116	0.05028641	0.05807057	0.06721635	0.04628693	0.11035301	-0.00040133	-0.01228331	-0.03228905	-0.02930644	0.13812764	0.08426548	-0.10447682	0.17615653	0.04814906	0.04565568	-0.05369062	0.05285622	0.19666008	0.04146883	0.07841765	0.07551215	-0.03826792	-0.02313902	-0.00014298	-0.11470558	0.03348257	0.05316483	-0.05694626	0.12948159	0.02960361	0.03173545	0.06023342	0.09029057	0.12531855	0.02811913	0.13723579	-0.01666495	0.01611316	0.09224018	0.00733736	0.11968755	0.09923413	0.16901230	0.14561736	0.03254865	-0.00872006	0.05842331	0.05285399	0.03260508	0.06374148	0.01002700	-0.04526184	-0.06912641	0.02926527	0.07989980	-0.00774736	0.06306275	0.08663854	0.03572409	0.09587926	0.10638774	0.06884349	0.07656648	0.08069543	0.04161437	0.06942348	-0.04804944	-0.01310721	-0.01818467
17Networks_LH_DorsAttnA_SPL_2	0.07885849	0.15833553	-0.00865295	0.12057555	0.09988006	0.06554529	0.18808896	0.06394404	0.18932147	-0.05240430	0.16523206	0.19443972	-0.04530342	-0.12510024	0.14407850	-0.13088689	0.01003866	-0.02051028	0.15215854	0.09098808	0.09166008	0.02606287	0.20855435	0.04636730	-0.03595026	0.09775933	0.15002076	0.22684914	0.10069321	-0.02711195	-0.00010637	-0.01256771	0.13556160	0.10098321	0.25051878	0.05530063	0.07793952	0.08228265	0.25670099	0.08871412	0.16793938	-0.02624945	0.11673438	-0.19365083	-0.01057110	0.17582366	-0.04074837	-0.13302256	0.08755176	0.09455601	-0.07792446	-0.09564956	-0.06534158	-0.14445116	0.03653991	0.04435746	0.07228520	0.22925206	0.08983569	0.08892707	0.00494934	0.09709226	0.12751316	0.09910979	0.18297754	0.06460484	0.94708583	0.21559704	0.25946321	0.37591483	0.29384609	0.23942999	0.02044741	0.12957979	0.22226162	0.12089875	0.11051231	0.11778397	0.15865652	0.03094442	0.04017867	0.28460470	0.37012650	0.22343265	0.22208960	-0.10054184	-0.07157453	-0.15189246	-0.11320123	-0.15434425	-0.09814990	-0.17762182	-0.20061789	0.03242195	0.10594343	-0.14218279	0.16992972	-0.06306687	0.06943285	-0.02525187	-0.01307736	0.02955194	0.14409001	0.14419621	-0.01271068	-0.06527435	-0.00674623	0.13273032	0.03659451	-0.09359022	-0.02833982	0.02639402	0.09073681	-0.09601602	-0.03327237	-0.06293332	0.06571298	0.06162471	-0.05641774	-0.13169999	0.23950954	0.42750820	0.09584639	0.37186570	0.32842606	0.29454339	0.23065856	0.21680773	0.20204563	0.24564539	0.31219118	0.23054548	0.04218272	0.08090781	0.17594993	0.18114372	0.17150742	0.39130924	0.31705436	0.16745022	0.04551992	0.00619125	0.01136761	0.12015824	0.28671298	0.35844922	0.09656860	0.10629486	0.12379185	0.22670597	0.18034804	0.27489388	0.31643644	0.11856059	0.12194479	0.27335583	0.08037839	-0.02059169	0.24248768	0.22495347	0.10569867	0.09105966	-0.03588441	-0.05156246	0.10775987	-0.04857377	-0.05212321	-0.04678742	-0.04217715	-0.00777226	0.23546591	-0.07747451	0.15133653	0.02131137	0.01116975	0.18470028	0.09068188	0.08377722	0.14629926	0.13214879	0.18971615	0.20030593	-0.10178819	0.01665209	-0.01165857	0.03629095	0.14551301	0.21137070	0.04881162	0.08135027	0.08411718	-0.00991665	0.05950054	0.00754364	-0.08742363	-0.13113300	0.16448300	0.06014522	0.18352867	-0.05332297	0.07951559	0.05643744	0.20895112	-0.01288063	0.16892276	0.27081227	0.04597773	0.18986482	0.21132961	-0.08457459	0.08934125	0.13888521	0.00618723	-0.11989726	-0.02843093	-0.14515036	-0.08828407	0.09001991	-0.02825243	0.06951898	0.03052323	0.06355790	0.09632087	0.17889098	0.10443814	0.08502794	-0.02871973	0.00745697	0.13047274	0.02007402	0.05770272	0.16744797	0.06117752	0.11438524	0.15525908	0.09469357	0.06068399	0.05697206	0.08781209	-0.08184526	0.18967288	0.07689865	0.08772895	-0.09389097	-0.08425796	-0.07447821	-0.05540349	-0.08284753	-0.07506220	-0.10503766	-0.09104943	-0.08606167	-0.07379117	-0.09593597	-0.11931916	0.05990627	0.04645752	0.04583440	0.07499114	0.13525346	0.13434250	0.08411224	0.18203441	0.30086246	0.31814627	0.31600480	0.13559501	0.34711701	0.22521135	0.14566243	0.04846190	0.14050096	0.27419317	0.07432700	0.07382443	0.29742093	0.00250222	0.07493907	0.10438114	-0.01270233	0.03845316	0.21130939	0.14243023	0.03598318	-0.15025238	-0.05879278	-0.04322514	0.02101385	-0.14221187	-0.01924016	-0.11698232	-0.10890665	-0.20016841	-0.06764172	0.17779960	-0.02352037	0.03850914	-0.00428422	-0.02954451	0.03784387	-0.07183505	-0.08051077	0.06798015	-0.07198546	0.17043605	0.26567897	0.01974651	0.10234635	0.18801024	-0.05673168	0.02667605	0.16058422	-0.12997361	-0.13798337	-0.01562114	-0.06108402	-0.05125676	0.17997354	-0.11049364	-0.08994630	-0.00351067	-0.02904510	-0.01723321	0.06711983	0.49396274	0.16029104	0.33182772	0.24637186	0.23538310	0.16848486	0.14245056	0.30463914	0.21546755	0.24616405	0.17065352	0.13424670	0.29737645	0.13217489	0.27177480	0.02503640	0.29338765	0.19899927	0.09013043	0.23033094	0.31649261	0.08198610	-0.05250241	0.06251205	-0.00164124	-0.03997628	0.22563796	0.12368618	0.20520196	0.34038412	0.34617350	-0.03687155	0.08975883	0.03388453	0.06461017	0.33723654	0.15143894	0.14109052	0.07361588	0.21155544	0.17011958	-0.01603556	0.11881032	0.08997853	0.04248937	-0.07706956	-0.14724531	0.02585525	-0.18464136	0.11752262	0.00870425	-0.06379735	-0.06210969	0.22366855	0.04368944	0.12039585	-0.02988294	-0.08025730	-0.04408868	0.07804677	0.16924488	0.27981979	0.08176117	0.17045267	0.15840050	0.24435308	-0.13855306	0.08751157	0.06378349	-0.04368908	-0.02513999	0.01930571	-0.15775830	-0.10492751	0.01282505	-0.11369749	-0.01302802	0.01820032	-0.00824914	-0.06189533	0.08536515	0.10694155	0.14722284	0.03894345	-0.07853281	-0.04334028	0.11793086	-0.17590743	0.10168586	0.01952317	-0.10534046	-0.00326844	-0.00792089	0.10214118	-0.02024541	-0.02250511	-0.00875710	0.03109334	0.11468960	-0.08387271	-0.08780425	-0.03682989	-0.02220413	0.10861013	0.02595831	-0.02912151	-0.19777754	-0.00364298	0.18780916	0.16182987	0.16418466	0.11570414	0.01744079	0.17071846	0.20597664	-0.00713621	0.09822903	0.12947349	0.15889944	0.19790397	-0.00115971	0.05471102	0.05303501	0.04692284	0.16664417	0.17326756	0.05879714	0.18191375	0.32584155	0.12410024	0.14164117	0.18927497	0.20427175	0.27928516	0.13445176	0.24825689	0.12595292	0.14042942	0.13431458	0.18492396
17Networks_LH_DorsAttnA_SPL_3	0.10321170	0.11517402	0.10437807	0.15669051	0.15272457	0.12531714	0.14614198	0.19207721	0.11207773	0.08353618	0.07017585	0.21554191	0.24052765	0.02635030	0.14368467	-0.01010497	0.08810944	0.09178638	0.16274344	0.01812384	0.02235261	0.09324687	0.10526116	0.10075758	0.05226649	0.04904721	0.07880587	0.05997791	0.12378438	0.08103928	0.05161219	-0.00320817	0.06796675	0.03350631	0.03687505	0.01385226	-0.09076513	0.08522269	0.05312498	0.08201965	0.09708819	0.10048836	0.09021887	0.01340083	0.06914633	0.13063575	0.00734283	0.10653071	0.17195010	0.11902576	-0.00419885	0.05680746	0.05875071	-0.01373914	0.03261997	-0.08969909	0.02153967	-0.01509498	0.01825695	-0.00685348	0.12201808	0.15820574	0.13364196	0.00695015	0.09518520	0.10859681	0.21559704	0.93254580	0.15279310	0.17257802	0.23274804	-0.01793591	-0.04239411	0.09716543	0.14935143	0.10054492	0.10458331	0.04756641	0.07598266	0.01018750	0.06104635	0.15215026	0.10299699	0.07712056	-0.01598714	0.08237658	0.10420399	-0.02754728	-0.01247426	0.12183298	-0.02545896	0.08312287	0.04473168	0.01737668	0.17605886	0.09693538	0.09133959	0.07629600	-0.00392113	-0.01588723	-0.03458427	-0.00280874	-0.11161045	-0.10872467	-0.11377491	-0.13950824	-0.15088758	-0.08474678	-0.01024054	-0.09659148	-0.07052104	0.01211285	-0.08126390	0.06889818	-0.03757710	0.01247830	0.03523486	0.01842491	-0.11812113	0.04020928	0.13491639	0.10545748	-0.00535597	0.14501281	0.18694095	0.23586905	0.07513370	-0.07372546	0.04679748	0.05578535	0.00324756	0.01388264	-0.02864387	0.06127916	0.04497326	-0.04379896	0.04850854	0.14334747	-0.02330798	-0.03756193	-0.07909934	-0.08387935	0.02364521	-0.01992066	0.19929023	0.23832912	0.00676008	-0.01099692	0.04925055	0.02099272	-0.05988763	0.04435146	-0.08856222	0.12928608	-0.00800171	0.07233514	-0.05030424	-0.01885666	-0.00654291	0.05456138	-0.03284895	-0.04387414	-0.03516105	-0.07343019	-0.04580770	-0.06955990	-0.04727030	-0.07721849	-0.05999695	-0.01692451	0.03106465	-0.01073370	0.11169448	0.07648978	0.01098520	0.03316478	-0.03659715	-0.13783696	-0.11203156	0.10045547	-0.11770354	-0.03376381	0.00665443	-0.14500494	0.03081002	-0.02381153	-0.04640039	0.07043502	0.04056504	0.04442903	0.05061407	0.09810885	0.13091425	0.06198375	-0.05761357	0.19673597	0.10307589	0.01066435	0.09246841	0.11139925	-0.01376109	0.15408656	0.18646553	0.01525363	0.10873918	0.10345451	0.10913422	0.14667611	0.20168477	0.07630363	0.15064102	0.05694094	0.06074085	-0.02423884	-0.03256569	0.08875786	-0.02532252	0.15354659	0.10767239	0.00273522	0.00344493	0.07455275	-0.01656608	0.00122514	0.00802688	0.11820317	-0.01569976	0.02560347	0.14561737	-0.01611723	0.02296903	-0.01632113	0.02480987	0.10737775	0.03602866	0.12740752	-0.10743309	0.03841605	0.07753099	-0.06999660	0.13864694	0.08097194	0.09366024	-0.05815045	-0.06414590	0.00755516	0.00720194	-0.00846305	0.15194077	0.01471268	-0.01605292	-0.08803476	0.07503910	-0.01657779	0.00470386	0.03255362	0.03522409	0.04718336	0.13088368	0.09023811	-0.00867828	-0.00186458	0.08946624	0.23980107	0.27793760	0.24727344	0.17309754	0.36304265	0.23785144	0.19774132	0.11719816	0.02081501	0.02764202	-0.02690519	0.06658350	0.14978356	0.07495518	0.03516485	0.10963871	0.02918543	0.19737940	0.05759741	0.07038667	0.07564113	-0.00962071	0.08309200	-0.00704725	-0.00663880	-0.00429187	-0.13918195	-0.02228668	-0.05738033	0.05785716	0.08025047	-0.05594989	0.08987277	0.10966412	0.20989600	-0.04930900	0.14552498	0.03772287	0.05884264	0.01751891	0.06767972	-0.05560735	-0.01564522	0.03612093	0.00292588	-0.09900836	-0.03938463	-0.06356163	-0.02541665	-0.06244211	-0.13287351	-0.04520422	-0.01831051	-0.07681677	-0.06376030	0.03750034	-0.00607106	-0.02286282	0.01838342	0.09763577	-0.03335345	0.22586297	0.11826294	0.08100323	0.11864657	-0.10762303	-0.05900889	-0.02850736	0.03991979	0.00462497	-0.01443897	0.08996928	0.00550937	-0.00028857	0.06529588	0.02739811	0.09443790	0.14035621	-0.16824586	-0.08083990	0.01565003	0.00749639	-0.11541407	-0.19718432	-0.11786226	-0.06716683	0.02544812	0.04937981	0.03480061	-0.00369325	0.06063296	0.11996620	0.08676059	0.01614976	0.02461502	0.01369763	0.08276478	-0.02605500	-0.10694141	0.01042390	-0.01605641	0.07079119	-0.03031654	0.02659093	0.00387696	-0.14578664	-0.12905621	-0.03831541	-0.01277390	-0.08805644	-0.07722100	-0.01299788	0.04904573	0.15677063	-0.03866645	-0.01104340	-0.02858289	0.02392754	-0.10988720	-0.05510168	-0.07322591	0.06456738	0.11361608	0.15434425	0.04299083	0.09051112	0.22395710	0.12269232	0.00891688	-0.01323537	0.01375202	-0.05263702	-0.02799497	0.00029402	0.02162379	-0.00362792	0.04522208	0.01760257	0.00066988	0.07995504	-0.02200320	0.23711026	0.03505139	0.13532144	0.15977964	-0.10683172	-0.13887794	-0.11206540	-0.15248136	0.11552517	0.06867811	0.06945898	0.10961288	-0.01540551	-0.01412970	0.04083397	-0.07980836	0.13114212	0.15252938	0.03057984	0.05130799	-0.03333142	0.04408647	-0.03017855	-0.13894102	-0.00585881	0.01035466	-0.08512204	-0.01853292	0.09364368	0.05301332	-0.04418348	0.09786928	0.14934809	0.15973547	0.10535609	-0.01725007	0.06914712	0.06618943	0.10000130	0.14002913	0.10578231	0.10574381	0.01516249	-0.14896400	0.10318445	0.11927838	0.05505377	0.08885156	0.10386309	0.07994757	0.07702945	0.06915687	0.08912467	0.14861764	0.09455087	0.14318974	0.07678599	0.13318141	0.17928095	0.16487672
17Networks_LH_DorsAttnA_SPL_4	0.05691554	-0.11853227	-0.10167918	-0.04396435	0.00664054	0.01680387	0.13392766	0.26671831	0.22989318	0.14168746	0.16093012	0.10372763	-0.19680666	-0.11768159	0.03859661	-0.16334481	-0.07200534	0.14694833	0.06480719	0.05312975	0.00311769	0.04359769	0.28019645	0.05920098	0.22646876	0.10575873	0.17725105	0.16135899	0.33196593	0.14353848	0.22524845	0.23127998	0.20221022	0.28388477	0.20921675	0.39827638	0.19618946	-0.05452051	0.19523219	0.30177447	0.32763232	0.13475765	0.13424263	-0.09126795	0.00228070	0.08104752	0.17982546	0.08288309	-0.08343997	-0.03194920	0.11217176	0.14610775	0.13915857	0.10728297	0.13892578	0.07280383	0.17886493	0.01311415	0.20623254	0.07218059	-0.04402334	0.08091933	-0.03244233	0.08666804	0.26090571	0.08634785	0.25946321	0.15279310	1.08342984	0.53997275	0.36142818	0.45753889	0.03023573	0.15858105	0.18695159	0.09976402	0.29446017	0.29267609	0.33140457	0.31549778	-0.11153675	0.23982120	0.35738108	0.28571625	0.31756710	0.07217981	0.19342059	0.26849234	0.04246191	-0.01681946	0.22386429	0.15458703	0.14040957	0.27449349	0.13447672	0.31370226	0.24988520	0.18501425	0.21839986	0.08579187	0.29221702	0.23357911	0.27120291	0.16540858	0.17708768	0.14720905	-0.03895348	0.04771414	-0.04344409	-0.13018540	-0.09459961	-0.09183815	0.11249652	0.04234962	0.01547100	0.03544475	0.06758649	-0.05339705	-0.06585502	-0.07782108	0.14756558	0.18374766	0.49350009	0.36079444	0.44632244	0.41312627	0.28682800	0.22102137	0.19026931	0.20454094	0.12566595	0.07345515	0.15907382	0.08261726	0.00309390	0.13881060	0.39640494	0.46913584	0.07375736	0.19682999	-0.01017030	0.15867983	0.04471963	0.05961322	0.35909923	0.19054528	0.14298700	0.22328780	-0.05966979	-0.12201385	-0.04862972	0.07870040	-0.07489661	-0.31405986	-0.36935080	-0.03271835	0.09863047	0.02007850	0.00628831	-0.00407976	-0.26417426	-0.26108495	-0.07115777	-0.23926775	0.01485452	-0.11208468	-0.07899349	0.01451217	-0.11818610	-0.15281319	0.23522330	0.16620370	0.03902637	0.04751090	-0.12654267	-0.04874143	0.13244570	-0.08738108	0.05966036	0.03769735	0.00090584	0.24729553	-0.11521396	-0.11202724	-0.06863570	-0.01417789	0.23819747	-0.11030120	-0.24210836	-0.43281777	-0.38020543	-0.19119594	-0.17731057	-0.12786432	0.03503209	0.00501697	0.12089115	0.32288798	0.35260276	0.23307316	0.08167037	0.16485985	0.12314747	-0.01151496	0.00957351	0.18170383	0.02678769	0.20844058	0.32316461	0.22104131	0.16077193	0.17281652	-0.08737129	-0.19861139	-0.06814358	-0.02493277	-0.15662972	-0.02854659	-0.00022975	0.01555963	-0.00325207	-0.05284752	0.04610488	0.11655525	0.12807113	0.22769093	0.01238109	0.20103929	0.21505264	-0.01915161	0.16502192	0.49103931	0.10486381	0.19267869	0.38387301	0.14853528	0.13830733	0.18054600	0.26049040	0.05157691	0.08219434	0.06889212	0.25281561	-0.05652331	0.04883197	0.10506553	0.10798033	0.01104836	-0.01736321	0.03451458	-0.00401893	0.10707762	0.14173175	0.01040883	0.00879436	-0.02826436	0.11850685	0.10646951	0.09753399	0.08542160	0.11394392	0.36426532	0.20302075	0.27378942	0.38197010	0.41071750	0.33188227	0.40135378	0.35436168	0.62874160	0.22858649	0.26695396	0.35119431	0.09104922	0.15576930	0.36969439	0.10890818	0.36768290	0.25577650	0.16855857	0.11346007	0.33477787	0.50416081	0.31687286	0.19472997	0.13137717	0.28163303	0.28566959	0.11607752	0.17359473	0.07626706	0.19857385	0.08640876	0.29464342	0.23566691	0.15948606	0.12681611	0.16472916	-0.01991902	0.40264750	0.10889360	0.17492480	0.04213511	0.36736064	0.19121979	0.25208335	0.05409010	0.08067343	0.19364146	0.39124311	-0.09531660	0.27675396	-0.13792723	-0.27789801	-0.14493700	-0.16334773	-0.19095009	-0.07626496	-0.08189653	0.05720181	-0.11671624	-0.11555460	0.03114261	-0.12015577	0.24594650	0.25954269	0.44383688	0.53484730	-0.18958594	-0.01640727	0.06768183	0.10410417	0.29300076	0.20329316	0.10074890	0.02250372	-0.00967901	0.28117447	0.27184416	0.38043398	0.50969211	0.10211243	-0.11984873	0.04149501	-0.03498708	-0.10764000	-0.15898278	0.14703636	-0.04326883	0.00619064	0.07499462	0.24514018	-0.29810290	0.05697925	0.40238768	-0.04526941	0.13665046	-0.17610108	-0.11777461	0.01584417	-0.09306960	-0.37667571	-0.33349794	-0.33683484	0.00068718	0.10530643	-0.21140905	-0.34060910	-0.13499103	-0.34870783	-0.33129162	-0.08380871	-0.07112530	-0.00201689	0.11901808	-0.25818568	-0.02535901	-0.02765107	-0.11025962	-0.10074916	0.00262497	-0.26375235	0.00187846	0.15991705	-0.31774600	-0.04131338	-0.20252575	-0.35993602	0.03094900	0.00481416	-0.16183862	-0.26224844	-0.24412054	0.00622177	0.04643626	0.30402028	0.24691340	0.19872001	0.04925428	0.30853144	-0.15009781	-0.06079293	0.10008358	-0.03151905	0.10220423	0.10792418	0.18945798	0.09781139	-0.05766025	-0.06788012	0.11691150	-0.14842869	0.26259939	0.14685519	-0.02788826	0.23171438	-0.16804470	0.01311284	-0.06566645	-0.09519231	-0.02147164	0.03783916	0.16964521	0.04005849	-0.08923117	-0.07572691	-0.00987504	0.05196239	0.24565499	0.16200601	0.02723841	0.25693961	0.06243415	0.14827525	0.09400438	-0.03441202	0.01056959	0.17374920	0.04304998	-0.00204941	0.00936964	-0.05089127	0.06241355	0.03864338	-0.06358953	-0.10854845	-0.06274477	-0.14644700	0.13807784	0.11157943	0.05546685	0.01666653	0.17352931	0.08186748	0.00062007	0.13861751	0.19986838	0.09087357	0.13259590	0.04813498	-0.00393939	0.09110563	0.08291595	0.03133661
17Networks_LH_DorsAttnA_SPL_5	0.21791288	0.10251560	0.13136741	0.12629686	0.00889339	0.14213004	0.20494400	0.26357114	0.34173578	0.11829916	0.16975965	0.14182211	-0.18675335	-0.05786687	0.19658350	-0.14946470	0.00052134	0.15633247	0.09511286	0.00492260	0.05093309	0.11145702	0.30940678	0.09329247	0.13375627	0.10400293	0.22091823	0.19989276	0.33417239	0.04984219	0.07806682	0.04432729	0.18449460	0.21830712	0.20735158	0.29890464	0.10312682	0.04489789	0.34407295	0.29900937	0.20313246	-0.00064804	0.20455353	-0.12335157	-0.04984467	0.07950072	-0.06421069	0.03680025	-0.05160744	-0.12981195	-0.03963770	-0.00584582	0.06768091	0.12434786	0.02716306	-0.01325202	0.06388801	-0.04674047	0.12406596	0.15152655	-0.09141232	0.22630210	0.16129256	0.16045656	0.24075968	0.17441662	0.37591483	0.17257802	0.53997275	1.04324322	0.49524690	0.49414756	0.10407794	0.22517978	0.44341667	0.22086334	0.35211976	0.24965006	0.23567393	0.23002736	-0.01848292	0.27774593	0.42245764	0.22314847	0.34378074	0.00789599	0.08069315	0.15599468	-0.11791083	-0.21395531	0.14862231	-0.00237859	-0.02184970	0.17695016	0.19555146	0.03963091	0.29084296	0.15550554	0.21490284	0.00660358	0.11338289	0.14899797	0.19533024	-0.04394574	0.07886486	0.06041439	-0.02859854	0.09745995	0.07753105	-0.18372759	-0.05062499	-0.00146708	0.13516273	-0.05064815	-0.02216880	-0.02532297	-0.04231157	-0.05260830	-0.16051000	-0.05510185	0.20396121	0.26379027	0.38023190	0.35953874	0.47879288	0.47591477	0.36987629	0.25327140	0.17852963	0.26772288	0.22578089	0.20809227	0.11690676	0.22606319	0.05700037	0.10386875	0.27950253	0.41758589	0.20653204	0.24766438	0.05379232	0.06446721	0.11447858	-0.07983957	0.23732640	0.09442216	0.03231720	0.00207629	0.05523119	0.01245953	-0.03928006	0.19792570	0.06000730	-0.23835544	-0.29882345	0.05195595	0.12094074	0.13512925	-0.02789016	-0.04648941	-0.03755834	-0.11444547	-0.02997105	-0.19100569	0.07542018	-0.15133597	-0.18753018	-0.07954575	0.03772310	-0.06408304	0.23292231	0.04325680	0.04800306	0.00027178	0.02046045	0.09533531	0.14626351	-0.00698337	0.15316041	0.08820607	0.07677668	0.34618113	-0.17747211	0.02674541	-0.02364448	-0.03536009	0.21300099	0.00460590	-0.13082618	-0.27025401	-0.28099429	-0.09705144	-0.15208580	-0.08553852	-0.05134852	0.00731983	0.02720518	0.15716401	0.32683617	0.11722593	0.16686424	0.19775847	0.21762116	0.06150131	0.11881088	0.24153806	0.10735691	0.22324562	0.31116766	0.14690942	0.10235325	0.12977449	-0.06159972	-0.12618998	0.07917870	0.04842042	-0.16075490	0.01389219	0.03738249	0.08060174	0.04100546	0.07725279	0.04383253	0.11512746	0.15794743	0.18361522	0.00208893	0.08478453	0.23936895	0.03540896	0.10771054	0.42237629	0.11648334	0.19395349	0.35409133	0.19348373	0.08530037	0.09998664	0.18536761	-0.00972276	0.15662947	0.14932438	0.30761158	-0.08590741	-0.01076699	-0.10419108	-0.03087529	-0.05229790	-0.00054652	-0.08792269	-0.06632219	-0.01374748	0.02187464	-0.06108216	-0.04099338	0.01076474	0.04623129	-0.00178233	0.11349014	0.22715573	0.06578926	0.33964178	0.19447104	0.27635840	0.48447791	0.42401026	0.21383208	0.36796928	0.33329437	0.52882110	0.13795926	0.24171818	0.40832612	0.03031535	0.20495185	0.49552298	0.12805256	0.31748969	0.18101041	0.07714875	0.03595658	0.45865002	0.50386129	0.26732760	-0.04343831	0.03303211	0.05596228	0.28551540	-0.15175353	-0.00904588	-0.09468155	0.03448988	-0.06443249	0.05365488	0.26113100	0.13673045	0.08456721	0.05468520	-0.01284520	0.17404485	-0.09491042	0.22659612	0.00201632	0.14750963	0.21659933	0.31009352	0.03378596	0.00192875	0.18877354	0.16942647	-0.09949000	0.21546500	-0.10993828	-0.28302553	-0.08875105	-0.09295110	-0.21828643	0.03270649	-0.06845487	-0.01089996	-0.15564278	-0.14760221	-0.00179301	-0.05364936	0.40240857	0.35170631	0.43022842	0.52072493	-0.13155849	0.10680243	0.07841768	0.12974433	0.32362721	0.22501845	0.18189597	0.07867810	0.12409538	0.14869609	0.23244187	0.27558761	0.38399434	0.11523348	-0.08511735	0.17137004	0.14686131	-0.03328229	-0.08346518	0.15291117	0.00921465	0.04714547	-0.03214882	0.10001395	-0.25897374	0.09155415	0.28635112	-0.09833766	-0.00743447	-0.09566408	-0.12782065	0.17073213	-0.08646778	-0.33348777	-0.28188615	-0.29581363	-0.03189296	0.16934402	-0.21367977	-0.17138059	-0.06965662	-0.23179701	-0.19904863	-0.08253824	-0.16341298	0.02445841	0.12185070	-0.21497238	-0.08252290	0.13567777	0.08393040	-0.00916137	0.16191901	-0.23351054	-0.00869548	0.13073407	-0.12698413	0.04460061	-0.11555053	-0.31617035	0.03039536	-0.02472973	-0.17262257	-0.26836761	-0.26574736	-0.10117274	-0.09283055	0.10815305	0.01475942	0.09908550	-0.06412457	0.14458635	-0.20669117	-0.13300837	0.00421263	-0.06648241	0.18042963	-0.03661093	0.11456876	0.09040362	-0.11532679	-0.04781753	0.05543633	-0.25189684	0.16887561	0.09987729	-0.00766493	0.26161121	-0.17990858	-0.06758230	-0.01587642	-0.01184375	0.07284533	-0.01292071	0.06925101	-0.02947472	-0.02401004	-0.13609128	-0.01382146	0.07022982	0.06566440	0.06018543	-0.00204455	0.11786889	0.00841556	0.08180445	0.01651585	0.00582074	-0.01034405	0.06632852	0.03761700	-0.13441774	0.06271128	-0.05929116	0.00943621	0.01519811	-0.05375724	-0.12225390	-0.05817616	-0.14281310	0.13053535	-0.02936261	-0.06930079	-0.00800094	0.12580473	-0.00466115	-0.03201797	0.04299429	0.13187712	0.05883515	0.07682385	0.15633216	-0.00880156	0.02975818	0.03194147	-0.02172365
17Networks_LH_DorsAttnA_SPL_6	0.10335125	0.18720320	0.07262593	0.17033851	0.12752537	0.17214350	0.28369640	0.33060777	0.40889344	0.14098188	0.37080413	0.33675453	0.02641586	-0.02970738	0.12372381	-0.07108129	0.06564336	0.22024425	0.16151392	0.16427514	0.13032186	0.19712204	0.42593403	0.11687134	0.17070965	0.23730474	0.34522724	0.29196656	0.39283369	0.16164948	0.12384362	0.14406564	0.36126941	0.33037319	0.33692926	0.38649205	0.16826568	0.11307193	0.25710582	0.43837788	0.31324412	0.18505542	0.23659410	-0.05756653	0.03199570	0.09296402	0.04130569	0.02897596	-0.07382877	0.01790792	0.05778328	0.16205797	0.14512694	0.14743383	0.13714781	0.03971117	0.11994526	0.16640869	0.23090808	0.09684504	0.16347496	0.04619916	0.21154050	0.13508055	0.30813775	0.20418038	0.29384609	0.23274804	0.36142818	0.49524690	0.92351556	0.50619568	0.07050151	0.25765794	0.31330474	0.22467176	0.22304641	0.36137516	0.41948498	0.28538566	0.08179092	0.23743687	0.29606506	0.23418728	0.31427959	0.12843484	0.10554952	0.12290322	-0.02666503	-0.06779526	0.13047216	0.10479846	0.11152954	0.07770041	0.23682089	0.12220367	0.41375265	0.14654960	0.19419165	0.13816614	0.15679616	0.23921889	0.04584935	0.05646164	0.06693859	-0.07372081	-0.05995519	-0.07087021	-0.07094021	-0.13484072	-0.11484525	0.04988931	0.01506845	-0.07708082	-0.05600872	-0.01477781	-0.01822311	0.07947341	-0.02381720	-0.01679103	0.16656760	0.07067783	0.20651903	0.15814334	0.19737249	0.33770579	0.25013035	0.04905608	0.13677922	0.19082580	0.01704913	-0.04338306	0.11917725	-0.03161993	-0.06140329	-0.06140553	0.02894109	0.14626281	0.07216692	-0.02269366	-0.10095881	0.00408322	0.07885333	-0.00037308	0.31229380	0.27419937	0.03211724	0.09372937	-0.07010256	-0.10650580	0.01021382	0.03186615	-0.04856482	-0.10318961	-0.18834294	-0.02609278	-0.01798604	0.05315149	-0.04745503	0.04410178	-0.01150277	-0.05878512	0.02631379	-0.07792655	-0.04953448	-0.07991020	-0.07253741	-0.11602363	-0.08176955	-0.13105002	-0.04656973	-0.07716694	0.02572103	-0.04438775	0.02611792	0.01816515	0.09518491	0.00708197	-0.00196671	0.11553730	0.01606800	0.09780299	-0.07165208	-0.05229014	-0.03662040	-0.05087409	-0.01208992	-0.02784799	-0.04837898	-0.17906946	-0.11688491	0.06769752	0.11518608	-0.03926963	0.02611168	0.09459970	-0.00111014	0.12872617	0.11666939	0.10794339	0.08983288	0.00310544	0.23291043	-0.07926000	0.03081633	0.16946034	0.09752660	0.33278502	0.37979445	0.20561215	0.26797157	0.28176446	0.06277604	-0.04793409	0.08171892	0.05308072	-0.04389796	0.05985906	0.08931748	0.15098262	0.12398369	0.05867095	0.13629329	0.24764463	0.28188434	0.35541505	0.10600480	0.18809096	0.29455956	0.21536342	0.19982885	0.42569092	0.20746043	0.22794702	0.43361577	0.34165713	0.13263915	0.18655125	0.30189198	0.14872720	0.18732443	0.20456623	0.27610110	-0.09356105	0.00385577	-0.00905120	-0.00666179	-0.09391930	0.07890692	-0.08912815	-0.06321292	0.03258143	0.12535697	-0.00255702	0.07971912	0.06582607	0.12343110	0.18419991	0.33218681	0.11038719	0.07563748	0.30569362	0.08024495	0.34121708	0.50496929	0.33251344	0.36604450	0.43647201	0.52300851	0.46164036	0.30156586	0.35393553	0.19383994	0.17181473	0.29088524	0.47258644	0.17336803	0.34082036	0.37292387	0.23227583	0.17782093	0.36200538	0.43655993	0.28641369	0.10639002	0.10294792	0.17426789	0.23717905	-0.04922978	-0.04776079	0.00824479	0.07779142	-0.00989577	0.08277014	0.17657014	0.18608001	0.13818392	0.08584214	0.13385982	0.31533061	0.06733856	0.21254428	0.11702054	0.18168169	0.15124667	0.12276536	0.07391004	0.17903443	0.07471235	0.19391517	-0.01578127	0.21959450	0.06439252	-0.06345290	-0.08547304	-0.05816055	-0.05476032	0.01393304	-0.06659327	0.00269519	0.00445393	-0.07842834	0.07808279	0.02549239	0.33958376	0.29024443	0.28856786	0.36917715	0.03801080	0.01433813	0.13475968	0.20117669	0.28859213	0.21583589	0.10942451	-0.02179955	0.00361874	0.18963098	0.10428015	0.19757440	0.22959777	0.08296011	0.02517571	0.08570253	0.07674391	-0.03410002	-0.05695710	0.10146498	0.02722411	0.17785786	0.16625082	0.22991719	-0.06072366	0.21512634	0.38188037	0.02146403	0.05970886	-0.07117597	-0.02327886	0.03794399	-0.01437851	-0.15277937	-0.07117884	-0.06539086	-0.03476748	0.09725803	-0.12727334	-0.16422162	-0.10633454	-0.13738354	-0.08822078	-0.04012880	-0.05262402	0.03433211	0.03518708	-0.07479580	0.05381513	0.10032042	0.11575380	-0.00694759	0.12345241	-0.13118065	0.07537197	0.13410870	-0.01946411	0.14451304	-0.03850694	-0.07034284	0.05475389	0.11785833	-0.09563017	-0.03337579	-0.03983367	0.08502614	0.00597429	0.10336125	0.15256193	0.20252587	0.05381731	0.21369475	-0.07021206	-0.08795208	0.06028917	-0.05114402	0.13406485	-0.05820588	0.12010731	0.06127093	-0.05760578	-0.11882758	0.10961248	-0.20279931	0.19557146	0.09590203	0.08682298	0.19648866	-0.07408677	0.06560892	0.00345690	-0.05131772	0.01675280	0.10386924	0.08618799	-0.05452394	-0.05481612	-0.11059039	-0.00446547	0.01438071	0.07570515	0.00175193	-0.01944377	0.01137431	0.12400333	0.13757368	0.13870509	0.06340975	0.02561915	0.23603856	0.14283101	0.01949066	0.12313211	0.07152641	0.07065751	0.05693882	0.07290933	0.05060890	-0.00481029	-0.08380365	0.20453590	0.19265275	0.08043879	0.04303993	0.20159249	0.23216940	0.14619049	0.19741483	0.09802499	0.21874711	0.11022441	0.13856511	0.10079521	0.10279917	0.04999322	0.03783479
17Networks_LH_DorsAttnA_SPL_7	0.11264349	0.16939112	0.06688617	0.13201402	0.01893442	0.03217482	0.28292413	0.26280044	0.42649149	0.24783214	0.46640276	0.32332773	-0.12683197	-0.13433409	0.18188777	-0.15429461	-0.03398345	0.32855197	0.17623206	0.14413799	0.28113143	0.18644869	0.54888789	0.16805488	0.27951022	0.30605590	0.35611667	0.29463546	0.45712960	0.16440233	0.25165073	0.36450616	0.37694846	0.47641288	0.48275281	0.44161365	0.46364930	0.13529174	0.43775191	0.43487688	0.49856651	0.14697333	0.34438050	0.00014517	0.01816679	0.15058242	0.05760233	0.08250358	0.02159735	-0.05956425	0.04071462	0.10942982	0.11898831	0.16458922	0.18575407	0.12184178	0.20522757	0.26108422	0.31224372	0.21273634	-0.00532727	0.09924953	0.09172865	0.10265672	0.26069274	0.11758438	0.23942999	-0.01793591	0.45753889	0.49414756	0.50619568	1.18568880	0.16520820	0.34691162	0.29573853	0.27348939	0.36468353	0.56516345	0.48027711	0.51526215	0.01709337	0.33614524	0.33738756	0.30810641	0.43928253	0.10048494	0.12314679	0.20204629	-0.10341138	-0.21187102	0.12717730	0.10893369	0.11770915	0.13960264	0.08274313	0.18162064	0.42754099	0.22477947	0.21426339	0.11323306	0.29069242	0.25744082	0.23612092	0.11113409	0.07750019	-0.02113761	0.09759787	0.12506576	-0.00098391	-0.08980637	-0.05206875	0.03474590	0.21871718	0.07108593	0.06469674	0.03013601	0.08120007	0.13747204	-0.01668118	-0.03474680	0.08405852	0.18810902	0.29134190	0.32646403	0.30887166	0.18954099	0.24624323	0.07427043	0.14083106	0.18426190	0.16267418	0.08145088	0.14421702	0.04493751	0.00038774	0.17342637	0.19975538	0.18646861	0.12811212	0.14568877	0.05976699	0.14732610	0.08335355	0.17210805	0.25818892	0.22100872	0.18243524	0.21977565	0.05336627	0.05620459	0.12225818	0.18049017	0.15521531	0.00549777	0.00815763	0.09900360	0.22855495	0.11112677	0.12880542	0.18560059	0.07920518	0.08612764	0.01806353	-0.05445792	0.12675758	0.04661949	-0.01630771	0.10270615	0.08474113	-0.04190043	0.21743539	0.07929184	0.03709029	0.06258925	0.05914420	0.10111230	0.19131631	0.00772994	0.04417035	0.10082481	0.08297558	0.28627861	-0.06490166	-0.02161982	0.04383684	-0.01339644	0.07911444	0.05004714	-0.09164338	-0.10679982	-0.07445817	-0.02114400	-0.01404613	-0.09058764	0.05487835	0.05034843	0.16092342	0.12034260	0.17497903	0.16274612	0.17207991	0.14322214	0.29842023	-0.03964654	-0.00051762	0.36759500	0.09659381	0.44550107	0.35627043	0.36681973	0.42129474	0.48097514	0.09949153	-0.08499772	-0.03823244	0.06722275	-0.13222885	0.15512395	0.06502626	0.24030674	0.30379223	0.12427255	0.35257656	0.31234645	0.33760222	0.42334105	0.20606512	0.29026784	0.37485209	0.18003452	0.38504262	0.62364088	0.36864419	0.33183331	0.51750577	0.39822473	0.48055380	0.39490572	0.44066261	0.04287948	0.23388776	0.32961528	0.27730639	-0.10397295	0.03702727	-0.02579560	0.11977120	-0.13186804	0.02561331	0.06658250	-0.01192496	0.07451754	0.16254031	0.07325553	0.13668084	0.14317879	0.16030364	0.20070974	0.30354914	0.18240389	0.19507380	0.40761353	0.19774587	0.38477491	0.47189479	0.26721369	0.27234770	0.37548511	0.45912335	0.40984820	0.45287470	0.44328415	0.22501956	0.24511215	0.27065145	0.46357017	0.23206984	0.43996652	0.38929574	0.32127488	0.15479469	0.40562090	0.37915335	0.24234352	0.19611299	0.30264474	0.24775523	0.33228324	0.03420537	-0.00974136	0.00406384	0.09193199	0.02392940	0.16687335	0.10192791	0.25871702	0.13320797	0.10838493	0.20277807	0.33406283	0.05041081	0.23678675	0.06457094	0.22241809	0.04644587	0.17572890	0.17301711	0.29017705	0.13016033	0.22052557	0.10672710	0.33070884	0.02443401	-0.14904680	-0.01829908	-0.07859809	-0.10770625	0.10289264	0.01282633	0.10993689	0.04983968	0.01526561	0.11896122	-0.04530019	0.26343488	0.25708412	0.29799435	0.38511202	0.07477502	0.08376195	0.25309331	0.25599657	0.24802413	0.29820593	0.17965563	0.13218334	0.03005639	0.18867913	0.24180100	0.20987825	0.27785997	0.18941608	0.17493026	0.19042845	0.10122016	-0.05473760	-0.00283406	0.18704547	0.11829327	0.16309870	0.23124434	0.30258927	0.01339207	0.24695149	0.37234283	0.00650557	0.21576770	0.11311760	0.03597827	0.20261577	0.13445922	0.00550417	0.02809228	0.05516878	0.12071671	0.12876219	0.05190307	-0.02455320	0.04601962	-0.06928467	-0.01695511	0.05339122	0.02919748	0.16138928	0.10565698	-0.03648894	0.09578094	0.14191406	0.09621073	0.06708540	0.07545747	-0.18525063	0.08612274	0.16701783	0.03180644	0.23340045	-0.00083101	0.01132906	0.11794325	0.10256458	-0.12061981	0.09419798	-0.01476777	0.13578353	0.11082552	0.20960385	0.19113979	0.25250872	0.10382776	0.25033563	-0.08962399	-0.03728094	0.12235441	-0.13266832	0.13969559	0.04146644	0.22094720	0.12874369	-0.06474430	-0.09853193	0.15694033	-0.16620284	0.15163927	0.13847133	-0.08076100	0.21183470	-0.04358554	0.16896658	-0.04394981	-0.09980372	-0.06859538	0.05133335	0.23539394	0.06844801	-0.05794892	-0.13862128	0.18658479	0.05789861	0.17956998	0.16197511	-0.00109465	0.18633871	0.24358391	0.27311155	0.28364833	0.03519299	-0.04193227	0.37944553	0.19063352	0.01878348	0.20928892	0.17095591	0.23761204	0.15773438	0.15437232	0.13341653	0.03167330	-0.01349197	0.32583956	0.30417897	0.20673019	0.04368274	0.28555395	0.37866306	0.13227715	0.26122852	0.25191153	0.33943686	0.26356998	0.24885804	0.22551726	0.21147224	0.15015504	0.20715694
17Networks_LH_DorsAttnB_PostC_1	0.13527205	0.15610943	0.08128257	0.13453680	0.16108306	0.20919307	0.17735285	0.19962141	0.14898966	0.19188155	0.06622690	0.09823761	0.21182067	0.09580522	0.15203057	0.03487844	0.06391652	0.09200613	0.09686631	0.09636806	0.10548518	0.12157671	0.08986670	0.21128697	0.22013895	0.18072193	0.31772714	0.29201808	0.24155125	0.20158002	0.15780241	0.13149494	0.36658830	0.25493562	0.17181319	0.23176312	0.14271144	-0.09939739	0.11431212	0.25894072	0.24620358	-0.03038602	0.11020227	-0.03804234	0.21295335	0.09565645	0.35257592	0.24820643	-0.01446452	0.23188689	0.22171369	0.32505080	0.31886565	0.36357968	0.13268134	0.19779545	0.18251912	0.09483255	0.22613214	0.16142785	0.12104928	0.10322470	0.19034005	0.09792953	-0.00003542	0.02507175	0.02044741	-0.04239411	0.03023573	0.10407794	0.07050151	0.16520820	0.83202295	0.43489891	0.33928244	0.32240020	0.28226261	0.12770502	0.14977048	0.10743994	-0.05335810	0.09647188	-0.01875884	-0.08549203	0.28833775	0.35514067	0.22752055	0.34945976	0.18435646	0.08391147	0.26417475	0.33701181	0.24463552	0.07011929	0.25490845	0.04482796	0.06793901	0.30312392	0.12746041	0.15518864	0.24341184	0.04270960	-0.09354273	0.19321577	0.11926339	-0.08277086	0.06842122	0.08819983	0.12071025	0.05384369	0.13045587	0.14164549	0.03990672	-0.06672351	0.01732287	0.03836231	0.03187806	0.15416539	0.07104464	0.23614868	-0.01768985	-0.11098300	0.19946755	-0.04328022	0.12480189	0.04847202	0.18397302	0.09407462	0.12192324	0.19076597	0.04719249	0.03539374	0.25547006	0.05343972	-0.07589085	0.00748217	0.02540284	-0.04245266	-0.00297682	0.05248421	0.00437290	0.02676070	0.12647273	0.05277538	0.09837829	-0.14075305	0.09054576	0.09803162	-0.00649485	-0.04710553	-0.04134138	0.03307374	-0.00276875	-0.14167452	-0.04083803	-0.06117431	0.08063928	0.13615159	-0.06574005	-0.01137213	0.03532306	0.11971303	0.02823340	0.10431619	-0.00254918	0.09676776	0.06540711	-0.07369398	0.11244486	-0.05859265	-0.05696858	-0.02910836	0.04773918	0.04501510	0.01285429	-0.08526939	-0.00449595	0.02709231	-0.02149626	0.11693421	-0.05265050	0.00269923	0.10749619	0.07010555	0.10027227	0.01623603	0.02881111	-0.03894056	0.12647727	0.06299227	0.02056880	0.08401074	0.10487301	0.09599660	0.22764000	0.21394603	0.05238219	0.11337973	0.01539693	0.16418334	0.13086327	0.03448588	0.08423499	0.09960045	0.13089735	0.00781313	0.07284539	0.15726499	0.02741592	0.17776321	0.06572979	0.06773412	0.13535845	0.05836902	0.03956979	0.14735713	-0.02489604	0.07481174	0.12439813	0.25395821	0.13587895	0.17969327	0.17851578	0.27503219	0.22805734	0.27949154	0.16924791	0.19564419	0.18146339	0.16740841	0.11207915	0.10289317	0.14461550	0.03281242	0.18691248	-0.02541514	0.05036238	0.20185917	0.11397723	0.09228826	0.05411882	0.07881373	0.02931496	0.09514285	0.09876357	-0.01417399	0.18980712	0.06011666	0.17544365	0.16671850	0.26243276	0.23377795	0.22977475	0.24526314	0.36361941	0.14208073	0.14752585	0.11993523	0.20738423	0.02632341	-0.13700534	0.11305808	0.01301202	-0.05686496	0.08266977	0.00554313	0.12521278	0.04410336	0.09690055	0.06841402	0.11173589	0.11085028	0.01590692	0.19907398	0.26503207	0.18825596	0.14670272	0.06811200	0.13097816	0.13556753	-0.04717996	0.24844550	0.09496083	0.13544258	0.24078104	0.26795383	0.20070976	0.22017042	0.01899964	0.00073846	0.13017561	0.16414230	0.30897288	0.24240281	0.27161473	0.28215562	0.19485941	0.08672854	0.06039427	0.10865486	0.14672625	0.23029280	0.22351545	0.13230914	0.14043081	0.14707058	0.14728095	0.10420045	0.07204872	0.24426780	0.20817286	0.31463359	0.23047392	0.08593457	0.16356444	0.15961229	0.16252114	-0.00042915	0.05818041	0.01353778	0.16837533	0.08860582	0.09251437	0.05776327	0.00642547	0.11039752	0.05185666	-0.01523770	0.11128149	0.17221393	0.18344563	0.20633873	0.29304139	0.13713718	0.06229669	0.08154956	0.11081075	0.09345466	0.15277656	0.22942160	0.05355352	0.13950472	0.17099160	0.10077206	0.05845081	0.03615471	0.18018738	0.24526280	0.13540909	0.20436970	0.10852819	0.21953763	-0.08364057	0.14203517	0.06152432	0.00982828	0.10486138	0.05683658	0.03079614	0.04884344	0.11515178	0.07328147	-0.11949068	-0.07113066	0.05556899	0.13600627	0.00236340	0.02724495	0.05119451	0.08833678	0.07073671	0.16400013	0.10353675	0.12795619	0.03193007	0.14319658	0.05935312	-0.02141161	0.20658754	0.05150953	0.18569426	0.08858724	0.16994399	0.24164087	-0.02248829	-0.06820091	0.15629508	-0.00299186	-0.03216126	0.09878818	0.08659570	-0.00535799	0.01481368	0.16296597	0.03760995	0.09826731	0.20964695	0.21604468	0.05482625	0.24248692	0.07479179	0.01645705	0.06403218	0.06604666	0.17129823	0.08800889	0.09997571	0.08968286	0.03586819	-0.01016240	-0.00947111	0.06856552	0.09606015	0.09391162	0.04976378	0.10657823	0.06862193	-0.01759438	0.07125913	0.20699401	0.10934879	-0.00390445	0.11284696	0.07625430	0.01914204	-0.08870918	0.10880064	0.08515769	0.07269835	0.03125718	0.05379521	0.06968196	0.15525184	0.08968268	0.12894373	-0.01892994	0.04281515	0.07506745	0.04651378	0.02466438	0.12597590	0.01585447	0.06535627	0.14023091	0.14549130	0.12625062	0.04824114	0.06664287	0.13141736	0.04705720	0.19436079	0.13233885	0.01097783	0.22660025	0.12684075	0.06014023	0.04866861	0.08489550	-0.01810128	0.02654999	-0.00135149	0.06462136	0.10487842	0.00122305
17Networks_LH_DorsAttnB_PostC_2	0.21565186	0.32710699	0.12411141	0.30717308	0.14926132	0.22898317	0.32237595	0.38725306	0.32459956	0.20406178	0.31108693	0.28076930	0.27298928	0.13894948	0.25682998	0.09028420	0.02633596	0.22448041	0.13537482	0.16495653	0.12459549	0.08193295	0.23349876	0.22199096	0.41141309	0.41126478	0.55707185	0.46729581	0.55874518	0.31348219	0.30375293	0.32978345	0.66389572	0.59729782	0.43429030	0.47975555	0.32475502	0.05325530	0.26286250	0.51583130	0.47660856	0.12632537	0.32431593	0.05374506	0.23040624	0.10406717	0.31203744	0.26614461	0.06784484	0.12709504	0.26712046	0.46155302	0.39415352	0.43041781	0.36132916	0.29244891	0.34966316	0.28021505	0.47810355	0.17637953	0.27389485	0.13081360	0.30985344	0.10115805	0.05542774	0.07668556	0.12957979	0.09716543	0.15858105	0.22517978	0.25765794	0.34691162	0.43489891	1.07370295	0.39534076	0.58258200	0.42320357	0.38087488	0.15635600	0.24088711	0.05810486	0.27425626	0.22862810	0.16596041	0.42765907	0.27271066	0.15955476	0.25363262	0.12250309	0.02887554	0.16945550	0.30725695	0.23503820	0.03949253	0.36936641	0.09702518	0.13188665	0.34272716	0.25206622	0.24857505	0.21482503	0.15993733	-0.14452385	0.09067747	0.11376756	-0.19099491	-0.04709164	0.10043283	0.16128086	0.00897049	0.05298948	0.26561682	0.13866116	0.04471590	0.10106815	0.13341780	0.14134449	0.14592217	0.03477229	0.05894092	-0.02217465	-0.06872788	0.13207187	0.03474817	0.11184293	0.16184763	0.19441064	-0.05273619	0.12999562	0.15392697	0.04104656	0.00278130	0.17854722	-0.02464410	-0.10871049	0.08856910	0.02730010	0.03406956	0.02307359	-0.02855584	-0.00617175	-0.00207705	0.20307968	0.15358817	0.23595034	0.01685998	0.18821972	0.06954197	0.03314731	0.00215814	0.01255711	-0.05150108	-0.02482711	0.03744484	0.06515410	0.06355856	0.14052859	0.19625894	0.02395166	0.16648562	0.15064917	0.16390486	0.08609480	0.09929366	-0.01696338	0.08517630	0.02007931	0.07865982	0.16653019	0.07531406	-0.05688635	0.10638086	0.11973371	0.06771713	0.12187430	0.01653610	0.05249377	-0.01499973	-0.01703742	0.13341044	-0.07620501	0.09754047	0.09750977	-0.01413702	0.13190630	-0.01788253	0.01415236	-0.03198635	0.12872445	0.13268038	0.10732923	0.14247295	0.12387237	0.15237135	0.14301231	0.27285643	0.08019404	0.04384033	-0.06938736	0.18299146	0.28837801	-0.00448670	0.26781595	0.07248156	0.03956077	0.06891916	0.16020267	0.41619458	0.22267811	0.24854161	0.30205362	0.26419588	0.26539602	0.17138892	0.16415705	0.12220609	0.03376777	0.17087368	0.18784515	0.21001508	0.11087690	0.17515934	0.23172814	0.46062554	0.44453840	0.52686142	0.23742166	0.39750164	0.44685835	0.45480177	0.33410425	0.36241485	0.40651424	0.23471417	0.42273038	0.31087986	0.21235760	0.44172138	0.36181739	0.10035822	0.26016689	0.27175278	0.31859057	0.08778200	0.08362582	-0.01237889	0.23479369	-0.08065404	0.14513563	0.12583451	0.17035651	0.15374281	0.35658238	0.11025726	0.27044424	0.25739644	0.34039607	0.34643133	0.36212976	0.10450601	0.11257857	0.29010455	0.05697730	0.10847553	0.27033208	0.09146477	0.19644959	0.23504326	0.31388853	0.27949500	0.32298133	0.25619018	-0.03016228	0.36541377	0.45292900	0.40620975	0.29096533	0.40029470	0.25758134	0.34484550	0.25321952	0.44514470	0.28135503	0.26823060	0.19991630	0.34673069	0.21038931	0.32851357	0.09574108	-0.04251060	0.12250228	0.14704032	0.23449718	0.22736470	0.16639785	0.46644696	0.24479223	0.30300128	0.16248544	0.25538433	0.15592336	0.41527247	0.22269598	0.17658077	0.00074170	0.10478049	0.19932924	0.20197894	0.03029084	0.23002592	0.24289155	0.33043084	0.25486196	0.08347130	0.17911852	0.00499057	0.20852540	0.06377382	0.16602580	0.13973828	0.23445690	0.15774309	0.22355799	0.07649586	0.12176333	0.28764614	0.14322035	0.19390355	0.20284878	0.12998577	0.21633002	0.26118051	0.31226187	0.22647562	0.12333054	0.11996004	0.07392103	0.14261356	0.21129543	0.24741827	0.12337545	0.13280098	0.17011438	0.25196740	0.08034505	-0.04543806	0.02498027	0.18028004	0.16930252	0.25148234	0.25321368	0.33313309	0.08386607	0.28756874	0.17371836	0.17362582	0.13894614	0.16985970	0.13744664	0.10138273	0.13760974	0.15138097	0.02951554	0.08923740	0.18886130	0.27177062	0.17860321	0.10238221	0.05039585	0.16801874	0.16421006	0.14580514	0.17832036	0.24701360	0.11667076	0.21404700	0.13847604	0.07078735	0.27319630	0.08118973	0.25094653	0.12599956	0.19506671	0.20366974	0.09514927	0.11914086	0.16314895	0.17977054	-0.11551405	0.21610231	0.01608664	0.21990030	0.15464132	0.31013064	0.19675796	0.15371201	0.33130319	0.26498851	0.17433862	0.27003672	0.17708836	0.06010794	0.10186431	0.11253745	0.14173377	-0.00462429	0.12503577	0.21731170	0.05271753	-0.08466943	0.08245800	0.06222204	0.15918273	0.16855004	0.04989535	0.24933287	0.14969899	0.19067854	0.08912782	0.18786909	0.21242546	0.00064066	0.22481881	0.19746242	0.03600429	-0.11242529	0.10664520	0.13387225	0.11978837	0.09996813	0.09988306	0.27807394	0.25913540	0.19382752	0.35616920	0.02250662	-0.01346207	0.30447947	0.22683174	-0.06210832	0.19176890	0.10020873	0.22382593	0.24924343	0.14212025	0.17070424	-0.07321212	0.09915728	0.20758369	0.25003335	0.34261131	0.17923954	0.14458115	0.42229625	0.19579499	0.05228553	0.11993435	0.15059829	0.11164005	0.08066973	0.13379844	0.16327846	0.12100175	0.08252905
17Networks_LH_DorsAttnB_PostC_3	0.22708165	0.13852799	0.33472658	0.34468143	0.11919536	0.18383669	0.21179496	0.23336278	0.20474739	0.14989052	0.10123414	0.14784743	0.00557162	-0.01864334	0.21661744	-0.12386549	0.02026506	0.07665240	0.09685357	-0.06874426	0.06159345	0.04162284	0.18108002	0.22149068	0.17969343	0.08952813	0.24892505	0.21181330	0.26963792	0.12946341	0.04051057	0.02173314	0.35800291	0.32257648	0.21109210	0.22281157	0.01275312	0.05656925	0.34744119	0.35352350	0.15250808	0.01158512	0.16835153	-0.14727531	0.03394910	0.06646557	-0.03809144	0.06330568	-0.00467502	-0.03049153	-0.11017152	-0.00911717	0.17461974	0.25018747	-0.07547880	-0.03182531	-0.00353113	-0.07353796	0.06722226	0.17805592	0.00519974	0.37420328	0.29374810	0.25179971	0.25323837	0.06182874	0.22226162	0.14935143	0.18695159	0.44341667	0.31330474	0.29573853	0.33928244	0.39534076	0.95457102	0.37432449	0.35435234	0.19171569	0.19733291	0.13541498	0.04836106	0.24902929	0.28208361	0.12386259	0.37244997	0.20771264	0.13759997	0.26172245	-0.08635945	-0.11906053	0.03539728	0.03963278	0.02513776	0.00525623	0.31893285	0.07681589	0.21412415	0.28843126	0.13286358	0.08672933	0.16678495	0.13431224	0.01650908	-0.06802394	-0.00378448	-0.16125138	0.03419101	0.05789623	0.14318796	-0.09448498	0.11174535	0.09700874	0.18900588	-0.10137942	-0.07157750	-0.05221429	0.01598773	0.04397150	-0.12240466	0.14469741	0.02273415	0.10200711	0.30917160	0.07567946	0.29858862	0.24493541	0.43694934	0.10692694	0.10225479	0.25233261	0.14229872	0.12011816	0.16202696	0.28908616	-0.03171079	0.07637505	0.07342458	0.13516528	0.20829039	0.12355450	0.05197778	0.01640574	0.16022705	0.00485912	0.17517903	0.11464639	0.06590624	0.06473244	0.04652867	0.04191918	0.13033617	0.14173208	0.08804402	0.03399467	-0.00168189	0.05335316	0.11416782	0.27433748	0.11211476	0.16504897	0.17532740	0.14723919	0.05018072	-0.03004653	0.10195461	-0.02102803	-0.10839100	-0.11516608	0.15422749	0.00172386	0.04752619	-0.07515490	0.14863097	0.00385221	0.07716947	0.01305985	0.07222875	-0.05747897	0.03412412	0.15233515	-0.06088845	0.20083456	-0.06347253	0.02404904	0.08111252	0.01624071	0.00979413	0.08785573	0.05469814	0.08997484	-0.01498507	0.05987649	-0.03921809	-0.05806930	-0.01274739	0.13656451	-0.02826370	0.04252825	0.10555336	0.14298018	0.27619990	0.29649583	0.30493430	0.21391872	0.12260262	0.24417174	0.18640316	0.24556016	0.15893452	0.16318702	0.12913419	0.10205106	0.02121454	-0.02927679	0.07769006	0.04281743	-0.12537506	0.14985990	0.10564078	0.07498539	0.12227617	0.12244667	0.11300638	0.09444859	0.12039727	0.17288131	0.06286677	-0.01676105	0.16824950	0.15349583	-0.00819931	0.25481456	0.11405326	0.02177335	0.24496284	0.07155639	-0.03561896	0.13280348	0.12616837	-0.00064097	0.14314666	0.16641903	0.28616275	-0.03069030	-0.06776014	-0.24674576	-0.07831091	-0.14408218	0.09512492	-0.08869471	0.06300876	-0.12725264	-0.03746243	-0.00871760	0.06485424	-0.02874685	-0.04877376	-0.08851357	0.28570062	0.27737976	0.09133535	0.26940135	0.11692123	0.22988245	0.34436182	0.12520055	0.13843017	0.17947446	0.20365142	0.25246255	0.01688889	0.20355662	0.12034287	-0.01375439	0.32033784	0.40331861	0.14368602	0.24120075	0.22226587	0.10172256	0.11632283	0.44006926	0.27300157	0.20263552	0.07405259	0.10070946	0.10920493	0.18210833	-0.12925887	-0.13724443	-0.06373760	-0.13177851	0.00953409	0.03421088	0.13945448	0.23476577	0.08754206	0.15704891	-0.01798865	0.20420180	0.01565233	0.36065234	0.21128675	0.11453277	0.12498205	0.15744674	0.11860821	0.13316311	0.01552761	0.00968032	-0.01944172	0.15887289	0.16097925	-0.09397822	0.10477110	0.06215918	-0.04147145	0.16318782	-0.05887696	-0.07940424	-0.03424679	-0.05954913	-0.04441063	-0.03472844	0.19867216	0.32316382	0.12802617	0.18568361	0.09050489	0.13093903	0.03966830	0.17665012	0.24467215	0.13860142	0.14778459	0.10801366	0.11325820	0.04904102	0.16995017	0.29850378	0.08204991	0.09480223	0.02169223	0.19209355	0.06409217	0.04555160	0.10536990	0.18488276	0.13026792	0.20155434	0.05812747	0.17625668	0.08648655	0.32000976	0.15856131	0.06709156	0.07136804	0.05292813	-0.00375762	0.13698564	0.14223434	-0.07672641	-0.05705015	0.02497897	-0.01450397	0.28242252	0.06447362	0.13738987	0.04847802	-0.01506162	0.03076773	0.03218555	-0.06862993	0.14350792	0.05231648	-0.00811581	0.00701098	-0.00999553	0.26631494	-0.03667449	0.28631505	-0.09875947	0.09244446	0.13688121	0.11527550	0.16892868	0.19307226	0.02192115	-0.01848239	0.07240066	-0.00763450	-0.04634632	0.01402530	0.10303267	-0.00452525	-0.00490704	0.10386586	0.13677611	0.01301151	0.13497662	-0.09742385	-0.17934319	-0.01667767	-0.07405863	0.21116384	-0.14660751	0.09500995	0.06389386	-0.12379226	-0.12790631	-0.10952666	-0.11067827	0.03036179	-0.05153731	0.04917002	0.25103807	-0.03050154	-0.01728129	0.03318268	0.08069915	0.12661162	-0.14108480	0.05454534	-0.05040172	0.04078329	-0.12086982	-0.10707112	0.04398584	-0.06789084	-0.18985033	-0.04963786	0.02720878	0.09791098	0.04274561	0.03002489	-0.10223492	-0.07400808	0.04838466	-0.06286715	-0.03420123	0.13028648	0.00206742	0.03264041	0.10773568	0.12967160	-0.00922391	0.05425243	-0.09852919	0.15076588	0.02642408	0.05798707	-0.01768077	0.07182074	0.12654193	-0.00613035	0.07876169	0.08022074	0.12709059	0.12456968	0.16167946	-0.00360412	0.13974033	0.12635970	-0.00052871
17Networks_LH_DorsAttnB_PostC_4	0.20659376	0.33050367	0.15978919	0.41054966	0.22563727	0.27642629	0.41767539	0.32069035	0.38977609	0.20017106	0.25888433	0.24333897	0.30361087	0.13847193	0.31318523	0.06326715	0.00540705	0.22166377	0.16018359	0.13149317	0.09287099	0.11910539	0.16362808	0.23717477	0.43516467	0.27982592	0.38715700	0.34085366	0.54185541	0.28190059	0.33979285	0.26234885	0.49815116	0.53810091	0.32893141	0.40878282	0.25673055	0.16398063	0.33862433	0.46482153	0.33649739	0.18832733	0.26645105	0.06430624	0.18174855	0.12424433	0.17349138	0.18806932	0.10113557	0.11484884	0.07806602	0.22295673	0.33953705	0.41210521	0.12491167	0.04288083	0.10884609	0.14941149	0.25456503	0.23210418	0.25648401	0.23643091	0.34308506	0.03463901	-0.07393658	-0.02580157	0.12089875	0.10054492	0.09976402	0.22086334	0.22467176	0.27348939	0.32240020	0.58258200	0.37432449	1.00658463	0.36665856	0.37792161	0.08872984	0.21443821	0.02183171	0.31865556	0.22037074	0.14278534	0.36010105	0.32121860	0.18405499	0.21499228	0.10420167	0.02215054	0.14498137	0.20179446	0.20698495	0.03920290	0.41988700	0.09487383	0.21211990	0.39564870	0.30920912	0.26526694	0.16995575	0.14988506	-0.10943338	0.07622190	0.11258374	-0.14402297	0.02995380	0.18910849	0.18779595	0.05162895	0.06655311	0.22528033	0.15525253	0.05255332	0.03262341	0.09366673	0.18041674	0.11511377	-0.01642244	0.04171229	-0.08155659	-0.04054000	0.07336181	-0.00022153	0.08541266	0.11514910	0.17422619	-0.10070175	0.01635960	0.10469922	0.01640296	0.03207324	0.19015144	0.13788967	0.03568653	0.11708953	0.01321770	-0.04911424	0.04712056	-0.02349534	0.01723275	0.01951212	0.24384687	0.16650040	0.17416524	-0.01973340	0.15994597	0.10079376	0.15362425	0.12974829	0.12641427	0.00260210	0.01613996	0.13727730	0.08543319	0.06442837	0.21512703	0.25599178	0.10414210	0.23350554	0.14969243	0.23208034	0.11180568	0.16824358	0.04427326	0.15544497	0.01408224	0.11628291	0.26148160	0.13772916	0.07932097	0.09015516	0.10626889	0.12881895	0.19823385	0.08296931	0.09571801	-0.05110129	-0.01693074	0.18898655	-0.02880768	0.11103327	0.16364882	0.04959697	0.24489016	0.02588022	0.00795045	0.03398067	0.14102836	0.15318376	0.09953669	0.13165096	0.10294392	0.13033704	0.10123822	0.21438745	0.19244193	0.05190517	-0.13153527	0.17077449	0.27578906	0.07531608	0.33969809	0.10164852	0.08322356	0.08766699	0.22610639	0.51934854	0.28859168	0.31979276	0.28223546	0.26499612	0.29732070	0.14658984	0.14944455	0.17856390	0.01993307	0.15058184	0.15049040	0.19398569	0.13489222	0.24820017	0.25007813	0.34442953	0.33396246	0.47555441	0.17485235	0.41863763	0.41228925	0.42765086	0.26399400	0.30795190	0.34872813	0.26485568	0.43575994	0.26335747	0.20330003	0.32406383	0.25580057	0.20445073	0.28408712	0.28230363	0.33964785	0.01764715	0.05261536	-0.08352199	0.08197663	-0.11628402	0.19425612	0.00802096	0.14269254	0.03750998	0.27944669	0.11761422	0.24055047	0.21411253	0.13168855	0.14388926	0.35451527	0.19397025	0.17729175	0.30011008	0.07887974	0.11322427	0.30876918	0.17555869	0.19224378	0.22079954	0.21685055	0.21445889	0.26071541	0.17956740	0.03538233	0.29926403	0.46417416	0.38748394	0.35747722	0.34118431	0.23446622	0.31939674	0.22427008	0.45147381	0.24831084	0.13568643	0.20473455	0.30541728	0.23222364	0.31365820	0.10218634	-0.07117227	0.09588765	0.07780206	0.17176149	0.23422832	0.14824393	0.50313656	0.26139206	0.35219213	0.22726086	0.26820174	0.16218124	0.45750203	0.28054537	0.22548208	-0.03599588	0.03289204	0.21274192	0.25192073	0.04179823	0.20664582	0.26087946	0.30413023	0.16383451	0.02806038	0.20235807	0.00731594	0.12461721	0.08851706	0.11208377	0.14606804	0.15204272	0.11882192	0.05386458	0.05339312	0.19366321	0.31164801	0.11351260	0.13256500	0.18776157	0.13351759	0.18592389	0.25836542	0.20514769	0.25885667	0.18651738	0.16813144	0.12646368	0.19551948	0.24937645	0.23976962	0.13444851	0.16848334	0.16411870	0.30426769	0.03239947	-0.04640377	0.01767733	0.10925933	0.17442341	0.31048016	0.15969874	0.37583891	0.17558150	0.32459946	0.13530969	0.08846225	0.12864019	0.21554441	0.21057064	0.20239755	0.15252780	0.12732463	0.11061517	0.11873971	0.26224352	0.33538943	0.21562195	0.16397930	0.03973588	0.20739523	0.21207441	0.15513387	0.18899422	0.25102320	0.16442039	0.16298481	0.22838308	0.18736612	0.28115343	0.05501005	0.26408345	0.07618006	0.24072858	0.21949422	0.15489672	0.15027336	0.13001974	0.17826950	-0.11781470	0.23201770	0.03094511	0.27846287	0.16006407	0.37325975	0.26791105	0.15362037	0.35121853	0.27482632	0.19647734	0.33436589	0.10345733	0.10108558	0.08509256	0.01385527	0.17079162	-0.05063391	0.15393076	0.22118884	-0.03812321	-0.11133522	-0.00069197	-0.04976162	0.14499321	0.16138535	0.01983534	0.24671185	0.14251136	0.14474014	0.10949339	0.17137012	0.19399260	-0.02739716	0.18129179	0.14546904	0.01315384	-0.10675881	0.04877105	0.11143587	0.07973924	0.05558975	0.05497331	0.28280137	0.26339856	0.12685867	0.23672981	0.02161610	0.07927470	0.26792388	0.13215621	0.01905974	0.20032247	0.12562227	0.21363092	0.28066227	0.19288638	0.19317777	0.00854989	0.03480771	0.21328630	0.17260763	0.36013742	0.14080690	0.13946751	0.31668351	0.23003244	0.12223871	0.11418503	0.15920211	0.14418087	0.12820006	0.14125043	0.20990420	0.12765911	0.15722334
17Networks_LH_DorsAttnB_PostC_5	0.09911816	0.13148333	0.00476872	0.15774071	0.04977409	0.13669713	0.17361129	0.37651858	0.30351194	0.13105958	0.23009475	0.21362802	0.08488509	0.05599393	0.11278423	0.02476555	0.11285753	0.15063549	0.08614755	0.12612080	0.01807909	0.10849279	0.20106590	0.12461645	0.39369084	0.19516718	0.30692656	0.38955657	0.41096800	0.25506147	0.32589891	0.26443044	0.36851613	0.45335989	0.28437852	0.37050366	0.36548117	0.01116999	0.26611123	0.34596192	0.31165440	0.14323296	0.21865280	0.00249013	0.10109348	0.04737596	0.22354020	0.18873752	0.07549901	0.01643204	-0.04677793	0.11033863	0.23159032	0.19746684	-0.01588739	-0.05038246	-0.05250764	0.05553414	0.06068343	0.04664544	0.11658605	0.08777864	0.19118443	0.08778095	0.03943903	0.17301116	0.11051231	0.10458331	0.29446017	0.35211976	0.22304641	0.36468353	0.28226261	0.42320357	0.35435234	0.36665856	0.99624515	0.40597456	0.14300196	0.26697452	-0.04221172	0.18488327	0.16417681	0.14505684	0.33685459	0.15940505	0.08959653	0.27345063	0.07422126	0.00982237	0.23688236	0.31187702	0.20485289	0.15010703	0.25727377	0.19614749	0.05997615	0.28606976	0.17637933	0.18572790	0.15756835	0.04978783	-0.09093965	0.00689692	0.15131571	-0.09912208	-0.05496437	-0.01274911	0.06083070	-0.00396896	0.02174665	0.00289457	0.13507099	0.02143259	0.03719421	-0.02464232	0.06221040	0.07458814	-0.00154145	0.18050008	0.03070919	0.03660764	0.15384304	0.08537962	0.28960510	0.23052573	0.10458671	0.10294102	0.13116834	0.23685731	0.03361768	0.03511598	0.15272457	0.01596034	-0.00175747	-0.04507363	0.07722115	0.14286429	-0.02184931	0.05047559	-0.11592992	-0.12641335	0.02023016	0.09928571	0.19534979	-0.02250793	0.07216068	0.12230037	-0.02377207	-0.06330992	-0.15995045	-0.04020072	-0.11061200	-0.11370523	-0.13010899	0.03053807	0.08059227	0.01504456	-0.07489140	-0.06349496	-0.02460081	-0.05129239	-0.06989697	-0.05857438	-0.15954916	-0.08948045	0.01055919	0.02046376	0.08554132	0.04645934	0.06692759	0.09410468	-0.02687584	0.00510770	-0.03503859	-0.07627500	-0.04240374	-0.12056567	-0.07053015	-0.02242340	-0.08876679	0.05347991	0.05291101	0.01073278	0.06625762	0.03738700	0.04030934	-0.08756533	0.02825655	-0.07013491	-0.08972448	0.01724878	-0.01430891	0.05786614	0.13323639	0.22274979	0.21146672	0.15488623	0.04158339	0.18454705	0.21781128	0.09929999	0.14331344	0.09064287	0.02226302	0.00134912	0.08628008	0.34539128	0.24814095	0.23170575	0.20037528	0.17318010	0.14449621	0.10938226	0.00295847	-0.03018348	0.03537707	0.02629971	0.09336856	0.04810038	0.01951865	0.02943475	0.09107649	0.14296249	0.11237362	0.29980754	0.09532704	0.34129287	0.26138090	0.35961301	0.20493839	0.30696194	0.32590448	0.25550716	0.42878369	0.23601952	0.25091573	0.23581756	0.21657335	0.15744570	0.15630145	0.22404298	0.23220284	0.04089531	0.08485072	0.01383490	0.03746072	0.04023856	0.17253137	0.03301864	0.02698832	0.07901016	0.19400418	0.16695895	0.23121712	0.07559256	-0.04442477	0.05364597	0.33328146	0.09598828	0.05440092	0.32265669	0.06032828	0.08813896	0.35288163	0.26122054	0.19411783	0.33249961	0.28586236	0.37040378	0.26336397	0.27162427	0.10276913	0.21292330	0.37293909	0.40959784	0.23411458	0.44719654	0.13250934	0.24073278	0.24976275	0.29649459	0.34640662	0.19281917	0.27151863	0.35662326	0.37044595	0.24037285	0.04866498	0.02650705	0.16121614	0.15056931	0.21525282	0.26369105	0.23961586	0.35218333	0.29396483	0.16225632	0.07976016	0.27890881	0.16440049	0.35386083	0.08709727	0.29322610	0.10402140	0.09549681	0.07934194	0.02861367	0.03106908	0.30373499	-0.01097716	0.22312996	-0.02676673	-0.06843353	0.05348417	-0.02883858	0.02687232	-0.06443658	0.03783781	0.06338384	0.05357000	-0.04610843	0.14665625	-0.14042286	0.15198627	0.34806575	0.25172569	0.31420135	-0.02976034	-0.01851220	0.10060240	0.03068621	0.35239235	0.10287779	0.21748847	0.07274885	0.04757354	0.14852667	0.12286832	0.37065513	0.18669935	-0.04633624	-0.05771846	0.06809977	-0.04009320	-0.03222638	-0.05070752	0.09743287	-0.01193352	0.04706349	0.06467239	0.18953304	-0.18407159	0.06378612	0.17655373	0.09902015	0.21793129	0.00445071	-0.05218750	0.00408930	-0.00870565	-0.16728671	-0.08398844	-0.11379637	0.13833449	0.15883762	-0.06509315	-0.06709832	-0.05384189	-0.00632899	-0.02760965	0.00583838	0.05680680	0.12526455	0.13365318	0.10995239	-0.03293500	-0.04353701	0.00021293	-0.07004190	0.07255454	0.00813187	0.10289764	0.13538970	-0.09971915	-0.01502092	0.05599963	-0.09292990	-0.07590790	0.16483567	0.06056664	0.07363933	-0.00468005	0.20149089	0.27572736	0.20668846	0.24995289	0.31676545	0.02723483	0.24799760	-0.02109176	-0.02084155	0.06749776	-0.00883627	0.20124400	0.00041881	0.20604431	0.22149405	-0.03438486	0.05103968	-0.05493082	0.03863742	0.28564012	0.16819801	0.09107746	0.16605085	0.04404254	0.12875821	0.06591218	0.14252035	0.06978683	0.00723650	0.20226546	0.21002423	0.03725279	-0.02830320	0.10261630	0.04661439	0.22985052	0.04468170	0.11010923	0.15986284	0.18886932	0.18336128	0.13772198	-0.04743878	0.06116198	0.26815869	0.11865004	0.03930248	0.10422137	0.03655197	0.17495405	0.14575574	0.10752338	0.08828652	-0.01102713	0.04968467	0.15385738	0.15413671	0.21530016	0.06425216	0.06829084	0.25600702	0.13565342	0.07317095	0.18613660	-0.02435334	0.04708984	0.01362985	0.05695451	0.01377413	-0.00592909	-0.01888539
17Networks_LH_DorsAttnB_PostC_6	-0.04291708	0.16813646	-0.19399886	0.05226766	-0.00667105	0.09335322	0.18899587	0.32146000	0.44125405	0.14933580	0.54441709	0.47503958	0.02253467	-0.09248755	0.12025580	-0.04028063	-0.08252959	0.30133919	0.10254442	0.22292297	0.16927985	0.18708403	0.43973467	0.07092429	0.40901288	0.29113725	0.29670540	0.26853928	0.45789008	0.28728170	0.39271362	0.42399175	0.40554268	0.58707111	0.59464423	0.37747923	0.52654354	0.11620104	0.35428903	0.49407766	0.60401986	0.27809414	0.30646604	0.07654162	0.07044540	-0.01890969	0.18298143	0.15081827	0.04979813	0.02526575	0.14844861	0.23344476	0.21089524	0.25284790	0.26336591	0.12426254	0.15298079	0.19037856	0.26507301	0.11504878	0.15129573	-0.10660146	0.07386670	0.02620120	0.08818060	0.06723220	0.11778397	0.04756641	0.29267609	0.24965006	0.36137516	0.56516345	0.12770502	0.38087488	0.19171569	0.37792161	0.40597456	1.12918715	0.42061981	0.62989163	0.02925208	0.13356624	0.15687851	0.25519536	0.23674592	0.18419939	-0.02519306	0.19053338	0.09233898	-0.09732931	0.22107586	0.26747163	0.20824024	0.03364842	0.08190706	0.32003750	0.24788847	0.20048074	0.11809263	0.15342635	0.21855108	0.28146740	0.01716556	0.02987127	0.12984715	-0.15096387	-0.04379402	-0.05054492	-0.05216274	-0.05940302	-0.08561218	-0.04409183	0.20742372	0.10505318	-0.01123350	-0.01481411	0.03666220	0.03638465	-0.04660554	-0.06414486	0.00629802	0.01866835	0.02387664	0.03680874	0.07206140	0.07513326	0.02609020	-0.12062921	0.16408487	0.03424731	-0.06146478	-0.16184756	0.10575670	-0.12058625	-0.01030338	0.00684640	-0.04268149	-0.02861514	-0.18762758	-0.07859797	-0.11650570	0.00733831	-0.02104162	0.28114402	0.32020298	0.11943122	0.12314067	0.16834427	-0.06834446	-0.04249771	-0.13020818	-0.08633732	-0.12117749	-0.00856737	0.01984624	0.00100143	0.15480913	-0.05973500	0.06574890	0.11370570	-0.02284678	-0.02531453	0.06608831	0.02712337	-0.12859149	-0.00217592	-0.09541384	0.19598170	0.04929717	0.00610167	-0.02266527	0.09473332	-0.02852626	-0.02169401	-0.04029541	0.00167500	0.10246625	-0.11075733	-0.17647812	-0.07767268	-0.03324989	-0.06370516	0.03800802	-0.11404387	-0.03338736	-0.11281076	-0.05800435	-0.12213544	-0.07839475	-0.06824539	-0.05413844	0.08501462	-0.01919513	0.05059009	0.04071655	0.06365710	0.16794134	0.12876763	-0.05981199	0.11600423	0.14570197	-0.07144018	0.12934667	-0.09994978	-0.11092185	0.04871799	0.07521766	0.48847975	0.42766192	0.31513088	0.41151502	0.45732689	0.14534089	0.07090248	-0.00492749	-0.07044809	0.08173906	-0.01903604	0.05895943	0.11253645	0.19456788	0.07756453	0.27282467	0.23524456	0.20643287	0.35467763	0.18334355	0.37166479	0.33125689	0.42842343	0.54634561	0.60330608	0.45076220	0.40126593	0.57731936	0.33048304	0.51471842	0.47044316	0.51991204	0.08098740	0.26551321	0.43331511	0.32230136	0.04381843	0.11129556	0.04414015	0.18501500	-0.03262914	0.15062562	0.08894374	0.05711474	0.15963771	0.25999392	0.09732773	0.18230229	0.08723416	0.14997684	0.23832795	0.41834170	0.04473511	0.18373360	0.42625903	0.10782892	0.23949161	0.36776801	0.26764238	0.30264022	0.33752054	0.43948898	0.41805823	0.55233145	0.45116598	0.02339185	0.24702107	0.36843543	0.41766337	0.23532643	0.56158274	0.28812227	0.54063908	0.39301374	0.29582677	0.38626489	0.34092542	0.29422421	0.34665988	0.34818491	0.26818860	0.09898671	0.12049999	0.15219930	0.20711568	0.16629005	0.24275743	0.05759823	0.33083299	0.16418409	0.31633880	0.20734330	0.40324038	0.19580133	0.32966245	0.13027771	0.31646807	-0.12852419	0.06340349	0.25494103	0.28133170	0.11536110	0.32710497	0.16507194	0.21142825	-0.01552440	-0.04419219	-0.05636597	-0.21927002	0.03017589	0.03001870	-0.03328470	0.12510263	-0.07989882	-0.06209877	0.02568748	-0.16660005	0.20174259	0.26649758	0.20066980	0.34322180	0.04521611	-0.06384838	0.04431993	0.08977863	0.17355503	0.14066229	0.08064667	0.07633382	-0.06523588	0.21168937	0.21224174	0.29037026	0.21431236	0.12930751	0.07680421	0.10700587	-0.07335859	-0.18802413	-0.11709033	0.05198298	0.10676669	0.06489281	0.20862438	0.37253582	0.04840029	0.18631725	0.28682244	0.15830738	0.25480462	0.14051212	0.07768231	0.07831936	0.02318986	-0.00190651	0.06439130	0.09412593	0.18959084	0.05085802	0.08776528	-0.04001107	0.03181465	0.06507266	0.03714377	0.10958819	0.09084886	0.18827048	0.14943426	-0.06003733	0.09779344	0.06987209	0.01457069	0.09791056	-0.09692890	0.00765487	0.10082607	0.06815417	-0.03755375	0.14262089	-0.01817904	0.04177894	0.04772862	0.14637980	-0.12013600	0.23899423	0.13683824	0.24722507	0.28619957	0.28200580	0.32041817	0.33280231	0.16109822	0.31141752	-0.02676113	0.00964289	-0.00921179	-0.17248759	0.09150985	-0.05052810	0.24656424	0.18414403	-0.03965955	-0.13037428	-0.00653131	-0.09370794	0.09301512	0.04330597	0.02558307	0.20529776	-0.04702908	0.18200655	-0.06914453	-0.00549769	-0.03848773	0.03116813	0.27604526	0.12919723	-0.04452024	0.02165132	0.21364576	0.02534986	0.16986356	0.04282377	0.12423120	0.29129564	0.24477627	0.23309826	0.29451878	0.13320488	0.04344647	0.42975017	0.27145468	-0.04688003	0.09405569	0.17607664	0.22694348	0.12031030	0.06782472	0.08040739	-0.00157550	0.09941434	0.15367437	0.19542336	0.20848615	0.05628782	0.22173334	0.34273426	0.26014262	0.21220719	0.15322367	0.13053853	0.10157145	0.03024308	0.04425603	0.01606787	-0.04167810	0.10635032
17Networks_LH_DorsAttnB_PostC_7	0.03438096	0.08281551	-0.03231671	-0.01665204	0.09933984	-0.05401774	0.12417354	0.01800777	0.09232368	0.15496675	0.31646470	0.25516237	-0.07136115	-0.04109526	0.07849582	-0.07662759	-0.01631131	0.20090874	0.10835275	0.10455148	0.28076537	0.16575281	0.34238185	0.23818328	0.09548526	0.08040118	0.12366616	0.09419428	0.14380398	0.13562335	0.16683129	0.13101569	0.10699230	0.19530272	0.35953923	0.22700315	0.24961448	0.03645361	0.30877642	0.34256020	0.33208051	0.19765192	0.23407756	-0.07164190	0.05858658	0.11260492	0.08902891	0.06375090	-0.05747162	0.17167883	0.06234359	0.11647596	0.18808171	0.28228619	0.04912475	0.06001336	0.06309043	0.06945877	0.15872534	0.14689030	0.11717641	-0.02360157	0.04768516	0.12830682	0.34198817	0.16249046	0.15865652	0.07598266	0.33140457	0.23567393	0.41948498	0.48027711	0.14977048	0.15635600	0.19733291	0.08872984	0.14300196	0.42061981	1.10268547	0.61248912	0.02275282	0.13761203	0.07423750	0.14341655	0.20021603	0.26442766	0.27656428	0.28868488	0.08069410	0.01654663	0.11677038	0.11677166	0.14277899	0.05814822	0.18712889	0.29737054	0.50596939	0.16904727	0.10222548	0.08430645	0.30320072	0.38813919	0.19351890	0.05759580	0.08928544	-0.17430512	0.03601087	-0.02711113	-0.15485921	-0.08471812	-0.09561733	-0.09590870	0.11079746	-0.00860968	-0.06036492	-0.05661917	-0.02639183	0.04435413	0.04792587	0.06260373	-0.06936854	0.04195406	0.32127636	0.12185396	0.17266225	0.22594658	0.26932093	0.08963650	0.21624615	0.17530278	0.03520945	-0.02312064	0.21525161	-0.11327657	-0.13461633	0.05129323	0.02535169	0.05600707	0.02993288	-0.00627603	0.02625109	0.21088883	0.04929361	0.18750347	0.43428225	0.36018006	0.07693096	0.21646904	-0.08622625	-0.08729471	0.14876831	0.08572146	-0.00477631	-0.09636090	-0.01046341	-0.01118449	0.10402812	0.08874870	0.21210622	0.32478398	0.01206069	-0.07972268	0.13821891	0.02897398	0.06535603	0.07514741	-0.01351656	-0.05300115	-0.11321030	-0.15952527	-0.09926686	-0.03181311	0.07240595	0.07383153	-0.02112814	-0.00506314	0.22154469	0.07309862	0.05190925	0.14551504	0.09704658	0.05639254	0.00167324	-0.02629577	-0.05476086	0.02993824	0.00538216	-0.00587458	-0.05320730	-0.14524945	-0.02314251	0.14367313	0.07255786	0.01719650	0.10334217	0.06226920	0.03162594	0.10801785	0.09724449	0.14385484	0.02831291	-0.06594562	0.14939550	-0.06278506	0.02698569	0.17077117	0.03291134	0.20854128	0.14747038	0.16514155	0.27914249	0.26755435	-0.07146360	-0.09765599	-0.03804793	-0.01859450	-0.08452751	-0.00620760	0.00030023	0.15856156	0.24957033	0.10651721	0.25027506	0.18315999	0.04728877	0.06975707	0.13019760	0.06169871	0.16157071	0.08644831	0.24093270	0.44557665	0.21091084	0.24068743	0.29198161	0.24072337	0.37318273	0.20589102	0.36762992	0.05000001	0.21995244	0.27514767	0.09413500	0.03966119	0.07957679	-0.04514766	0.01203885	-0.05319827	0.02083058	0.00866691	0.10267376	0.07235104	0.02312990	0.12002316	0.18563115	-0.10185894	-0.03136744	0.02319783	0.34879005	0.01346330	0.03868021	0.22514750	0.01761205	0.36795477	0.31862250	0.26495184	0.31957300	0.21233240	0.43359463	0.40463964	0.32415860	0.46606250	0.07401104	0.06630393	0.24081197	0.30843734	0.12012182	0.24940672	0.56905960	0.41907567	0.14409057	0.16137915	0.27747535	0.30321050	0.29189193	0.18316969	0.31373845	0.16109034	-0.09750347	0.02735349	0.11861706	0.04448303	0.02248264	0.01751044	0.09678822	0.13862344	0.06114425	0.18507063	0.04368634	0.42141893	0.15932993	0.09469136	0.22169561	0.36717730	0.10374051	0.17660846	0.22668334	0.36411089	0.05952081	0.23312739	-0.02147520	0.21175511	0.01515834	-0.00412863	-0.18688741	-0.11195287	-0.06458229	0.05528803	-0.05611566	-0.00854368	-0.05527767	-0.09717919	0.03435487	0.07183645	0.10540610	0.11739605	0.19734813	0.28775910	0.12116826	-0.07771015	0.02920346	0.14565627	0.18534187	0.14872218	0.07215376	-0.06117238	-0.01635433	0.20414578	0.15099219	0.29709176	0.23436492	0.13385813	0.07138401	-0.02382402	0.00419984	-0.07626045	0.01226254	0.17437113	0.12269505	0.22081116	0.27779303	0.36415394	0.14836727	0.32439744	0.46090933	0.04463523	0.10572676	-0.03574475	0.01052342	0.01320302	0.10452319	0.01190481	-0.02901342	0.06781730	-0.08908520	0.01555095	0.03652676	-0.06782328	0.06096693	-0.05891908	-0.04212467	0.06320694	0.02484617	0.00692462	-0.00217986	-0.02917214	0.04583641	-0.10287352	0.11568336	0.10961576	-0.03111251	-0.11646585	0.11478645	0.07789933	-0.01592887	0.19747835	0.03251456	0.02328832	0.15661742	0.10170485	-0.09859541	0.00043503	0.08351943	0.11851718	-0.03276375	0.10068219	0.19447216	0.23204590	0.08045884	0.30960744	-0.09445014	-0.04053756	-0.01042219	-0.07680277	0.04202481	-0.02452303	0.02955466	-0.04837983	-0.11612763	-0.07383771	0.04025478	-0.09628800	0.06904328	-0.09996644	0.02839396	0.14467862	-0.12843255	0.06793185	-0.06719896	-0.11685516	-0.11168321	-0.04703283	-0.01069050	-0.03549749	-0.07981020	0.04872796	0.08202629	-0.03065182	-0.01106345	-0.16822656	-0.00260971	0.06116163	0.08947492	0.13582636	0.14206295	0.02348071	0.07045051	0.21029071	0.07731305	0.07486458	0.05042436	0.11359716	0.13516330	0.03276840	0.08394826	0.07802005	0.15004833	-0.02643022	0.23647423	0.13668327	-0.01001538	0.03618231	0.24115693	0.21214971	0.15103736	0.29253070	0.12996245	0.23729978	0.14234352	0.09062385	0.10000875	0.14716960	0.09385700	0.14410814
17Networks_LH_DorsAttnB_PostC_8	0.05628707	0.16689781	-0.00923950	0.08652162	0.14260572	0.06534740	0.27688625	0.13579777	0.32017692	0.27401644	0.42003250	0.33527942	-0.09007235	-0.06496793	0.13191028	-0.07187781	-0.04335174	0.33980239	0.09139707	0.10926084	0.25443468	0.17914213	0.38274860	0.07009445	0.37446168	0.25094020	0.17648979	0.10899525	0.33549967	0.24860707	0.29212404	0.34152727	0.30247850	0.45295029	0.42601706	0.35407003	0.44265860	0.11303437	0.29775282	0.33656366	0.52734550	0.39368428	0.30654894	0.15619256	-0.01725188	0.13941928	0.15106146	0.14712661	0.03167156	-0.02890734	0.07098749	0.16381469	0.13580991	0.27794159	0.16470674	0.05777729	0.06447161	0.12240142	0.17172601	0.24032931	0.05349216	0.09309368	0.12211621	0.05329284	0.14312365	0.13505627	0.03094442	0.01018750	0.31549778	0.23002736	0.28538566	0.51526215	0.10743994	0.24088711	0.13541498	0.21443821	0.26697452	0.62989163	0.61248912	1.22489329	0.09814069	0.15977657	0.18673728	0.23821174	0.16730321	0.12961479	0.08609274	0.27189881	0.12480357	-0.00018240	0.24478247	0.24157187	0.27015261	0.14510071	0.09121281	0.36363029	0.33890857	0.26444442	0.14851735	0.15691272	0.32081133	0.39739493	0.16874922	-0.02963117	0.10170185	-0.05318563	0.07293787	0.06582497	-0.01997183	-0.00858932	-0.05270395	-0.09535249	0.27223954	0.15842644	-0.06428119	-0.06820351	0.04155691	-0.00011688	-0.03572886	-0.00782128	-0.01757489	0.04225566	0.07214208	0.17662539	0.14740021	0.12680887	0.04162200	0.00616997	0.21629663	0.03149084	0.05973835	-0.00930194	0.17286890	-0.03618299	-0.04069171	0.07734926	0.00345299	-0.07218105	-0.00839717	0.01273858	0.07550731	0.18670802	-0.03366088	0.23393981	0.25302628	0.17579694	0.13609364	0.21885723	-0.03193956	0.06037222	0.01665685	0.06294449	0.02149058	0.05775811	0.06964601	0.08897071	0.13993400	0.06438047	0.19391825	0.26499111	0.07441372	-0.06958107	0.12083694	-0.00892264	0.10313168	0.07314396	-0.00296940	0.17322805	0.11146409	0.04580586	0.09351577	0.18836846	-0.04052645	0.05999623	0.04845247	0.11916550	0.25527356	-0.02643695	-0.00031902	-0.01520699	0.11695178	0.10676503	0.01990481	0.01121250	-0.01889377	0.10128390	0.03354577	-0.01540068	-0.05363445	-0.07512641	-0.02058994	0.03274889	-0.08377352	-0.04256863	0.03320566	0.00830429	0.14033863	0.10149999	-0.01963435	0.17244995	0.17457303	0.05183174	0.27504086	0.04694765	0.08551629	0.23083982	0.19266466	0.40499502	0.40649751	0.37802416	0.43741846	0.41606141	0.01189352	-0.01134137	0.02972199	0.07500681	-0.04100550	0.14739183	0.07553621	0.11828386	0.33110035	0.16429268	0.33983376	0.13229603	0.17306685	0.22635922	0.24303414	0.29794104	0.29843499	0.30070754	0.47212878	0.56405049	0.46831623	0.32405211	0.41448218	0.28082064	0.60641204	0.39573912	0.47353733	0.10719586	0.25176782	0.32985461	0.11129848	0.20404016	0.14527575	-0.01771278	0.15579259	-0.01916292	0.09141852	0.15253533	0.07256848	0.17326513	0.18946086	0.06593656	0.20281568	0.10212213	0.04553155	0.14554551	0.26483727	0.10134497	0.26968339	0.38918178	0.01437965	0.27613497	0.33901631	0.27850031	0.25006985	0.29556064	0.43249558	0.42327252	0.48133931	0.47949500	0.11677533	0.15300214	0.26338763	0.37504626	0.24404473	0.50560249	0.39260549	0.58149743	0.28464272	0.22978400	0.28490267	0.23805011	0.29752114	0.33033610	0.28381051	0.22977355	0.10477795	0.20143281	0.16852014	0.24992715	0.16130270	0.27375455	0.06894738	0.33953588	0.08002199	0.29577244	0.19527770	0.46245106	0.13432744	0.31924590	-0.00395293	0.34720140	-0.03167412	0.07795737	0.26753489	0.38874050	0.14992569	0.31831107	0.10186580	0.23268229	0.01488251	0.01560301	-0.09320319	-0.15991041	-0.09455612	0.06990257	-0.00134638	0.11099573	-0.00378706	-0.04758676	-0.00002508	-0.04549721	0.15899884	0.21361827	0.17489057	0.29931217	0.03372492	-0.07449199	0.04616400	0.03576229	0.08484221	0.17773245	0.18103312	0.04088889	-0.05881055	0.11924940	0.14525903	0.25931618	0.23515738	0.08923153	0.11478198	0.07506508	-0.00842452	-0.07607341	-0.00682263	0.10524980	0.18291220	0.08519676	0.14090992	0.33761079	0.11331099	0.17605762	0.32201849	0.13912450	0.20671573	0.10602371	-0.00407583	0.10764757	0.10132969	0.06919429	0.14468440	0.07582061	0.16306748	0.11146694	0.17418880	0.01326966	0.16509160	0.04844642	0.04963695	0.07688111	0.13745875	0.06457778	0.11716854	-0.05527208	0.08344842	0.01781179	-0.00319812	0.21482959	-0.09581900	0.00960513	0.09223731	0.04799682	0.01538993	0.18968731	-0.02507398	0.05489875	0.11172264	0.03326254	-0.06665021	0.10104106	-0.02318356	0.10538401	0.04738355	0.16964913	0.25696481	0.28438279	0.00738615	0.29796358	-0.12124122	0.01060186	-0.09295497	-0.21246746	0.04831096	0.00872517	0.01775222	0.09666201	-0.01235154	-0.05280931	0.00028751	-0.19178830	0.14179880	0.05953528	0.00109500	0.18087973	-0.09762744	0.09478130	-0.09041984	-0.14718389	-0.08102578	-0.04441651	0.05436845	0.13666755	0.06173465	0.08252754	0.07154676	-0.01001265	0.17142329	0.04518774	0.07862479	0.26434171	0.22423661	0.15194001	0.19185469	0.10133224	0.17221313	0.28857073	0.18055224	0.07351782	0.10485595	0.14791202	0.21520933	0.08951233	0.18812625	0.16700476	0.21760416	0.11277039	0.32868850	0.24532538	0.13057403	0.01651861	0.25466718	0.25668614	0.13973574	0.23860304	0.17677092	0.27415100	0.22926159	0.10952244	0.14561547	0.26593602	0.18145706	0.26838504
17Networks_LH_DorsAttnB_PostC_9	0.26677410	0.21684547	0.20610547	0.14682431	0.15928935	0.20902501	0.15287497	0.19848752	0.19756805	0.06366589	0.21937933	0.18960138	0.08045525	0.16923309	0.13291217	0.12937960	0.03350361	0.07520425	0.08571232	0.13066105	0.10237899	0.18081668	0.16955140	0.04124666	0.15728060	0.23638250	0.00428076	-0.13599174	0.00935907	0.05269327	0.09541545	0.18702292	0.12698841	0.09196191	0.02011683	0.05964722	0.04188653	0.54001400	0.25207411	0.15220216	0.12105926	0.15889405	0.16816035	0.18671059	0.22101534	0.13181283	-0.00371867	0.25054859	0.05144449	-0.03355137	0.08239051	0.17034123	0.14899150	0.17068082	0.17733299	-0.01759187	0.19299529	0.17891041	0.26613469	0.08781136	0.21235220	0.21271156	0.16261231	0.32064125	0.02508532	0.09497215	0.04017867	0.06104635	-0.11153675	-0.01848292	0.08179092	0.01709337	-0.05335810	0.05810486	0.04836106	0.02183171	-0.04221172	0.02925208	0.02275282	0.09814069	1.02162519	0.24107996	0.15141337	0.14524313	0.10461725	0.02741044	0.01252583	-0.09345935	0.06494874	0.05394102	0.05929239	0.01056342	0.13471153	0.21644652	0.16784429	0.13270196	0.14086793	0.16868073	0.21772825	0.17512194	0.01860307	0.16309221	0.11968942	-0.05097990	0.20320134	0.11111892	0.08117440	0.21233898	0.16662061	0.05874157	0.06950576	0.25286423	0.35962200	0.16374116	0.09941047	0.16726000	0.07049370	0.15785556	0.06716242	-0.09024120	0.26304020	0.04681002	-0.06067311	0.10118217	0.04034361	-0.07067661	-0.00280701	0.11768102	-0.00399529	0.08579938	0.17414832	0.21446826	0.05875255	0.19499921	0.24545750	0.10587336	0.11086123	0.00407302	0.03159079	0.19340298	0.28738516	0.20783007	0.32342192	-0.17452368	-0.12154018	-0.07902813	0.02984740	-0.06235360	0.26877373	0.26726607	0.10326566	0.25914143	0.20831361	0.24432253	0.09736351	0.16794113	0.14519005	0.20595946	-0.03484495	0.11964457	0.31713860	0.21559282	0.36086816	0.26592233	0.38713332	0.24023469	0.13983459	0.31063881	0.29086148	0.19149790	0.26577256	0.23693732	0.18078567	0.09790615	0.43054249	0.38389009	0.31885040	0.07238598	0.06166624	0.20867176	0.07313043	0.18269410	0.26098964	0.18547729	0.27356567	0.31171705	0.13181506	0.10028171	0.07873186	0.07489626	0.02505731	0.07511126	0.08852349	0.05488609	0.03238855	-0.03552642	0.13646685	0.08942972	0.09949686	0.14208750	0.20145748	0.03572136	0.26929250	0.08690702	0.10655213	0.07706862	0.18945821	0.17342461	0.14757347	0.14450152	0.13285643	0.12111450	0.09095989	0.09788311	0.22413816	0.11286881	0.09259958	0.09000952	0.15298448	0.08807665	0.06332890	0.04567839	0.14054455	0.09487802	0.19382437	0.23024586	0.04693721	0.16684916	0.11999370	0.10799069	0.17379734	0.15307749	0.17986995	0.20202875	0.04278520	0.25079621	0.09296361	0.25823646	0.24486946	-0.02303048	0.48803447	0.21557604	0.17628017	0.06686071	0.17465477	0.17489104	0.14212443	0.06145277	0.05151983	0.07417966	0.11754920	0.15368475	0.23213366	-0.10158047	-0.00213220	0.22953700	0.23950482	0.25892213	0.04375422	0.16073270	0.31368340	0.14413065	-0.09589415	0.08354750	0.14261721	-0.01903003	-0.01601676	0.10497463	0.06862476	0.01276511	0.12438173	0.11569825	0.18741857	0.07656712	0.00763718	0.04602243	-0.08036774	0.11446242	0.05988209	0.14754013	0.38834751	0.06658042	-0.04905784	0.04040258	0.06264435	0.14403161	-0.06078723	0.23347341	-0.00600084	-0.08033495	0.06229338	0.12939388	-0.05468268	0.07931476	0.01648407	0.21653053	0.13256139	0.08808049	0.24567993	0.00690640	0.07507979	0.18107948	-0.14029910	0.00052910	0.06090899	-0.03492539	0.13924928	0.04483334	-0.08589662	-0.12435833	0.13471707	-0.00533470	0.08333903	0.18103192	0.07446464	-0.10301077	0.26424863	0.21407276	0.06405561	0.17325118	-0.00771949	0.25650789	0.10933741	0.21495593	0.04869214	0.01113078	-0.01923087	0.05743427	-0.20153279	0.12902274	0.17865965	-0.14747180	0.03875795	0.07490126	0.06106135	0.22801249	0.09034387	-0.16530228	-0.09860863	-0.08308497	-0.16020738	-0.09410706	0.08298852	0.15422797	0.08851546	0.04979243	-0.03723143	0.00645761	0.24558074	0.17372830	-0.20786443	-0.23964197	0.03243378	0.02333603	-0.21230698	-0.10225548	-0.13046599	0.25386009	0.01216811	0.14545051	-0.01595169	0.00823793	0.09885102	0.01954766	-0.05692460	0.14675761	0.08049527	0.20453979	0.27775837	0.22165867	0.29676227	0.11261516	0.10352594	0.03955856	0.11447321	0.10088429	0.30488679	0.27448327	0.22803640	0.17847607	0.06255868	0.16067808	0.14863147	0.01439079	0.19733428	0.03515152	-0.01424716	0.00275717	-0.00190898	0.07417752	0.01847731	0.16974758	0.11018183	0.06337466	0.05291962	-0.07331049	0.01652797	0.12409324	-0.02168579	-0.20755742	0.19623665	0.04739989	0.09972135	0.10042330	0.16251273	-0.05448343	-0.04359679	0.27422073	-0.00113689	-0.17092014	0.14776276	0.10005407	0.04385615	0.15659690	-0.01461911	0.05616211	0.10910152	0.06408796	0.13981880	0.00709398	0.22932216	-0.03366421	-0.02375361	0.12330361	0.04792957	-0.03869454	0.08656036	0.08462268	0.05935449	0.11676178	0.06218487	-0.06043571	0.09650164	0.10642681	0.19047691	0.13770724	0.00008427	0.19556725	0.24253301	0.05873194	0.20570520	0.08483542	0.21327073	0.12939589	0.09008606	0.14275304	0.05581269	0.10557249	0.08334774	0.18354251	0.03842933	0.16571878	0.19086127	0.12637649	0.09358733	0.13117403	0.11325766	0.23789828	0.35597824	0.29121282	0.31851580	0.31191670	0.30459210	0.25578192
17Networks_LH_DorsAttnB_FEF_1	0.26956257	0.30105902	0.20971255	0.29125755	0.18793961	0.23715737	0.31842495	0.23684785	0.30304420	0.08368258	0.17286907	0.09136361	0.19172875	0.20297067	0.30221494	0.14068523	0.04815905	0.23368832	0.21308111	0.20973640	0.21141908	0.11565262	0.26214441	0.36965184	0.37731159	0.31740652	0.29243101	0.11471942	0.38319128	0.22900149	0.20447170	0.36616099	0.34508216	0.33358753	0.20078923	0.34941470	0.17997090	0.31532410	0.52103066	0.34461517	0.36224133	0.11408637	0.28839593	0.05708575	0.17306358	0.27409004	0.09802960	0.25251040	0.07320798	0.15531045	0.07576403	0.16109953	0.31532427	0.23810726	0.09913056	-0.07227941	0.21451294	0.31223632	0.35372066	0.13178960	0.15818925	0.24852731	0.20779215	0.08672331	0.05925607	0.10880951	0.28460470	0.15215026	0.23982120	0.27774593	0.23743687	0.33614524	0.09647188	0.27425626	0.24902929	0.31865556	0.18488327	0.13356624	0.13761203	0.15977657	0.24107996	1.28122647	0.58365581	0.53362552	0.60558651	0.27375668	0.44900624	-0.02165116	0.08417652	-0.01122269	0.14419401	0.02585595	0.20965226	0.45111041	0.37021698	0.09756285	0.23760649	0.48930473	0.69398937	0.34930177	0.13973269	0.14564349	0.12488452	0.13977883	0.37683188	0.22769638	0.07993750	0.64237464	0.20435224	0.02662023	0.16403055	0.31741823	0.47034448	0.06653510	0.07653660	0.10655623	0.17227172	0.17666160	-0.03735211	-0.01118890	0.07465958	0.36477260	0.15576623	0.51099710	0.18714035	0.15946625	0.41970398	0.21715435	-0.14589171	0.23706552	0.64226789	0.60203045	0.25539317	0.27702526	0.20612374	0.53078199	0.44978794	0.13208970	0.48552155	0.52026862	0.40449883	0.39636943	0.64454891	0.20623827	0.24371342	0.23238814	0.17492581	0.26459748	0.54300351	0.52590714	0.33877174	0.45062786	0.48793882	0.18961930	0.26905718	0.30915750	0.35251430	0.43428190	0.43742786	0.47222716	0.38142563	0.37294980	0.38578186	0.31790481	0.50538316	0.45721736	0.15092086	0.34036053	0.40717185	0.17701247	0.60443671	0.45229131	0.15943480	0.50331657	0.48773380	0.24500929	0.38242376	0.04738108	0.30626854	0.71200439	0.21661687	0.72645145	0.30876068	0.17168232	0.52097901	0.44169783	0.53329644	0.33286172	0.19687987	0.17735573	0.29298244	0.13629844	0.12682902	0.18312935	0.10723621	0.10429102	0.50489209	0.19763658	0.05491246	0.17335178	0.25390427	0.34127123	0.50374537	0.16690667	0.26179724	0.35075520	0.39857028	0.40381030	0.35618609	0.22556133	0.17666177	0.24330883	0.20957728	0.10580106	0.20059141	0.23519376	-0.01371178	0.17220972	0.14780741	0.25874203	0.15426886	0.30369482	0.32042040	0.28627345	0.28489899	0.42581466	0.20944044	0.37787740	0.43263217	0.22831465	0.11994378	0.42795160	0.26956538	0.28334936	0.41559637	0.31511897	0.08533010	0.29794803	0.19325153	0.04581245	0.36004956	0.12890009	0.27277363	-0.05509185	0.15395893	0.14010133	0.14457264	0.12590396	0.20396755	0.04547410	0.25077295	0.19732628	0.22629803	0.21172689	0.23327590	0.28430121	0.18964734	0.25317255	0.34800474	0.18765762	0.18512992	0.32270514	0.03518537	0.33191595	0.32198422	0.13245898	0.27202790	0.08842835	0.27864222	0.27083859	0.22858334	0.33732585	0.22770948	0.24621524	0.35803958	0.39476041	0.23969294	0.32157455	0.16283681	0.22453077	0.25118937	0.42872572	0.23837499	0.20002209	0.21467673	0.26726459	0.18715668	0.44356317	-0.13095572	-0.05589766	0.07866169	0.19737877	0.06760925	0.32077883	0.16810341	0.49896441	0.36042600	0.20117038	0.22198542	0.15177285	0.00706079	0.26752461	0.21573363	0.12070026	0.00904796	0.05260802	0.24796980	0.24775432	0.12838294	0.05790645	0.27645858	0.38474940	0.00809617	-0.08084565	0.15264339	-0.12832790	0.13826148	0.27948950	-0.02096869	0.18658821	-0.06193289	0.17143552	0.03082943	0.09432035	0.18882190	0.24081774	0.12385894	0.31773266	0.09304023	0.33569872	0.23490945	0.31439167	0.21414001	0.35362237	0.11576380	0.21068346	0.19995504	0.01909708	0.24132165	0.05333160	0.14445318	0.06721971	0.19524320	0.38156635	0.17296130	0.01456574	0.00465274	0.04427761	0.33706039	0.31198766	0.26327185	0.21900216	0.22110976	0.32205353	0.18108221	0.07637700	0.16713960	0.32468259	0.21792510	0.38973424	0.07661219	0.06428299	-0.00129315	0.19245806	0.07928878	0.26976750	0.27606134	0.24370252	0.18462541	0.20310288	0.22835521	0.21084362	0.07005086	0.19603850	0.13429165	0.19962738	0.30391518	0.21465026	0.35476495	0.04889329	0.20409410	-0.06126571	0.17513075	0.18071423	0.26492772	0.26736603	0.34217678	0.19691352	0.10775111	0.23411355	-0.01107184	0.19592345	0.08750867	0.30758317	0.22105285	-0.07444180	0.09538246	0.21345643	0.19470638	0.02727032	0.12295790	0.15749173	0.13600397	0.05584816	0.32893051	0.08606548	0.30282433	0.33809297	0.02698943	-0.10822637	0.30069190	-0.14725977	0.33882134	0.35964377	0.04534585	0.35937126	0.13273398	0.17721076	0.10985450	0.02365010	0.14429234	0.15810915	0.25987151	0.14129895	0.00842563	-0.00363460	0.05033627	0.16907240	0.27335025	0.31576384	0.14533907	0.27143163	0.27109291	0.16935591	0.26643140	0.14168520	-0.05225836	0.26216334	0.18488498	0.04545738	0.27339043	0.11586510	0.20584129	0.21042525	0.10101442	0.13707302	0.05088076	-0.03219129	0.32255819	0.23925664	0.16663972	0.17416331	0.25498281	0.21583213	0.11268707	0.31664205	0.37889003	0.40175233	0.53377644	0.43366282	0.39389791	0.40613196	0.39156678	0.32342477
17Networks_LH_DorsAttnB_FEF_2	0.26879601	0.24317046	0.19213155	0.29899564	0.07263794	0.14676301	0.31688833	0.08487543	0.31513740	-0.00228090	0.13175703	0.01967682	-0.04145391	0.04130853	0.28752824	0.05802963	-0.01191866	0.18520025	0.13605997	-0.03326338	0.06200248	-0.03397668	0.18250408	0.08976469	0.18801477	0.30086781	0.14363394	0.03081674	0.30300601	0.06548078	0.06700855	0.22370042	0.30807610	0.28963653	0.22777975	0.39372792	0.10457693	0.27779572	0.42150008	0.32367841	0.30933372	0.13143943	0.24019693	-0.01564178	-0.00910773	0.12761837	-0.08114274	0.07885458	-0.00208970	-0.10550453	0.03272330	0.10542130	0.05928642	0.05236278	0.19619193	0.00990480	0.25997764	0.09925082	0.33662420	0.25055337	-0.01157737	0.36196528	0.11465383	0.16139112	0.13018555	0.00620399	0.37012650	0.10299699	0.35738108	0.42245764	0.29606506	0.33738756	-0.01875884	0.22862810	0.28208361	0.22037074	0.16417681	0.15687851	0.07423750	0.18673728	0.15141337	0.58365581	1.09192903	0.59428169	0.46104483	-0.01950116	0.02182514	-0.00361123	-0.17064387	-0.18691868	-0.01222935	-0.11701104	0.01398480	0.13969212	0.17180095	0.11031814	0.20214065	0.26614434	0.46113689	0.27509160	0.11307034	0.14857560	0.26907406	-0.00226286	0.13805047	0.04272847	0.12676120	0.48565966	0.23926974	-0.03511309	0.10986774	0.19038978	0.44216020	0.04181418	0.04530383	0.02518316	0.09838511	0.03235869	-0.06448925	-0.21488336	0.10237775	0.45398414	0.20054527	0.49023655	0.25689299	0.24531606	0.36762579	0.13442066	-0.04415779	0.07869161	0.51939875	0.38855866	0.09448117	0.31818357	0.15485766	0.45607536	0.37684233	0.28406976	0.55623073	0.41093119	0.37481564	0.28787389	0.36188058	0.23479669	0.19080486	0.40038562	0.20938610	0.13240296	0.35126678	0.48506476	0.45057192	0.31791308	0.43338914	0.25983305	0.21489755	0.39698582	0.30994478	0.34234953	0.47929622	0.44984779	0.29054487	0.20790157	0.19871566	0.05033480	0.51063543	0.16439774	0.04451600	0.21320791	0.34285407	0.11825283	0.45071135	0.21971008	0.30554575	0.31040576	0.33658398	0.31235316	0.32041141	-0.12269133	0.20597172	0.24303753	0.21251919	0.66987007	0.00974782	0.03173373	0.21592913	0.16320984	0.29365874	0.31611563	0.04785367	0.14827378	0.14053721	0.03702508	-0.06067348	-0.02149926	-0.15051303	-0.09465087	0.13771830	0.09944898	0.15707101	0.04204546	0.27735738	0.30806014	0.44438792	0.17906051	0.12827027	0.41253523	0.35554145	0.28825876	0.35569257	0.13724366	0.13857149	0.14088509	0.05312989	-0.04233002	0.24969272	0.15377626	-0.02685421	0.12547901	0.00237968	0.00070442	0.08513537	0.04549659	0.07681631	0.19562572	0.32543312	0.28650414	0.16582012	0.18030251	0.35734415	0.10065887	0.14370022	0.44557933	0.27778705	0.15315599	0.38029754	0.15096527	0.04743063	0.26979536	0.16809352	0.09476188	0.24781447	0.06244642	0.34993783	-0.01596934	0.02243786	-0.03599972	0.06708267	-0.04079167	0.06458310	-0.04144786	-0.01469760	0.00858829	0.10175992	-0.12896819	-0.05931265	0.17423021	0.28983637	0.27111994	0.17517392	0.30404663	0.35356455	0.30265955	0.18455423	0.35460896	0.24924511	0.19670126	0.22931560	0.17832082	0.20112437	0.32246011	0.11604497	0.22330888	0.38513684	0.15594952	0.17975960	0.43841915	0.15496431	0.33394842	0.11246168	0.08065627	0.13674582	0.53672962	0.47793706	0.11403126	-0.07606445	-0.03607140	-0.04394440	0.24618097	-0.13231704	-0.04870285	-0.03517133	-0.00959250	-0.16559185	0.15876701	0.02950095	0.26078344	0.03192137	0.19903900	0.12011352	0.17023473	-0.11020146	0.21467964	-0.02446770	0.02098974	0.06857698	0.12350032	0.05052710	0.15636828	0.11697633	-0.06822468	0.08503858	0.19299394	0.02406546	-0.16378696	0.09000601	-0.13156198	-0.02569233	0.30656587	0.03499830	0.06920089	-0.08366562	0.03668696	-0.02040591	0.06615263	0.30979282	0.36558414	0.30369855	0.42159323	0.23815227	0.26690183	0.08961661	0.24389141	0.12030002	0.32165353	0.13947639	0.21825609	0.19551350	-0.02383314	0.22281860	0.10328643	0.25133424	0.12735419	0.07604917	0.46920650	0.13600586	0.07212803	-0.04008725	0.04170943	0.16909721	0.03269468	0.18625714	0.13833705	0.31438134	0.26075084	0.29210650	0.16003445	0.11491690	0.14094948	0.12354807	0.37413767	0.13844742	0.04097790	0.12533448	0.25813829	0.24697832	0.27425784	0.25073033	0.12386959	0.07400003	0.00062536	0.09524189	-0.02133806	-0.08245031	0.13024839	0.11002723	-0.03404155	0.12694901	0.32795047	0.20249456	-0.02480029	0.09252283	-0.12883464	0.03483931	0.09150950	0.23486929	0.37274978	0.12800314	0.19574766	0.00943843	0.20043821	-0.12955455	0.09975348	0.05045183	0.02295476	0.07009702	-0.01380865	-0.09538430	-0.05561701	0.05812400	-0.10449631	-0.07950569	-0.00176475	0.02483415	-0.11484004	0.30245421	-0.03092263	0.16198459	0.32816218	-0.00540539	-0.04494041	0.15601514	-0.15718329	0.15674579	0.14957886	-0.01595662	0.26215716	0.01249332	0.21032774	0.01474553	-0.09713446	0.15643100	0.06884579	0.16358194	0.12968901	0.03389716	-0.12391976	-0.01609232	0.12589134	0.08464682	0.07882978	-0.02404838	0.23063907	0.26153923	0.13720167	0.22558461	0.11069899	-0.10104929	0.18468038	0.19213103	0.00637346	0.28295760	0.14973706	0.14206475	0.19262310	0.15987764	0.09411067	0.09372174	0.04627827	0.38046792	0.24147454	0.11427300	0.12318708	0.28895497	0.16550525	0.12095897	0.25268754	0.34738739	0.30870277	0.47202357	0.45574659	0.37479923	0.40118691	0.36680572	0.30721883
17Networks_LH_DorsAttnB_FEF_3	0.13301616	0.21035282	0.08887877	0.20909303	0.11220598	0.16786246	0.27701351	0.11748685	0.36502679	-0.02684867	0.23696005	0.06946196	0.10986229	0.06222213	0.23845553	0.13996062	-0.06826588	0.24629097	0.08236968	0.15134624	0.06790830	0.06208685	0.19823197	0.12704838	0.27415951	0.24884370	0.13268814	0.02197978	0.29504104	0.17852331	0.15189864	0.34052527	0.21168301	0.23777023	0.20640288	0.36159239	0.13353925	0.25954151	0.35869456	0.30780189	0.33654398	0.17742820	0.21827991	0.09254767	0.12661329	0.23642329	-0.02861698	0.16760432	0.04911959	0.04989022	0.14756132	0.18324887	0.14902064	0.05817627	0.20431270	-0.01909930	0.20079810	0.16995945	0.27568914	0.13692903	0.08299396	0.20071736	0.08285508	0.04678430	0.10496867	0.03748250	0.22343265	0.07712056	0.28571625	0.22314847	0.23418728	0.30810641	-0.08549203	0.16596041	0.12386259	0.14278534	0.14505684	0.25519536	0.14341655	0.23821174	0.14524313	0.53362552	0.59428169	1.10005373	0.45729443	0.09349595	0.19838255	0.05622995	0.01503289	0.05794731	0.12048078	0.01980331	0.15601257	0.31730722	0.21504200	0.25972448	0.25975397	0.31410638	0.58060254	0.28826150	0.12146329	0.23503894	0.19548655	0.07920538	0.30640126	0.07216957	0.01955485	0.44575329	0.11086232	-0.00529063	0.07716808	0.08728570	0.35996477	0.07814714	0.03477894	-0.03550777	0.10335539	0.00610119	-0.08792349	-0.10297604	0.02410437	0.26083237	0.08269844	0.25910099	0.07840756	0.09400961	0.23909608	0.05368499	-0.14181047	0.04404630	0.37669674	0.34496608	0.18221294	0.05412772	0.10241666	0.28670762	0.23701865	0.06307858	0.22210057	0.25462335	0.20056116	0.18439082	0.39487158	0.20598235	0.18008966	0.31788159	0.17460640	0.18229749	0.27686061	0.31900645	0.36768237	0.17673037	0.22906047	0.20517900	0.20458641	0.25164156	0.24546804	0.30038464	0.32797400	0.39570139	0.30689753	0.29553426	0.30247931	0.24859877	0.29270146	0.28998411	0.10021197	0.25719633	0.20053863	0.21160995	0.31363813	0.20390790	0.13497562	0.26604967	0.37120798	0.23658744	0.29602823	-0.16132435	0.03946110	0.31835513	0.09494539	0.37634563	0.16961646	0.05156525	0.24896220	0.29330648	0.28824956	0.20774772	0.10916512	0.16727400	0.16513455	0.09050907	0.01073993	0.09760347	-0.03523647	0.04345768	0.26194521	0.18243116	0.04873198	0.18691160	0.14645237	0.26004632	0.34345695	0.07754005	0.14569492	0.36746370	0.29972309	0.34183004	0.32765821	0.13723789	0.16520306	0.14497437	0.12275561	-0.02844655	0.18169425	0.10482835	-0.00498189	0.10958643	0.08900590	0.06153466	0.08516802	0.05449682	0.13780539	0.20525429	0.23703320	0.38184722	0.10111894	0.30158688	0.29385557	0.15902853	0.19937421	0.40131058	0.26014123	0.23067177	0.40718191	0.24492384	0.08177451	0.26815562	0.23538922	0.07261211	0.21265351	0.11744820	0.32066792	0.08740398	0.17400336	0.16140154	0.07830003	0.09894304	0.21932827	0.05807149	0.12122093	0.12343231	0.16625699	0.04917472	0.08235118	0.21929050	0.22771136	0.28612528	0.21469703	0.09847359	0.22099651	0.19694182	0.00968353	0.29765212	0.19720385	0.06477727	0.24720845	0.07603648	0.19388063	0.29264045	0.24252588	0.23593329	0.15576243	0.17392178	0.25617791	0.26487707	0.21962309	0.32822550	0.18690224	0.22778266	0.28126300	0.36496721	0.38771512	0.21579600	0.14354990	0.20081239	0.17706216	0.28942850	0.04003638	0.13908888	0.14868642	0.14429006	-0.08597382	0.27011967	0.09280258	0.36907159	0.13788057	0.12920614	0.27845046	0.24908359	-0.01500663	0.26100218	0.07739579	0.18816038	-0.01017237	0.00555109	0.15080076	0.26764156	0.13944597	0.10269070	0.19991245	0.25958711	-0.02667253	-0.12618324	0.04430545	-0.20712774	0.02549762	0.23638121	-0.08791639	0.09856374	-0.05761642	-0.00566901	-0.04746780	-0.03847835	0.11766995	0.23859291	0.08674401	0.22953681	0.09767741	0.08261932	0.13484440	0.18851353	0.10251279	0.23179174	0.10039132	0.04220012	0.07933305	-0.00110200	0.08754542	0.13318251	0.08980443	0.05291391	0.11101554	0.27076744	-0.04464164	0.05652957	-0.04920250	-0.01564288	0.14645823	0.19827976	0.11327613	0.12938390	0.19004322	0.33313871	0.14436051	0.07749114	0.14540757	0.13178675	0.04893172	0.19103085	0.10220799	-0.02901744	0.14345834	0.21140851	0.19701991	0.24683492	0.24561919	0.15797537	0.14736583	0.11758844	0.19777453	0.00673242	0.04140525	0.10884955	0.08414309	0.03682953	0.22585084	0.19251071	0.16516849	-0.10843120	0.04403367	-0.12127843	0.10749582	0.12729585	0.08793781	0.21955142	0.19602767	0.20666476	0.07543131	0.09792852	-0.14877797	0.21578775	0.11332416	0.25251271	0.26149818	-0.05443587	0.05768591	0.13232654	0.08880870	-0.02213899	-0.07623476	0.05012178	-0.05763366	-0.10816352	0.22351329	0.01467711	0.29785010	0.30373078	0.02338006	-0.01024870	0.18388716	-0.18318387	0.24909198	0.19270968	-0.03346062	0.26233089	-0.06920324	0.14851217	-0.13347556	-0.16588239	0.00113503	0.14825452	0.22729421	0.13247504	0.00110472	-0.09676675	-0.00504844	0.05245948	0.19747157	0.10801319	0.05883305	0.27076580	0.24964114	0.16529096	0.29505714	0.13211377	-0.03009591	0.26625464	0.24120019	0.08230853	0.20867139	0.10222716	0.18592092	0.16652433	0.06809115	0.05536520	0.00205987	-0.01751153	0.30298071	0.23702623	0.09444564	0.05153856	0.21829100	0.16935375	0.10849542	0.31360720	0.29215542	0.20885245	0.40007214	0.31594144	0.31868592	0.31028851	0.24496685	0.25331668
17Networks_LH_DorsAttnB_PrCv_1	0.21217465	0.22437473	0.10735449	0.19214302	0.15350775	0.29049124	0.31282598	0.34313536	0.39385488	0.12792331	0.21973004	0.03080880	0.20427000	0.14312749	0.19341323	0.17650536	-0.01738540	0.20701300	0.17286729	0.24107114	0.11919006	0.13023279	0.31197411	0.27814734	0.40253999	0.29014113	0.36981179	0.28600581	0.42725590	0.32951327	0.24974206	0.41126003	0.43758794	0.42623731	0.30192004	0.52798091	0.25857959	0.14214512	0.43173504	0.52714801	0.43572560	0.07214537	0.37410199	0.03015742	0.24846724	0.25957290	0.21311392	0.29884969	-0.03884281	0.17198216	0.20016577	0.27701790	0.37363631	0.32815509	0.13608642	0.08824774	0.17930331	0.21458217	0.36658988	0.15956321	0.16292457	0.20180718	0.17208661	0.12962910	0.16279615	0.04748253	0.22208960	-0.01598714	0.31756710	0.34378074	0.31427959	0.43928253	0.28833775	0.42765907	0.37244997	0.36010105	0.33685459	0.23674592	0.20021603	0.16730321	0.10461725	0.60558651	0.46104483	0.45729443	1.04995555	0.36129763	0.31554804	0.27532105	0.12799885	0.08451876	0.32733885	0.20790680	0.30146945	0.39545473	0.39503310	0.20581757	0.28284862	0.53170710	0.61956970	0.33108972	0.27471018	0.20924689	0.17101448	0.18997521	0.41748657	0.12328468	0.10602773	0.48553288	0.17485062	-0.07324133	0.11551240	0.20777176	0.37536102	-0.01629355	0.05334903	0.02607767	0.12000794	0.11281271	-0.00924198	0.06348765	0.08172991	0.11475910	0.33394384	0.24670285	0.29349238	0.18101477	0.48145499	0.26967785	0.07684397	0.39519647	0.42444465	0.42723544	0.36186523	0.15290467	0.08479569	0.30777380	0.33596901	0.15663063	0.29640146	0.36959492	0.22623456	0.22044026	0.47335118	0.12612200	0.21680353	0.03859101	0.17501462	0.20629355	0.19969681	0.18177801	0.27600020	0.26879067	0.24004274	-0.05885916	-0.01605867	0.11231200	0.25376707	0.37572747	0.16340199	0.23811544	0.25687577	0.31902407	0.26228652	0.26148843	0.25781054	0.28410928	0.08754564	0.14959814	0.23391635	0.05876823	0.31114142	0.17497271	0.13493746	0.19390336	0.30646612	0.08846161	0.27524049	-0.00655911	0.09214227	0.39469877	0.11304182	0.44901220	0.15541508	0.12627174	0.26903002	0.22891535	0.37872437	0.11246448	0.20981537	0.04502056	0.06210000	0.09415594	0.06624642	0.17535425	0.17152126	0.16289044	0.21377326	0.32097499	0.13332396	0.23452616	0.22438470	0.23643157	0.33082430	0.14367402	0.08430143	0.26574053	0.24907236	0.40430849	0.28412888	0.25166167	0.16367869	0.18706373	0.22781552	0.05613248	0.18189276	0.10884146	0.00841683	-0.00747543	0.13919518	0.25835800	0.13166229	0.10128742	0.24292353	0.34613881	0.37322606	0.53295298	0.19623423	0.40474079	0.37921930	0.26994656	0.20390307	0.43578276	0.30890831	0.21854244	0.49173836	0.29334697	0.10433894	0.34340460	0.30535008	0.13911859	0.27957091	0.18203593	0.24033868	0.05284514	0.23022446	0.19657540	0.11921088	0.11266873	0.23234052	0.04145918	0.25453175	0.17144289	0.23311173	0.25068198	0.29494611	0.23725243	0.17793379	0.26959482	0.36854445	0.13154127	0.06882511	0.32150023	0.03593665	0.14932270	0.27003958	0.04916508	0.22142812	0.12008433	0.23931693	0.31476342	0.27399607	0.31101018	0.26789321	0.26974874	0.38916598	0.37202628	0.22373791	0.33615808	0.19032880	0.28765051	0.16516690	0.51606941	0.43223003	0.33525460	0.29501081	0.29436946	0.30161014	0.48509765	0.00635373	0.06526830	0.17825373	0.16613724	0.10004785	0.38383657	0.38912435	0.54452081	0.24830413	0.12778612	0.23864056	0.24545806	0.06980734	0.32865588	0.26272086	0.20936251	0.18735468	0.14721473	0.25452548	0.20030307	0.15950330	0.27736727	0.29420028	0.54268234	0.06507360	-0.08669994	0.09834385	-0.06012496	0.07441992	0.21157982	-0.00058273	0.12214310	0.07221018	0.06621169	0.02987123	0.03546129	0.11364486	0.27897986	0.20747345	0.26304433	0.13325733	0.28694746	0.36491127	0.36837414	0.40470342	0.40031493	0.22037974	0.13966983	0.13229911	0.07568263	0.23208613	0.26675259	0.13232768	0.19850638	0.22930584	0.30013101	0.08803258	0.10644728	0.05102152	0.21880613	0.25160502	0.33906475	0.15397897	0.25026238	0.01224571	0.30979003	0.13974338	-0.02433112	0.13087638	0.13988847	0.05356614	0.17629174	0.11991461	-0.01961756	-0.08572916	0.02314091	0.05210840	0.31240923	0.08676638	0.12843900	0.15070253	0.16018846	0.16680270	0.15041180	0.11987702	0.17936325	0.12662552	0.10962778	0.20310604	0.20990503	0.35397210	-0.02208370	0.20061421	-0.07492620	0.21868617	0.33913000	0.02198856	0.09080723	0.22552583	0.07121146	0.01944865	0.14564034	-0.05004391	0.10288004	0.06193328	0.28619156	0.19853871	0.07604099	0.24087227	0.25842462	0.12000462	0.17478933	0.01517934	0.06895824	0.04913895	0.02720147	0.24346205	0.04524330	0.32806474	0.21089448	0.12221384	-0.00293604	0.25523934	-0.01309699	0.36189432	0.32553553	0.12774673	0.39581688	0.04043774	0.13276576	0.02077008	0.07871811	0.11117077	0.16540978	0.25116455	0.15264887	0.01318908	-0.12901769	0.04884495	0.15616266	0.33661075	0.18336365	0.16552301	0.28963307	0.26511609	0.18822501	0.26192111	-0.01256868	-0.03869403	0.19790105	0.14490499	0.07190794	0.25779554	0.06002068	0.14926792	0.21242384	0.10780808	0.11190130	0.05285626	0.08929043	0.29870592	0.18967332	0.20237776	0.07302025	0.19228678	0.23133184	0.01945673	0.21180512	0.23450226	0.21605390	0.28731598	0.21705994	0.18600804	0.20754612	0.22421925	0.14484587
17Networks_LH_SalVentAttnA_ParOper_1	0.23825451	0.27251289	0.09569379	0.22665995	0.29290921	0.34976541	0.24903203	0.27776337	0.23991815	0.19363170	0.14720511	0.14200590	0.50190743	0.36061116	0.23214966	0.29645047	0.14788346	0.19598805	0.11649651	0.25031405	0.13160355	0.23991091	0.11063281	0.36372787	0.38734650	0.17158216	0.24521107	0.10392293	0.40065456	0.40224883	0.31632617	0.32567925	0.26487316	0.24418611	0.16712533	0.31379902	0.14450718	-0.02106533	0.22478754	0.48918758	0.37189531	0.10205994	0.20326763	0.04319414	0.56068886	0.37428012	0.43387098	0.52995572	0.11426280	0.52539182	0.34638318	0.44851062	0.69645285	0.56851888	0.00559447	-0.04811961	0.07629872	0.01454873	0.20475089	0.17442160	0.39666152	0.17337622	0.28489044	0.17568023	-0.07043713	0.02574440	-0.10054184	0.08237658	0.07217981	0.00789599	0.12843484	0.10048494	0.35514067	0.27271066	0.20771264	0.32121860	0.15940505	0.18419939	0.26442766	0.12961479	0.02741044	0.27375668	-0.01950116	0.09349595	0.36129763	1.07320583	0.54218689	0.47986086	0.45942960	0.47746453	0.32360627	0.37307558	0.51079453	0.26305994	0.47739518	0.34730136	0.25361868	0.63560703	0.36858523	0.20417124	0.29835516	0.26325149	-0.02660547	0.21459522	0.37447241	-0.07161650	0.02580633	0.27174436	0.06130905	0.03984563	0.04350974	0.18641311	0.10540464	-0.03782563	0.03697248	0.08278497	-0.02829013	0.11911905	0.05449293	0.26725368	-0.01192407	-0.20904320	0.25570879	-0.07900197	0.02940455	0.06187122	0.26874659	0.15071930	0.07692746	0.22352278	0.07817027	0.18644672	0.38650099	0.05317784	0.09876359	0.06704566	0.06905013	-0.15259390	-0.09166385	0.11877998	0.10760627	0.18575572	0.39365906	-0.01089925	0.08712395	-0.05934514	0.03186156	0.09500008	0.10439708	0.02872088	0.02844729	0.13402100	-0.07982533	-0.09794107	-0.07624316	-0.10531524	0.07781457	0.33624631	-0.05260350	0.13560370	0.12372653	0.20828761	0.31506683	0.37019922	0.11454871	0.33257259	0.10358850	0.06967271	0.19011268	0.04335649	0.04778604	0.11686499	0.23735905	0.16271573	0.23939891	-0.00622825	0.24122862	0.04788396	-0.03688585	0.31509390	-0.02145464	0.06713157	0.45505739	0.09177363	0.29633685	0.23111961	0.19430820	0.01400509	0.29258633	0.09341758	0.10644296	0.23494879	0.29270725	0.31345186	0.32133121	0.39363572	0.24074475	0.32154483	0.12711716	0.53732006	0.20162589	0.04807153	0.22418728	0.07686767	0.13934047	-0.07054396	0.23198826	0.27683153	0.13484582	0.27798050	0.18074212	0.14540230	0.28635106	0.16380067	0.23703163	0.18550753	0.18455838	-0.07417878	0.19097772	0.27796516	0.12480483	0.14224157	0.15432817	0.23173750	0.12433674	0.38050814	0.08764422	0.38391049	0.20262496	0.18211438	0.20640839	0.21806324	0.10487211	0.18692919	0.28900913	0.20153520	0.03280222	0.27810362	0.29724467	0.08597288	0.15956135	0.18707668	0.14454932	0.27862960	0.32327088	0.28248640	0.13365660	0.24697606	0.48696025	0.08850002	0.55535844	0.23354671	0.36982343	0.35550099	0.50107435	0.04534152	0.05808804	0.11937561	0.44899035	0.03616029	-0.10310079	0.20824451	-0.03462357	0.00288899	0.11199466	0.00011508	0.25899293	-0.00592977	0.10278973	0.16800257	0.27307128	0.18898444	0.01838575	0.10567938	0.28796903	0.10906792	0.24857145	0.15422330	0.26311813	0.34766044	0.27244841	0.26518121	0.18576403	0.33151134	0.61132388	0.40191078	0.38516414	0.37348337	0.13836015	0.14286385	0.37721497	0.23777579	0.27406004	0.41799067	0.33839923	0.56618418	0.27223789	0.22516249	0.20188363	0.36787590	0.27247518	0.41134374	0.33892176	0.41453291	0.11826778	0.04189734	0.35466820	0.21467093	0.04643555	0.34673286	0.26175535	0.39540704	0.17207486	0.09115550	0.02389077	-0.04992953	0.20248790	-0.03964388	-0.04972403	0.11421748	0.03516718	0.10006864	0.01573129	0.11279283	-0.09945084	0.04601258	0.00783231	0.04133969	-0.11701253	0.09203635	0.14944967	0.15894847	0.23145114	0.09456337	0.16667505	0.13312448	0.13735511	0.10603435	0.11742714	0.37045141	0.03653303	0.02151143	0.15610928	0.03676862	-0.07490189	-0.04189162	0.02390182	0.25475341	0.25528475	0.37504476	0.04601876	0.22330044	-0.10734530	0.13772485	-0.03415799	-0.01905532	0.03167475	0.12721062	0.06443456	0.02928491	0.04459121	-0.06445078	-0.19715370	-0.10120638	-0.11360428	0.22737033	-0.01401467	0.07438288	0.07592826	0.20073881	0.23852970	0.28401010	0.27694564	0.11761811	0.15167169	0.04847632	0.24459092	-0.01074475	0.34572435	0.03900966	0.21886117	0.10815496	0.35494498	0.26966262	-0.03247762	-0.12851483	0.26312612	-0.00506402	0.06179137	0.23216384	0.06046338	0.08283343	0.09554097	0.39221939	0.06927287	0.09819724	0.44851739	0.47338603	0.13054483	0.38849279	0.15732334	0.20893441	0.14543940	0.09765884	0.34910235	0.13891802	0.22635737	0.20866555	0.00714308	-0.10466993	0.09722198	0.01073125	0.21823967	0.31352751	0.07322854	0.29594716	0.07587573	0.10279748	0.11670984	0.23459251	0.16995953	0.09498010	0.14585116	0.12564502	-0.05079914	-0.05333026	0.08683907	0.09415332	0.17450788	0.05097887	0.17609821	0.14468816	0.21801336	0.18723292	0.26675283	0.08314391	0.13054195	0.21951752	0.22039029	0.12095079	0.20935295	0.07050442	0.20633558	0.17743748	0.15768407	0.17080321	0.11667037	-0.03223373	0.23867712	0.14763759	0.22793056	0.18918850	0.09016536	0.27512978	0.11282825	0.24622247	0.14558234	0.13577108	0.17830873	0.07158510	0.14942562	0.20749318	0.21955595	0.07771808
17Networks_LH_SalVentAttnA_ParOper_2	0.21672349	0.10112767	0.18323788	0.20053316	0.33851213	0.23846223	0.27762314	0.20280012	0.14440223	0.27366222	0.04330421	0.00300260	0.31601537	0.29593397	0.16923509	0.13142705	0.13740853	0.24287725	0.14355988	0.21782867	0.20212533	0.22140770	0.07516996	0.43063989	0.24651021	0.10059813	0.19501685	0.06603799	0.20408650	0.21628802	0.10588558	0.18605777	0.10120975	0.08043604	0.00382764	0.17749901	-0.05299823	-0.02114841	0.10992106	0.26503129	0.09391176	0.03554917	0.02506517	0.08104238	0.30009218	0.31227437	0.30158285	0.42539763	0.01582918	0.44827547	0.21702555	0.26713486	0.41190292	0.35890265	-0.05348844	-0.00677382	0.04268798	0.06644760	0.15710164	0.08422945	0.25890790	0.10074960	0.15064753	0.10155620	0.07089112	0.11834507	-0.07157453	0.10420399	0.19342059	0.08069315	0.10554952	0.12314679	0.22752055	0.15955476	0.13759997	0.18405499	0.08959653	-0.02519306	0.27656428	0.08609274	0.01252583	0.44900624	0.02182514	0.19838255	0.31554804	0.54218689	1.07926063	0.44504746	0.37202407	0.33032613	0.33378425	0.25686761	0.40730038	0.45212022	0.37833730	0.29566517	0.26205004	0.46895037	0.46869004	0.16063010	0.27410933	0.25139464	0.10230813	0.26225333	0.40809642	0.23154091	0.09801099	0.31927282	0.08917712	0.11718555	0.04236096	0.11156845	0.00155159	-0.18281314	-0.07526022	-0.01556827	-0.07772779	0.09104492	0.00856827	0.23784057	0.03349249	-0.05803882	0.39548029	0.12650760	0.11406873	0.19435135	0.32433750	0.22122826	-0.02242787	0.23544621	0.22977288	0.21275972	0.30480937	0.17006797	-0.01797065	0.17948118	0.28766755	0.02875343	0.04452254	0.26772415	0.17532491	0.31069108	0.39780612	-0.05463314	0.16104176	0.07916614	0.03952280	0.10276729	0.18789409	-0.00588999	0.04640223	0.25288577	0.04001866	-0.22924594	-0.12666957	-0.10977521	0.06322571	0.24239295	0.06372705	0.18685458	-0.00762051	0.09896031	0.21134739	0.23784070	0.19360568	0.33097057	0.09267305	-0.08367043	0.00757478	-0.05330163	0.21268331	0.26359509	0.09311887	0.40349295	0.18227196	0.02072672	0.27728638	0.10374715	0.13338297	0.51181930	0.07590596	0.24213520	0.33670301	0.19951790	0.30568632	0.40672804	0.36030264	0.04560541	0.13233538	-0.06416541	0.09597128	0.19653413	0.16606370	0.22350773	0.34010973	0.35016321	0.30330170	0.26484335	0.21195975	0.45873235	0.00947240	0.12148726	0.15297071	0.03121491	0.20805317	0.08395895	0.17184505	0.13648427	0.15255599	0.24313585	0.06822947	0.06858452	0.09317759	0.02647683	0.05392333	0.29885955	-0.06242050	0.05987165	0.27184886	0.31643987	0.15789571	0.29524490	0.23942879	0.11751348	0.04985085	0.17815838	0.06020767	0.20965280	0.14507986	-0.03991822	0.03968065	0.18780362	0.02707579	0.06556350	0.12112407	0.09934677	-0.04898522	0.04131666	0.06097746	0.05510867	0.04790251	0.08440641	0.06411531	0.14281967	0.26062102	0.21682013	0.15012079	0.27816681	0.23940435	0.03314255	0.46421787	0.30406529	0.18393215	0.32747372	0.40211465	0.10103581	-0.03388985	-0.04596759	0.31192977	-0.04506260	-0.13817418	0.15481271	0.00250584	0.11714823	0.10783900	0.03658557	0.27516491	-0.07445730	0.15387310	0.22160477	0.09325651	0.18427372	0.04621300	0.05273750	0.17582181	0.09407533	0.14196970	0.06713706	0.32677366	0.17651966	0.12687521	0.14825683	0.09034249	0.21204817	0.47311212	0.28553356	0.34018666	0.38281979	0.10645784	0.18979998	0.27920160	0.31820520	0.20762823	0.34585865	0.28499680	0.39589381	0.20223848	0.18091687	0.18742348	0.30523602	0.13798436	0.20953332	0.33997728	0.38215632	0.18568184	0.09100127	0.26250770	0.23300764	0.19595901	0.38027472	0.21447417	0.39601564	0.08345717	0.03164970	0.06229164	0.02261315	0.00969702	-0.10794196	-0.06635519	-0.07097312	0.13388463	0.01284945	0.05223697	0.09187496	-0.13517604	0.04680388	0.00325513	0.09436080	-0.09624052	0.12480001	0.12850709	0.22669585	0.19700662	0.13252539	0.01142289	-0.01228795	0.03617563	0.15852755	0.15183110	0.23955664	0.11995559	0.06108130	0.18620377	-0.01175127	-0.03820328	-0.03040478	0.07628139	0.22650663	0.20387997	0.42615278	0.07084623	0.20085179	-0.10716724	0.13579816	0.11482292	-0.08218468	-0.00918803	-0.04175749	0.09583652	0.00323781	-0.04648492	-0.15275285	-0.33800334	-0.17304964	-0.22565901	0.11993945	-0.07249628	-0.04485957	-0.05633040	0.03206242	0.09002226	0.21558237	0.14697692	0.02613285	0.06390956	0.14543407	0.30920424	-0.12863066	0.27526981	0.00828453	0.18062249	0.04090050	0.35579595	0.35209468	-0.11454828	-0.11299584	0.22451077	-0.10364372	0.03249749	0.04896896	0.12602249	-0.12540972	0.01396221	0.32252760	0.08102997	0.05813319	0.38101614	0.40441460	0.20789868	0.39020604	-0.05055467	0.08028478	0.09867320	0.08066364	0.21068687	0.12108140	0.11087599	0.14453389	0.02343210	0.05169625	0.18131490	-0.02474186	0.31205002	0.26928442	0.03976480	0.24975400	-0.07026900	-0.11203641	0.13211553	0.02233530	0.10153269	-0.01631622	0.06849722	0.06247647	0.05771101	0.02983999	-0.05197126	0.08080755	0.21241794	0.10427340	0.22282483	0.18925420	0.15689056	0.12451775	0.12863124	0.04002536	0.12932241	0.16296649	0.14014627	0.22605244	0.21232668	0.00937592	0.18531280	0.16543134	0.19073336	0.15729898	0.16721866	-0.13896329	0.20324789	0.07811286	0.12893226	0.13356759	0.13192081	0.14488915	0.09807105	0.21582077	0.29014746	0.17057912	0.17592849	0.14876552	0.15070852	0.21812779	0.17876758	0.07560835
17Networks_LH_SalVentAttnA_ParOper_3	0.19409861	0.02298974	0.04652382	0.13129381	0.15102444	0.19095413	0.22637670	0.23035180	0.17958032	0.32151916	0.12355706	0.06216036	0.19866182	0.16764422	0.11517508	0.09290258	0.10142175	0.22700313	0.08238465	0.09522999	0.09984155	0.11533804	0.10155760	0.27970509	0.26064765	0.13971592	0.22009624	0.15047901	0.21514883	0.28347824	0.23582291	0.24838796	0.19269554	0.23906429	0.08696231	0.34416130	0.10022948	-0.09861067	0.04488937	0.33330554	0.23659852	0.14627985	0.08184377	0.04898366	0.26957630	0.17090673	0.29675561	0.35088300	-0.01078959	0.24776330	0.19488663	0.30044255	0.39649443	0.43536407	-0.02232999	0.04893539	-0.01130659	-0.06435728	0.12552152	0.22751555	0.14232553	0.19532113	0.18500481	0.20144113	0.03282547	0.03033103	-0.15189246	-0.02754728	0.26849234	0.15599468	0.12290322	0.20204629	0.34945976	0.25363262	0.26172245	0.21499228	0.27345063	0.19053338	0.28868488	0.27189881	-0.09345935	-0.02165116	-0.00361123	0.05622995	0.27532105	0.47986086	0.44504746	0.97920491	0.25639892	0.29418222	0.34557856	0.35719009	0.42638763	0.22662032	0.24317243	0.39781787	0.28451624	0.40937516	0.16171989	0.14255825	0.32646765	0.27292665	0.11325531	0.09723713	0.21537088	-0.01281729	0.07951268	0.01479417	0.04110524	0.01484088	0.01955602	-0.03828455	-0.02279316	-0.12800928	-0.10879297	-0.09870642	-0.08137996	-0.14479952	-0.03645830	0.16091070	0.03525341	-0.23850919	0.46488338	-0.09609361	0.20692731	0.15876284	0.21887468	0.15731519	0.18172063	0.20900763	-0.06331104	-0.06455813	0.25395853	0.06894251	-0.08727735	-0.06214087	0.10830195	-0.00199608	-0.15623464	0.09067486	-0.00697853	0.06819725	0.10108440	-0.07823756	0.07975447	-0.11904504	0.02015337	0.03169250	-0.14300159	-0.23488837	-0.04402784	0.01138505	-0.20787833	-0.30672889	-0.32472043	-0.25170580	-0.01981683	0.17047454	-0.17204391	-0.06583634	-0.12333066	-0.05860395	-0.00306014	0.03375682	-0.03814080	0.00438710	0.00494058	-0.11402600	-0.01731290	-0.09379227	-0.02928171	0.03895290	0.10965287	0.03571879	-0.01717703	-0.10941976	0.11325229	-0.04345757	-0.10830283	-0.01908250	-0.06598798	-0.01202272	0.14214237	0.09060953	0.01300311	0.09718078	0.06913895	-0.11245638	0.08393885	-0.14644059	-0.15366827	0.03644403	-0.04296489	-0.02197860	0.24970317	0.33143124	0.03984689	0.34220979	0.17419304	0.44974333	0.14445263	0.00585552	0.04383880	0.07334591	0.03818876	-0.02992153	0.08583779	0.15616011	0.11984646	0.38713315	0.11545007	0.04209392	0.07817683	-0.03817424	0.05247253	0.25570340	0.03788770	-0.02733846	0.24101038	0.17671452	0.16000664	0.13450974	0.15095023	0.12992970	0.11025697	0.20353400	0.14717655	0.20564982	0.16282731	0.03378852	0.21290376	0.28121318	0.22649603	0.08500441	0.23466073	0.07915171	0.11576853	0.22409332	0.21889039	0.19699870	-0.03487335	0.05098703	0.08716471	0.25447232	0.23427775	0.17598047	0.11071601	0.16736770	0.31694544	0.09236408	0.35255892	0.20172190	0.19259864	0.18100280	0.38741308	-0.00448584	-0.01848679	0.01151458	0.30401522	0.06450224	-0.05511013	0.31308544	0.06956790	0.01919773	0.09651385	0.03149114	0.19312098	0.05233797	0.09457794	0.30882167	0.20051807	0.15260572	0.11890024	0.02952397	0.23492773	0.22664905	0.21711350	0.21798956	0.31121457	0.28654240	0.11025241	0.25464407	0.29090803	0.17830568	0.46283017	0.25843221	0.40805405	0.29412221	0.18525930	0.24453247	0.30898954	0.23523099	0.27898790	0.37195786	0.28997656	0.34515318	0.07988111	0.15978376	0.13371625	0.42843221	0.22184638	0.34795696	0.13766108	0.46874144	0.24057784	0.09488096	0.16650697	0.11087063	0.08397130	0.35934110	0.01187786	0.26996262	0.10109473	0.01716583	-0.00909356	0.01440706	-0.07904374	-0.17811101	-0.04565274	-0.07253326	0.04071987	-0.13932278	-0.03806776	-0.10417630	-0.13511320	0.22363737	0.09853864	0.15895747	-0.11258065	-0.01362570	0.08482189	0.04154744	0.23000614	0.04665961	0.04070642	-0.03531807	-0.03316087	0.15090569	0.09472250	0.52751429	0.11627494	0.05715087	0.01774502	-0.08266087	-0.17176874	-0.08653249	0.09848821	0.26148520	0.08161209	0.18448470	-0.12624346	0.18445586	-0.23969166	0.00141561	0.00224495	-0.12179173	-0.00917624	-0.19365900	-0.10186163	-0.16369762	-0.01847824	-0.26942952	-0.31960459	-0.30848773	-0.16667483	0.19255833	-0.18695343	-0.14258212	-0.16886231	-0.10809028	-0.04866056	0.02146115	0.11690186	0.04888165	0.14177696	-0.09871099	0.05654276	-0.16425619	0.12419896	-0.05557217	0.09495563	-0.01808073	0.23384627	0.28832579	-0.25313813	-0.17543436	0.06482969	-0.22626341	-0.08593900	-0.03850030	0.04088857	-0.23548177	-0.09526806	0.21690848	0.02177144	0.23456385	0.45221828	0.43288773	0.08770804	0.47753166	-0.19118158	-0.04618751	0.00637270	-0.02268252	0.18776652	-0.00378287	0.07597131	0.00328666	0.02365774	-0.02746184	0.02872783	0.07582766	0.16158437	0.16628319	0.06097982	0.23010465	-0.15757753	-0.10574416	-0.05288102	0.08597881	0.11532685	-0.11029593	-0.02073614	0.05926385	0.03426359	-0.04472462	-0.01390756	0.04746111	0.13401796	0.00325664	0.16030070	0.17345025	0.09455868	0.11969736	0.05619269	-0.09394445	0.07499148	0.05014873	-0.02695334	0.08573087	0.12800050	-0.02528196	0.12742740	0.10943099	0.19536503	0.09591842	0.19148980	0.00203524	0.17552984	0.01605957	0.12589078	0.04157829	0.01616615	0.05750211	0.00317069	0.02400939	0.22253398	0.04946825	0.03872084	0.01751699	-0.00139354	0.09823405	0.05052396	-0.02876396
17Networks_LH_SalVentAttnA_Ins_1	0.10781059	0.10448860	-0.05897132	0.05813497	0.36770692	0.48874229	0.15752329	0.30483648	0.24373058	0.05703828	0.01660592	0.04436533	0.49870733	0.48314154	0.08649910	0.33319043	0.16694307	0.16583296	0.01590852	0.42387672	-0.01454808	0.23735252	-0.03652341	0.11284416	0.29060158	0.10727153	0.17183960	0.09818071	0.20443930	0.37726839	0.24829886	0.18936472	0.26411788	0.15109985	0.04654350	0.23984448	0.12897830	-0.13317053	-0.06015165	0.25552262	0.24754406	0.14851560	0.02515227	0.14459904	0.34619709	0.08964080	0.73978760	0.40662032	0.06740256	0.46585618	0.39813705	0.43030524	0.42042256	0.32660234	0.04463603	-0.08380868	-0.03967324	0.09478180	0.10220330	0.00798849	0.50482729	-0.08695414	0.26084109	0.02368879	-0.12576220	-0.03715012	-0.11320123	-0.01247426	0.04246191	-0.11791083	-0.02666503	-0.10341138	0.18435646	0.12250309	-0.08635945	0.10420167	0.07422126	0.09233898	0.08069410	0.12480357	0.06494874	0.08417652	-0.17064387	0.01503289	0.12799885	0.45942960	0.37202407	0.25639892	1.22141036	0.60647118	0.43350112	0.38940776	0.44190206	0.28694373	0.24025704	0.28908775	0.03376375	0.27292257	0.20494877	0.06626884	0.24332019	0.16478563	-0.11636936	0.45359295	0.54941262	0.31551676	-0.01218406	0.10575326	0.03975300	0.26144507	0.00874876	0.07485827	-0.21470432	-0.12165718	0.01353812	0.10558848	-0.10661602	0.21575265	0.12950169	0.40332399	0.10979445	-0.21464475	0.08911535	-0.06121553	0.02835496	0.01011203	0.01101023	0.15554051	0.16596721	0.10444947	-0.04190524	-0.01751627	0.25963550	-0.08740567	0.06759421	-0.14735454	0.01439781	-0.05731223	-0.22887314	-0.00831999	-0.08430187	0.00610397	0.02187848	-0.01520426	0.20233151	-0.10067537	0.01555688	0.03408798	-0.13833333	-0.23483126	-0.23729271	-0.08099260	-0.14224753	-0.29656146	-0.29671651	-0.22222970	-0.10541306	-0.05430908	-0.24699888	-0.15355160	-0.14258172	-0.00181804	0.11959703	0.20929595	-0.25329754	0.20394180	0.04961296	-0.09705592	-0.06513651	-0.02747579	-0.07528530	0.20589167	-0.04186482	0.00755766	-0.09841500	-0.12073439	0.06988983	-0.00563818	-0.08476522	0.08618827	-0.07280148	-0.16877349	0.43158932	0.17646987	0.12305542	0.26296617	0.24800998	-0.27076643	0.32266543	-0.08792197	0.04278533	0.25885262	0.34727001	0.59780006	0.52712599	0.31983701	0.15383104	0.24012059	0.14201758	0.33106377	0.04882114	-0.10479896	-0.05592069	0.07681991	0.20544975	-0.39861906	0.19469272	0.15374789	0.14753822	0.08423803	0.02127860	-0.04758559	0.29374087	0.39045814	0.26506942	0.07971210	0.26448461	-0.13625665	0.29004422	0.19312449	0.04336326	0.02273621	0.05308655	0.08732240	0.01782375	0.30585649	0.03345053	0.29673594	0.03124301	0.20712623	0.23494633	0.18611306	0.06660262	0.07956575	0.24124428	0.05301282	0.11288124	0.14226126	0.13875545	0.12103516	0.06356940	0.11069770	-0.05359859	0.46870303	0.38798388	0.38886972	0.18473081	0.21683208	0.34322636	0.12660806	0.33760765	0.35986893	0.33050407	0.35979695	0.32022845	0.04078178	-0.01372869	0.10269602	0.25463961	-0.13921276	-0.17089406	0.09553143	-0.10525296	-0.21777713	-0.07028818	-0.00133940	0.26462938	0.00484421	0.13159107	0.15017902	0.23309609	0.16898308	0.08754631	0.21551798	0.16843885	0.05362742	0.16715674	0.22280472	0.12041222	0.25082597	0.22226707	0.04862859	0.10592147	0.24605377	0.43892892	0.32043517	0.32268085	0.20351532	0.46567449	0.59775642	0.58720898	0.57311426	0.30456042	0.57564656	0.51406316	0.34447500	0.20889483	0.16099576	0.17865588	0.28668668	0.29487982	0.21166984	0.23922510	0.30280979	0.25947146	0.09479552	0.23863718	0.07109104	0.25893751	0.51389622	0.30305945	0.32672814	0.11693105	0.32283539	0.05261065	0.10471799	0.31645142	-0.27427296	0.01182108	0.02308094	0.24788863	0.12739674	0.16131051	0.11038587	-0.07468044	0.08943523	0.10065327	0.02654092	-0.10436380	0.06117157	0.14960940	0.09408082	0.21042954	0.01537235	-0.04055279	0.02573740	0.21802281	0.24251260	0.14549812	0.27171782	0.13205566	0.02667418	0.06710947	-0.07622146	-0.04381188	0.08500844	0.09569925	0.30154786	0.18522526	0.13281620	0.02249806	0.19411586	-0.22693581	-0.05662977	0.07335201	-0.00136911	-0.01551193	-0.05538875	-0.00863779	-0.11438435	-0.08584871	-0.04180960	-0.32520746	-0.21863755	-0.04606345	0.03021580	-0.20142899	-0.09629378	0.01068958	0.22968302	0.06604426	0.23671843	0.23864966	0.13190669	0.12631509	0.11088047	0.11538463	-0.09670768	0.00070911	0.03593923	0.01839985	0.48617490	0.41562874	0.34296014	-0.26949372	-0.29916904	0.11255527	-0.10602775	0.12500203	0.23339463	0.34192471	0.12511432	0.15787308	0.38793715	0.15690880	0.19224482	0.37146743	0.37434163	0.05359060	0.27819734	0.29314973	0.24942563	0.13041596	0.36251540	0.16112078	0.13611927	0.09275584	0.16389299	0.16880895	0.04258271	0.16870305	0.16865143	0.31982148	0.28329648	0.02211244	0.10186964	0.22609013	0.15519359	0.29073547	0.43536705	0.12797891	0.10008241	0.01268091	0.10766809	0.12094933	0.21931814	0.03791879	0.09411638	0.34335687	0.09973543	0.13159518	0.09906042	0.14897737	0.10523071	0.17201374	0.14017198	0.12069933	0.15779796	0.17634037	0.16870306	0.07405015	-0.09738954	0.16319554	0.07352389	0.03500329	0.06068633	0.08070078	0.07916073	0.00427248	0.11763621	0.21659044	0.12501990	-0.01886785	0.12454650	0.15898152	-0.02649616	0.03536381	-0.10703513	-0.09332764	-0.23926472	-0.04865037	-0.09636894	-0.13497480	-0.14543980
17Networks_LH_SalVentAttnA_Ins_2	0.11553616	0.06874235	0.03473135	0.07203069	0.29993798	0.34861841	0.17113800	0.16307924	0.13285134	0.11883371	0.00576271	-0.08108166	0.54767452	0.37225139	0.08911081	0.30715442	0.22880248	0.14532677	0.06567682	0.29479112	-0.02610111	0.16403460	-0.08135153	0.08513404	0.26134859	0.07657840	0.07108517	0.01835736	0.11430413	0.29614122	0.21345733	0.18525716	0.05435283	-0.04799856	-0.17809351	0.14351887	-0.00734195	-0.06104667	-0.10961297	0.14854469	0.19549059	0.15807692	0.15049280	0.21239748	0.51409725	0.35345283	0.45240406	0.44722267	0.24181832	0.39055928	0.38283574	0.43455260	0.36845507	0.22553140	0.06699189	-0.04883531	0.08112485	-0.02383735	0.11338680	-0.04360825	0.34408797	0.04608985	0.23408610	-0.03288018	-0.10213575	0.00010935	-0.15434425	0.12183298	-0.01681946	-0.21395531	-0.06779526	-0.21187102	0.08391147	0.02887554	-0.11906053	0.02215054	0.00982237	-0.09732931	0.01654663	-0.00018240	0.05394102	-0.01122269	-0.18691868	0.05794731	0.08451876	0.47746453	0.33032613	0.29418222	0.60647118	1.18201272	0.28980675	0.38321686	0.41551634	0.25827431	0.30992496	0.26422876	0.02306280	0.31881954	0.22537906	0.05564150	0.18125398	0.13473273	-0.13041508	0.20696715	0.37192840	0.08278381	-0.11422031	0.08967233	-0.00844148	0.19459562	0.08040285	0.08703582	-0.09610436	0.10483842	0.11896114	0.16336241	0.00931864	0.06241321	0.23903884	0.36038947	0.14254762	-0.26752842	0.00924744	-0.08133710	0.00868008	0.04632782	-0.10845294	0.04620151	0.02294572	0.03710020	-0.07262817	0.02145975	0.17137729	-0.09315056	0.07594223	-0.11927532	-0.01091699	-0.13362344	-0.26234241	-0.05043308	-0.02969362	0.01977598	0.17683056	-0.08391010	-0.02347461	-0.15427266	-0.01915343	0.01995410	-0.06568453	-0.15926199	-0.08141750	-0.05969246	-0.19455064	-0.10779990	-0.19607503	-0.09872678	-0.06053472	0.10527589	-0.21027590	-0.08155667	-0.04377988	0.08641584	0.21585998	0.26583410	-0.05829384	0.20623939	0.26814001	0.08003659	0.02611178	0.07430634	-0.03236298	0.22105735	0.05955769	0.06153578	0.12051299	-0.07894519	0.05898347	-0.03265999	-0.11901428	0.11682785	-0.09628304	-0.13978984	0.37011232	0.02755195	0.09005347	0.24345419	0.12366430	-0.14067928	0.29427718	-0.01730566	0.03709455	0.11894359	0.28121153	0.42057634	0.34415069	0.38629797	0.14157934	0.32236615	0.05670892	0.36642910	-0.05202976	-0.05142608	-0.06969109	0.06316280	0.19888515	-0.21699922	0.14046888	0.06938633	0.04796569	0.15929649	0.01362539	-0.13761813	0.20086674	0.17604121	0.16676525	0.17601612	0.22754105	-0.01385494	0.19835748	0.10700935	0.01042569	0.05547572	0.03162282	0.09506559	0.04795460	0.29215994	0.06246844	0.31212360	0.06370293	0.07772929	0.14680178	-0.03055541	0.10615844	0.06388600	0.05849828	0.13055555	0.01088469	0.15617013	0.17783291	0.08637071	0.02996790	0.03840636	-0.08861689	0.42919593	0.47252226	0.50445663	0.14973270	0.29942779	0.45188665	0.14403236	0.38111462	0.23928792	0.38258551	0.27043972	0.33767485	0.13887532	0.11991600	0.18076949	0.09151101	-0.20796293	-0.23991874	0.05406443	-0.16750107	-0.23711932	-0.09606330	-0.09822848	0.16101719	-0.09060979	-0.03058559	0.10934188	0.10615439	0.02932192	-0.02199735	0.17083571	0.09879149	-0.04129420	0.22133493	0.12598329	0.02916761	0.18146319	0.19574360	-0.04984249	0.05498488	0.16034273	0.40910922	0.36107175	0.30392517	0.19214445	0.38685890	0.29049471	0.55721987	0.39564745	0.22576877	0.41882933	0.32798826	0.40479467	0.29666509	0.10617633	0.13910363	0.22648516	0.22742610	0.16051567	0.02870298	0.32456156	0.15985271	-0.08459025	0.18410602	0.05570639	0.02575649	0.31196631	0.22179577	0.26571899	0.09234303	0.22800554	0.11020227	0.01519155	0.24890119	-0.20014411	-0.00467419	0.11126177	0.24375820	0.19887577	0.19245202	0.01654874	-0.19539878	-0.00832194	-0.01923276	-0.02145307	-0.24376010	0.00854993	0.08691677	0.03751199	0.06011064	0.02693176	0.11381227	0.00088226	0.12114473	0.05783107	-0.03082825	0.18991969	0.04958602	-0.14900955	0.09355176	-0.06297564	-0.11147482	-0.02152064	-0.01446688	0.10051250	0.13583434	0.21118115	-0.04004892	0.05656597	-0.20657862	0.01016197	-0.13174061	-0.07041227	0.03779585	-0.02695344	-0.07480332	-0.14637240	-0.05716891	-0.08270707	-0.12930805	-0.17358628	-0.00236166	0.07610018	-0.07772510	0.02279535	0.01976147	0.18421888	0.15261899	0.11311648	0.29658361	0.10573319	0.13513430	0.19049336	0.18965502	-0.06249562	0.07033716	-0.05089353	0.06373152	0.26664785	0.24307898	0.19993678	-0.20096244	-0.21324962	0.19836137	-0.03229376	0.09512532	0.17402852	0.35869372	0.12158385	0.11475463	0.30931307	0.09998174	0.07309618	0.29643007	0.28928861	0.03469536	0.26850224	0.28209219	0.36222413	0.19304002	0.25974799	0.21429067	0.20604047	0.09214461	0.06859191	0.13000142	0.09230548	0.13816728	0.19573208	0.26423094	0.32057674	0.11882788	0.14534992	0.21080299	0.15667114	0.18699467	0.17968457	0.13113884	0.24576069	-0.06452286	0.10914326	0.08342845	0.13665378	0.00875956	-0.06160877	0.19091948	0.10183892	0.16074397	0.03629423	0.17562371	0.13027564	0.14432696	0.09894233	0.15056827	0.14695675	0.13042042	0.13794383	0.16412743	-0.01052492	0.18893400	0.10754571	0.12616288	0.17137092	0.12704034	-0.04548292	0.07195085	0.16020498	0.21354254	0.18642559	-0.03750443	0.06456272	0.02896583	-0.01005126	0.09809264	-0.04769810	0.06370813	-0.02550320	0.13244963	0.11452986	0.09632932	-0.02210646
17Networks_LH_SalVentAttnA_Ins_3	0.04279629	0.04220473	-0.14336326	-0.04374291	0.16826037	0.36589564	0.15248042	0.42662604	0.38337792	0.25869345	0.17515952	0.06346564	0.22376557	0.16845373	0.02802487	0.16996711	0.05596168	0.24482684	0.13313400	0.37646740	0.02906680	0.30302870	0.18246239	0.00572442	0.38089059	0.20823925	0.27485096	0.23225874	0.30314529	0.35331572	0.20557233	0.35592820	0.29376904	0.28175002	0.09492227	0.33757700	0.19020894	-0.07174168	-0.00370545	0.34429514	0.25435646	0.05057926	0.09500977	0.14625537	0.21966207	0.08392732	0.53513709	0.39067822	-0.06289563	0.18297270	0.31630687	0.38280919	0.29457106	0.29048069	0.16666203	0.07777178	0.02165490	0.13747521	0.12589525	-0.02777414	0.15921437	-0.09522914	0.12654881	0.00484845	-0.05965731	0.12923828	-0.09814990	-0.02545896	0.22386429	0.14862231	0.13047216	0.12717730	0.26417475	0.16945550	0.03539728	0.14498137	0.23688236	0.22107586	0.11677038	0.24478247	0.05929239	0.14419401	-0.01222935	0.12048078	0.32733885	0.32360627	0.33378425	0.34557856	0.43350112	0.28980675	1.02928903	0.56477681	0.58621444	0.49008782	0.20754966	0.36937580	0.04736658	0.36049561	0.33789503	0.23293518	0.32322791	0.25146460	0.02867197	0.36197974	0.55015076	0.28242881	0.03799036	0.15616438	0.09062795	0.03905393	-0.00435929	0.00046462	0.03276222	-0.02789494	0.00077440	0.05537196	0.00132577	0.07214908	0.04392624	0.15859025	0.14631698	-0.19978069	0.20375077	-0.02862291	0.13191988	0.10675533	0.04832660	0.17157081	0.18054938	0.17198004	0.01470815	0.02807321	0.34898695	0.00665034	-0.04216448	-0.11871557	0.13307367	-0.00519650	-0.23606660	0.09615599	-0.04682241	0.06191939	0.10772072	-0.04291295	0.08711204	-0.30482535	-0.07085998	0.13898780	-0.12688986	-0.22885000	-0.33729722	-0.06786189	-0.25675567	-0.35674444	-0.33385288	-0.24920513	0.02543355	0.03704320	-0.32548361	-0.28238780	-0.15909305	-0.04764358	0.13843676	0.14257693	-0.17022178	0.15857309	0.05439493	-0.01407525	0.03805768	-0.03915373	0.09365565	0.19089376	-0.10984930	-0.01171944	0.00663282	-0.10321314	0.12507836	-0.05049529	-0.14761529	0.11531653	-0.01855604	-0.04839744	0.18012240	0.16439881	0.07572586	0.19437289	0.26679947	-0.34846650	0.04973988	-0.20300427	-0.21332086	-0.06485731	0.00394290	0.18735928	0.38575670	0.16487036	0.22368997	0.33590294	0.16170140	0.39025550	-0.00265645	-0.04196631	-0.04050527	0.04134840	0.06863008	-0.16593721	0.10786687	0.22907912	0.23871928	0.31092565	0.06179828	0.11644872	0.11943030	0.07672066	0.07600233	0.09753089	0.11040251	-0.06283090	0.23808577	0.21838580	0.11682414	0.11141640	0.15341407	0.03527844	0.14328129	0.40798029	0.05890791	0.42912269	0.09630042	0.17005938	0.17191108	0.22836850	0.08785265	0.14495283	0.28351596	0.06721951	0.16147152	0.12522565	0.12416400	0.18948515	0.05277342	0.05008401	-0.00675689	0.09987080	0.24886122	0.36244290	0.24317603	0.33961154	0.21175906	0.21993836	0.25994106	0.42319412	0.35088534	0.28036659	0.33398135	0.18761159	0.04110187	0.20376337	0.13768928	-0.19063575	-0.17947694	0.23407677	-0.06486124	-0.11701726	0.15464446	0.12577888	0.20842115	0.17344640	0.18958991	0.34684296	0.23345874	0.13997953	0.09712850	0.17986752	0.09427368	0.12032925	0.06788756	0.27909579	0.06746357	0.23181252	0.08952937	0.14403085	0.22504145	0.29911511	0.44683203	0.37728441	0.36854263	0.41546569	0.12981383	0.31256278	0.32581565	0.49379421	0.40378482	0.57224971	0.40655128	0.42130203	0.21785529	0.09704097	0.25829417	0.24020222	0.19810098	0.28342391	0.16445050	0.34035245	0.18713748	0.11113885	0.24144871	0.07486752	0.28030293	0.65629750	0.32917553	0.46122736	-0.01318041	0.03058110	0.00533523	-0.03854438	0.06323494	-0.22485691	0.02326752	0.03023006	0.16035178	0.07898232	0.15193304	-0.03379157	-0.03585507	0.12128623	0.12332395	0.14718717	-0.19993564	0.02752522	0.21026349	0.03469707	0.27112973	0.14506749	-0.00226114	-0.04639699	-0.12438938	0.17927048	0.07975961	0.28306801	0.14421056	0.08823063	0.10571271	-0.07488866	-0.10714721	-0.05743079	-0.03372074	0.20399185	0.06602494	0.18955413	-0.06609722	0.15269049	-0.49598226	-0.10792199	0.02291627	-0.17511778	0.10983977	-0.10500790	-0.13009599	-0.13184586	-0.19521699	-0.27331890	-0.37392737	-0.38781811	-0.08208663	0.03322918	-0.27032555	-0.23840485	-0.04759731	0.06747374	-0.00170755	0.09350530	0.23221067	-0.02596796	0.15789925	0.10812846	0.12119824	-0.03620917	0.00907810	-0.02381463	-0.01828525	0.15430862	0.25346430	0.36044871	-0.39740072	-0.40338190	-0.03770526	-0.32355573	0.00708678	-0.07570520	0.05658109	-0.15031439	-0.13714294	0.11916378	0.14027452	0.25917531	0.42436105	0.42469983	-0.00828385	0.39872486	0.04309808	0.07380500	0.08812254	0.10633338	0.11651781	0.17268774	0.22111717	0.25423424	0.27231696	0.11881766	0.14365355	0.07056949	0.43192057	0.41390704	0.19729435	0.20847750	0.00916112	-0.03497765	0.12234952	0.16881723	0.04800697	0.15914863	0.21842725	0.23650505	0.17243055	0.09043355	0.14736817	0.10039742	0.46537421	0.33846454	0.26332868	0.22628948	0.03657173	0.01222681	0.05902666	0.05163167	0.06542587	0.09754989	0.11804418	0.06681261	0.00532915	-0.16979795	0.07988890	0.04741246	-0.00950551	-0.01566248	-0.07119619	0.06750194	-0.03934533	-0.04864957	0.07384336	-0.01559975	-0.01640101	0.05043937	0.06941461	0.01233000	-0.02138002	-0.11088632	-0.08723632	-0.17491568	-0.12692613	-0.09354145	-0.03146424	-0.12751957
17Networks_LH_SalVentAttnA_Ins_4	0.06168651	0.08284074	-0.11824526	0.08144537	0.14545672	0.26580559	0.13050453	0.40109820	0.30158559	0.30754395	0.19049734	0.15918395	0.33397381	0.11951387	0.03085105	0.17128262	0.14643981	0.21520395	0.14920404	0.34038679	0.03959439	0.27075460	0.14047528	-0.02197003	0.47074228	0.33589049	0.41395424	0.32030356	0.43156775	0.39005291	0.29200896	0.46482895	0.41368938	0.33872334	0.13335225	0.38389908	0.26418486	-0.08351328	-0.04951520	0.39562695	0.36713891	0.13141816	0.14951865	0.20592447	0.29332247	0.15812009	0.65379422	0.41494726	0.08431882	0.21053343	0.40736348	0.58694790	0.32875888	0.30636228	0.34390229	0.21543006	0.24108986	0.21784431	0.23611338	0.00033779	0.20606809	-0.03678132	0.13962574	0.01378957	-0.13838706	0.09738085	-0.17762182	0.08312287	0.15458703	-0.00237859	0.10479846	0.10893369	0.33701181	0.30725695	0.03963278	0.20179446	0.31187702	0.26747163	0.11677166	0.24157187	0.01056342	0.02585595	-0.11701104	0.01980331	0.20790680	0.37307558	0.25686761	0.35719009	0.38940776	0.38321686	0.56477681	1.10529722	0.54298072	0.35098830	0.26995895	0.29196846	-0.03316207	0.36331098	0.21480109	0.24574195	0.29845000	0.14867967	-0.15934669	0.29217030	0.39177509	0.03511124	0.04094744	-0.02947936	0.05004198	0.12833521	0.07268960	0.06104667	-0.02377947	0.10289487	0.08153744	0.10641294	0.06547034	0.15075732	0.12587562	0.23614758	0.08510230	-0.30757480	0.12233645	-0.09367048	0.03570122	-0.00718870	-0.04549815	0.06150955	0.13430212	0.10716241	-0.12393839	-0.14111168	0.27092736	-0.02775291	-0.09962887	-0.17127454	0.03313896	-0.08798617	-0.28719053	-0.01358936	-0.05895831	-0.02639264	0.10344805	0.00069584	0.10119018	-0.31147031	0.02001283	0.14677644	-0.17700497	-0.23433723	-0.34932178	-0.16251718	-0.27726484	-0.23683162	-0.24447211	-0.21540242	-0.04290007	-0.03662975	-0.36587996	-0.28333233	-0.17988089	-0.02671669	0.07625006	0.11292043	-0.22062130	0.14305033	0.12949698	0.03005060	0.08895303	-0.05372785	-0.03093092	0.17151065	-0.09465446	-0.03685464	-0.01745607	-0.20569380	-0.06108866	-0.07653830	-0.19797362	0.09537165	-0.10032465	-0.15885246	0.22412141	0.08004450	0.07860778	0.06952044	0.06918692	-0.32474555	-0.02603262	-0.09965781	-0.19436502	0.03778870	0.06677315	0.15753099	0.37269179	0.27553156	0.16159005	0.28332849	0.05484278	0.33945537	0.00279502	-0.04956998	-0.02606983	0.00898960	-0.00644840	-0.17038672	0.05071534	0.25823854	0.12317142	0.34190200	0.10761294	0.15981656	0.20499582	0.17467132	0.00748072	0.12193891	0.17601103	0.01171320	0.23948048	0.22740857	0.12189257	0.12529243	0.19868829	0.21433814	0.26463534	0.53778712	0.19712975	0.45550934	0.20113317	0.29364011	0.26788031	0.18716729	0.24412255	0.14917806	0.30429579	0.15301074	0.19952289	0.26365915	0.16635222	0.23315943	0.03257138	0.12835377	-0.01828879	0.15569083	0.24125396	0.33246391	0.36556058	0.28805304	0.22917453	0.29391644	0.25872835	0.43129964	0.57783530	0.28573856	0.36965143	0.30969692	0.25902877	0.37392753	0.26788526	-0.17779723	-0.21293726	0.17620692	-0.08208777	-0.18671889	0.06220883	0.06280664	0.22086360	0.27238831	0.22659407	0.33116664	0.33865115	0.15134581	0.01715482	0.26396990	0.19712413	0.15446082	0.22378492	0.26590774	0.08388059	0.28950187	0.12885770	0.14126641	0.15934715	0.27533732	0.51058251	0.41787642	0.40695622	0.38039146	0.20445615	0.18809960	0.33921055	0.45594388	0.52900753	0.58743994	0.30834395	0.43650873	0.37640056	0.08745716	0.17213682	0.20823612	0.28634624	0.31927390	0.13378896	0.36238731	0.19533960	0.01002503	0.16326775	0.07582527	0.14295368	0.57531351	0.27735524	0.39987250	0.16641829	0.13718287	0.07868962	0.06401674	0.14225385	-0.25641610	0.09197854	0.15431221	0.25717357	0.17970563	0.25367600	0.00629730	-0.03785971	0.13200555	0.11379103	0.06806546	-0.18933673	0.04410091	0.27552851	0.08015642	0.30981052	0.05120827	0.10709234	0.00682897	-0.06804764	0.18487824	0.06211379	0.29282357	0.16061726	-0.01914682	0.11376221	-0.04957245	-0.11149449	-0.04384141	0.01243228	0.22255970	0.10792042	0.21306302	0.00995547	0.20571019	-0.43907192	-0.10501559	0.00393683	-0.08203730	0.24596212	-0.02010602	-0.09929860	-0.12755240	-0.06687701	-0.15976461	-0.24483617	-0.31910361	-0.04480855	0.04313336	-0.21945877	-0.18996569	-0.03935801	0.04296000	-0.00852358	0.13681310	0.32792857	0.02592661	0.14693860	0.22645817	0.13283126	-0.08495870	0.05904546	-0.03206965	0.04192543	0.19119659	0.23704687	0.30209020	-0.31229672	-0.31737081	-0.01065813	-0.21566615	-0.01493931	0.12375227	0.17426928	-0.00876258	-0.08663637	0.20886112	0.16859577	0.26761836	0.40507113	0.42399151	0.02131054	0.43536471	0.13477120	0.13490324	0.15938301	0.15338949	0.15240595	0.19073739	0.25653658	0.31677546	0.24959305	0.10467949	0.09776926	0.10568860	0.37959349	0.42676743	0.15035851	0.18532839	0.13620065	0.05180903	0.20039484	0.12644896	-0.00538857	0.20705332	0.27422296	0.23542621	0.20233986	0.09226322	0.17699384	0.03393292	0.41584579	0.35008974	0.21342108	0.17647144	0.17960888	0.08007106	0.15190542	0.05632728	0.12975422	0.15583022	0.12711085	0.11857134	0.11456816	-0.08050499	0.10519704	0.09731483	0.12543762	0.10205745	-0.02164579	0.03679468	0.07953745	0.13602546	0.26809831	0.11252419	-0.02586597	0.24420671	0.10463217	0.08870882	0.02930751	0.00632972	0.00663255	-0.08893823	-0.02220472	0.03430468	0.09155527	0.04548070
17Networks_LH_SalVentAttnA_FrOper_1	0.15083558	0.08891414	-0.00164051	0.05038213	0.12553502	0.31608786	0.12534045	0.36166954	0.28139778	0.24355476	0.21692359	0.11170689	0.34352820	0.34933557	0.08857339	0.38270806	0.15794401	0.22785332	0.07957024	0.31275712	0.05721548	0.29495069	0.17056958	0.17451798	0.53693827	0.40077060	0.40864650	0.23287314	0.50292107	0.49452513	0.42596786	0.58531176	0.43010157	0.40320470	0.13684087	0.46374193	0.26605575	0.07346036	0.06887373	0.47594294	0.43303227	0.28893011	0.21109327	0.40589321	0.37223453	0.25129767	0.54487149	0.61527256	0.15395804	0.33669896	0.42514665	0.56284186	0.54101867	0.47356464	0.23272228	0.09000309	0.10643762	0.27717587	0.25310099	0.04034491	0.24951248	0.04314492	0.21861564	0.06227154	-0.11065311	0.09592594	-0.20061789	0.04473168	0.14040957	-0.02184970	0.11152954	0.11770915	0.24463552	0.23503820	0.02513776	0.20698495	0.20485289	0.20824024	0.14277899	0.27015261	0.13471153	0.20965226	0.01398480	0.15601257	0.30146945	0.51079453	0.40730038	0.42638763	0.44190206	0.41551634	0.58621444	0.54298072	1.18677425	0.46011652	0.38863150	0.44810141	0.17681797	0.62701201	0.47062748	0.36609207	0.24289640	0.29594661	-0.05876071	0.28376859	0.46819438	0.17076798	-0.07170686	0.18106480	0.05133646	0.03514529	-0.04494028	0.12257352	0.23682778	0.06514526	0.01469776	0.03187209	0.05009750	0.00441527	-0.00502146	0.04241210	0.15455897	-0.29672962	0.17223735	-0.09788550	0.04306219	0.05631920	-0.01883052	0.01228351	0.03848684	0.13583701	-0.04584654	0.03658629	0.35885600	-0.03035395	-0.02300362	-0.06472676	0.01168692	-0.12766872	-0.20847929	-0.03196829	-0.03693472	0.03365134	0.34243370	0.06844922	0.11493138	-0.18899220	0.06765142	0.17754413	-0.01482004	-0.12106597	-0.14518532	-0.05058704	-0.24862876	-0.09927675	-0.16755986	-0.18816263	0.01506747	0.20792789	-0.26122320	-0.07873393	0.06735642	0.11315888	0.30839016	0.30896757	-0.04806547	0.29674386	0.16264332	0.18755616	0.14118976	0.17869629	0.03654651	0.26714832	0.03921276	0.09311934	0.25184340	-0.01470688	0.15941385	0.01099574	-0.17365453	0.15488259	0.04797169	-0.03654162	0.37468957	0.09298206	0.17668132	0.23736657	0.14682227	-0.20022627	0.09276507	-0.00985562	-0.00947101	0.10977152	0.11299375	0.15800242	0.38773859	0.30936691	0.26033704	0.31472053	0.11428819	0.42034223	0.13406436	-0.07549643	0.16318436	-0.06126978	-0.03420417	-0.13008307	0.12876424	0.27858773	0.16671090	0.35853574	0.21887040	0.16278209	0.22289986	0.25716484	0.15626018	0.24615903	0.23324482	-0.05887480	0.31515079	0.25661016	0.13929761	0.14473321	0.20291260	0.18768232	0.31438080	0.58860726	0.20919918	0.69348961	0.24263777	0.29447154	0.29732966	0.27390526	0.28471669	0.27401322	0.35282071	0.32817943	0.23529619	0.38702739	0.25876524	0.30655128	0.09554822	0.11540548	0.10943381	0.20455878	0.36791612	0.43299114	0.31793675	0.26936940	0.32139705	0.27894355	0.38382287	0.44572048	0.60846390	0.29660091	0.39464885	0.31008161	0.14947501	0.34228508	0.30690640	-0.07313189	0.03706164	0.29134429	-0.09403036	-0.07636725	0.10669681	0.02428372	0.23964572	0.15990938	0.20435628	0.30960968	0.33752928	0.12994970	0.04275438	0.19619260	0.26434768	0.16719768	0.22920464	0.35350085	0.16018298	0.31443816	0.25774418	0.19026392	0.21612639	0.27418013	0.61734207	0.50476065	0.38137665	0.44227012	0.28181071	0.29894156	0.40161349	0.52617587	0.43535678	0.74852028	0.34141486	0.65736101	0.38872235	0.22733291	0.45635549	0.39475643	0.26126095	0.48799359	0.13771212	0.41462121	0.11641626	-0.06746678	0.23127951	0.14943113	0.13528723	0.57680692	0.31159170	0.45700753	0.02268653	0.05834243	0.00264742	-0.12080773	0.08667385	-0.07275948	0.03162272	0.17174688	0.08110305	0.12540346	0.09881739	0.09174073	-0.09168599	0.09747614	0.04918057	0.09344386	-0.21824586	-0.04587465	0.24318854	-0.01602190	0.19119675	0.15188031	0.13643716	-0.01851798	-0.13631413	0.09006583	-0.04643811	0.28757202	0.07936824	-0.04217600	0.06261335	-0.05660661	-0.19183463	-0.07693939	-0.10775995	0.10145121	0.11502242	0.40447065	0.08394265	0.25801131	-0.28239629	-0.04628025	0.02322456	0.04967320	0.19912419	0.00430527	-0.05059670	-0.12959233	-0.10244643	-0.16664372	-0.14897616	-0.15681021	0.01955112	0.17144276	-0.10478266	-0.04560736	0.02803417	0.19304579	0.24177899	0.04238373	0.31361143	0.00689348	0.17167723	0.06284958	0.29112156	-0.00627677	0.21930929	-0.02192705	0.07172342	0.15485519	0.32476567	0.33774869	-0.15141895	-0.20942179	0.04797474	-0.08791358	-0.09065851	0.06466379	0.02670674	0.02776083	0.01601774	0.31651439	0.16022020	0.23944177	0.55193065	0.53199969	0.06764459	0.39290131	0.15002509	0.23737283	0.06392705	0.06982354	0.21112015	0.17650201	0.13586691	0.32992395	0.21380344	0.03109669	0.26114397	0.12111586	0.44124494	0.55704878	0.15366230	0.18182450	0.03506331	0.13079483	0.05325359	0.06699252	0.13400257	0.15323171	0.20100552	0.32332542	0.07636940	0.10802338	0.17839115	0.02146966	0.47090287	0.38971952	0.18756291	0.17690030	0.08849159	0.12615872	0.20367584	0.13341512	0.07940150	0.18600071	0.23783548	0.14269180	0.09219785	-0.07497264	0.14502056	0.09245260	0.09113407	0.07816304	0.02011252	0.04845206	0.09168034	0.18434874	0.27791755	0.07564456	0.04143866	0.17314900	0.08994172	0.15359010	0.04567373	-0.00098417	0.12366411	-0.05527037	0.07920216	0.13220586	0.10427981	0.01916960
17Networks_LH_SalVentAttnA_FrOper_2	0.19013654	0.11284443	-0.01877956	-0.00528388	0.14590842	0.24035492	0.14464769	0.31377537	0.28002972	0.18237603	0.16440952	0.04387894	0.12126978	0.12622938	0.06575566	0.13585341	-0.02755563	0.14125210	0.15015611	0.35145800	0.12283087	0.30966977	0.25045424	0.11758266	0.36009452	0.18658729	0.17722318	0.09324823	0.20661822	0.28490125	0.15366035	0.35586575	0.10850154	0.11702190	-0.05040956	0.24015033	0.06789059	0.14316398	0.14548052	0.23548826	0.16642285	0.07687065	0.08208335	0.14365869	0.19726958	0.32086360	0.33987257	0.33334551	-0.04589784	0.16039989	0.25151890	0.26030673	0.26304500	0.22444999	0.11618397	0.05451818	0.09900498	0.17120773	0.16644875	0.06368658	0.08211944	0.09024499	0.08162077	0.07744751	-0.01007508	0.12076310	0.03242195	0.01737668	0.27449349	0.17695016	0.07770041	0.13960264	0.07011929	0.03949253	0.00525623	0.03920290	0.15010703	0.03364842	0.05814822	0.14510071	0.21644652	0.45111041	0.13969212	0.31730722	0.39545473	0.26305994	0.45212022	0.22662032	0.28694373	0.25827431	0.49008782	0.35098830	0.46011652	1.06888235	0.26543707	0.26156606	0.16415230	0.43293721	0.56673226	0.20972169	0.17851894	0.24501498	0.23861580	0.33322590	0.61124065	0.40755084	0.04445240	0.36168796	0.09623232	0.08882044	0.00593964	-0.02175927	0.18499532	-0.01867373	0.01597981	0.05540994	0.07985107	0.07061210	0.04688303	0.05008842	0.25568306	-0.03293210	0.34039214	0.23872770	0.25310000	0.05213839	0.18854516	0.44462093	-0.00105499	0.32253587	0.31251493	0.29822384	0.39083979	0.12807681	0.12353147	0.17378704	0.41516057	0.17012232	-0.01684978	0.38284065	0.19330299	0.24038548	0.41229899	-0.17478032	-0.00137315	-0.20380342	-0.00725642	0.14353399	0.15563571	0.01513412	-0.11411530	0.25950552	0.05358068	-0.26125444	-0.29954070	-0.08794463	0.12059696	0.15172740	-0.19976835	-0.09923211	-0.02257645	-0.03086715	0.23036421	0.20042475	0.09837202	0.31874092	0.16912613	0.13014169	0.10294587	0.08797828	0.44539401	0.33966300	0.00000497	0.19791187	0.24179849	0.11004285	0.30282718	0.07505216	0.06078309	0.39831644	0.10479272	0.24535266	0.25542844	0.28640411	0.26497943	0.53567942	0.58169657	-0.07893201	0.01044453	-0.21612208	-0.15155335	-0.03575351	-0.08013204	0.05397702	0.21170290	0.12469731	0.36431461	0.42279344	0.29958397	0.37472862	0.11535981	0.09887212	0.16173773	0.02890612	0.08341527	0.09903963	0.13216455	0.16732447	0.20972284	0.22029900	0.00785001	0.06942844	0.06307942	-0.02560913	0.12828353	0.11997011	-0.01346565	-0.10756709	0.22388930	0.24984221	0.09690520	0.19291601	0.21541367	0.13223679	0.16249775	0.43334549	0.02411220	0.41158139	0.13275607	0.02471781	0.08910600	0.25587053	0.10629281	0.15814439	0.21716051	0.23121593	0.05724783	0.11649825	0.08854609	0.05852894	0.14239170	0.00975922	0.04595003	0.08349929	0.30940252	0.43053283	0.20190163	0.31809012	0.13664667	0.11341725	0.26886954	0.38846560	0.32837367	0.19205530	0.28455398	0.34575534	0.11589291	0.21206104	0.12035786	-0.00240090	-0.00034590	0.21788684	0.02657640	0.01507332	0.19123876	0.06682097	0.10901096	0.09109238	0.12092682	0.30829522	0.14463341	0.09484172	0.28083242	0.16895628	0.13198888	0.13969835	0.12948873	0.21978574	0.05601881	0.14310421	0.21652549	0.20502673	0.18149397	0.22562799	0.38173198	0.28269198	0.33031779	0.55469946	0.12706891	0.32300492	0.30120388	0.45745967	0.22001606	0.52999562	0.47422912	0.48088403	0.31024215	0.06765188	0.28351826	0.18187781	0.06354732	0.22497897	0.07447803	0.35040973	0.31864445	0.15164214	0.26976245	0.09297532	0.26257117	0.53308830	0.27655386	0.51615704	-0.13923231	-0.07352030	-0.04530152	-0.16016680	-0.05524426	-0.00848549	-0.06713090	0.08478121	0.05231256	0.07545249	0.11932495	0.09322999	-0.01713411	0.13013740	0.17034709	0.22720604	-0.31777792	0.23805516	0.43115360	0.11743581	0.37561667	0.27011555	0.17028380	0.09861184	0.05480350	0.11277595	0.12418187	0.21917956	0.15432625	0.05921975	0.12119772	0.07459657	0.00674860	0.03953686	-0.07336230	0.21531707	0.18715098	0.32934636	-0.13970262	0.02020489	-0.46924660	-0.00393238	-0.04247441	-0.27661386	0.10757108	-0.05994469	-0.09654044	0.02791046	-0.10929683	-0.32635171	-0.33336551	-0.39291627	-0.16791893	0.16060231	-0.18008918	-0.11291433	0.14426224	0.00312632	0.00684278	0.10784574	0.23023392	0.03263156	0.21662709	0.06437051	0.25565398	0.09852562	0.17948948	-0.02104218	0.04776109	-0.06644010	0.29418399	0.44057834	-0.26851888	-0.30583212	-0.02319419	-0.28557870	0.07141281	-0.02330486	-0.03754258	-0.20246977	-0.16436535	0.11946714	0.17364937	0.16879580	0.30382443	0.39479465	0.05705804	0.25231794	-0.02849251	0.10604718	0.10196606	0.13769629	0.19324665	0.19649547	0.25295467	0.30639192	0.16524577	0.03145742	0.22840707	0.02644696	0.46461323	0.51886100	0.09267730	0.28889675	-0.02202603	-0.03967584	0.10324061	-0.00228793	0.11109347	0.13915618	0.29840134	0.24054122	0.01471785	0.03470209	0.07227237	0.06421678	0.51052300	0.49002254	0.26597820	0.26356701	0.08866350	0.07529239	0.14229108	-0.00589778	0.11792958	0.07911597	0.14365064	0.11692820	0.10484509	-0.08855479	0.14431267	0.06129165	-0.03499611	0.01692391	0.02718831	0.03339793	0.13000019	0.07546371	0.09381843	0.11695223	0.11245890	0.00688357	-0.02917106	0.19431885	0.20792935	0.05784601	0.20172542	0.09580306	0.03112424	0.16273195	0.16515168	0.05877977
17Networks_LH_SalVentAttnA_ParMed_1	0.17303562	0.17219672	0.21397371	0.26439326	0.26095628	0.27190250	0.26577045	0.27603702	0.31321308	0.17713653	0.19590557	0.09913710	0.27250817	0.20669770	0.18789916	0.14003417	0.09045495	0.20418464	0.09599726	0.15940003	0.07819342	0.18551971	0.16160892	0.37042564	0.50555412	0.25640709	0.29022647	0.20330584	0.50104697	0.33033647	0.24455872	0.22012494	0.31378800	0.22551261	0.10344750	0.24626777	0.04764271	0.08336174	0.27434755	0.36288079	0.29156266	0.09100382	0.24203081	0.06900684	0.33141487	0.27153258	0.19240695	0.44380700	0.10870684	0.31554380	0.21084054	0.31303290	0.49471144	0.35234664	0.12730359	0.06226137	0.18779263	0.13326087	0.30313445	0.02113174	0.20194610	0.11723202	0.23455672	0.10544900	0.05407864	0.04869556	0.10594343	0.17605886	0.13447672	0.19555146	0.23682089	0.08274313	0.25490845	0.36936641	0.31893285	0.41988700	0.25727377	0.08190706	0.18712889	0.09121281	0.16784429	0.37021698	0.17180095	0.21504200	0.39503310	0.47739518	0.37833730	0.24317243	0.24025704	0.30992496	0.20754966	0.26995895	0.38863150	0.26543707	1.07687783	0.26144088	0.26853500	0.51092622	0.46288818	0.22869039	0.18853063	0.14183983	-0.08679710	0.20936534	0.27481935	-0.07863008	0.02203025	0.21840329	0.08016166	0.08754609	0.10616630	0.24438792	0.16629614	0.00071339	0.06496278	0.09883714	0.02971167	0.12196065	-0.05150869	0.14011996	0.00303691	-0.05438508	0.27596320	-0.01436737	0.11477355	0.26699037	0.20199963	0.14895549	0.00622996	0.16041961	0.14799715	0.22363858	0.30125507	0.07909398	-0.00363105	0.18083327	0.18503728	0.02737165	0.01708016	0.08987473	0.10563197	0.14068024	0.47873615	0.00303825	0.22951061	0.06161615	0.04480715	0.09092267	0.19718728	0.08655604	0.13526692	0.07853773	0.00357818	-0.05166775	-0.03146716	0.00814754	0.10442473	0.31284139	0.00575650	0.26595633	0.15976690	0.24037937	0.31373021	0.26041409	0.15936435	0.27337717	0.06011474	0.07757390	0.12471606	0.00560854	0.08004917	0.15450930	0.11166189	0.17313365	0.25280438	0.06218159	0.15114880	-0.00296383	0.01320491	0.31459856	-0.05579593	0.21298888	0.30497453	0.16637918	0.27399056	0.28773248	0.18834968	0.05567958	0.09057803	0.01724115	-0.00578059	0.13109215	0.11482837	0.15001462	0.15063752	0.21928947	0.21400774	0.19860084	0.05354140	0.29170817	0.09160728	0.03261023	0.22380723	-0.01767470	0.09059092	0.04247387	0.11652562	0.31491665	0.12861893	0.18219318	0.10521673	0.13124764	0.12229718	0.01678573	0.12695404	0.16887632	0.04921487	-0.00176238	0.20748522	0.29011156	0.04443051	0.33052813	0.19422775	0.36808038	0.30792755	0.52018468	0.15367510	0.46011533	0.33015371	0.26089268	0.06406350	0.16857636	0.16400000	0.20788884	0.19124177	0.17177546	0.00216886	0.22357510	0.18996282	0.11803026	0.18332679	0.18741059	0.21461471	0.09060317	0.15494831	0.18097803	0.14205257	0.07166828	0.20995407	0.09811103	0.31407476	0.18913672	0.36265230	0.21899800	0.25619676	0.22773935	0.19022518	0.15179936	0.23229751	-0.03531484	-0.05669641	0.19244518	-0.05359701	0.04828681	0.21578072	0.15142307	0.21873904	0.12362523	0.20515688	0.19869821	0.12683517	0.15234695	0.06355026	0.17545751	0.40761496	0.22807966	0.36534455	0.19212418	0.25810738	0.23184789	0.25974789	0.29326625	0.18897209	0.16781628	0.37337021	0.36540401	0.28938651	0.39788768	0.03276125	-0.01809339	0.18306936	0.13170310	0.26134863	0.29289442	0.26460483	0.55205696	0.46793334	0.30681459	0.29632647	0.27865068	0.14909809	0.31634738	0.21058624	0.37007231	0.18135120	0.04745473	0.20347254	0.22132786	0.05869348	0.28241740	0.24707331	0.36817014	0.13865652	-0.03324725	0.18100858	0.05750136	0.12245497	0.02469946	-0.05693900	0.10393863	0.10159615	0.15355844	0.06638458	0.06897358	0.07485351	0.16018315	0.05460620	0.08875583	-0.00261725	0.20015476	0.27863701	0.24590853	0.24518127	0.27070190	0.24123470	0.08492097	0.10786059	0.11284398	0.19120854	0.25097356	0.09923082	-0.01382987	0.15310829	0.20845829	-0.00860720	0.04984259	0.05162312	0.20407825	0.22303292	0.55048576	0.16583652	0.25723885	0.00793525	0.38630239	0.07372177	-0.02143789	0.10763546	0.11753295	0.07148564	0.16296997	0.07141202	-0.01482586	-0.09520278	-0.02485557	0.02687103	0.21852016	0.11405363	0.11446252	0.08995388	0.15180204	0.23661353	0.14464970	0.13668511	0.14400486	0.18347562	0.16056328	0.21740419	0.07228173	0.37244177	-0.10544324	0.21676117	-0.01714501	0.34105039	0.29398687	0.02507618	0.03990003	0.07876784	0.01466801	-0.02924845	0.12928399	0.04561395	0.10288134	0.16147081	0.33683982	0.19204993	0.07367896	0.27763162	0.33931742	0.14163047	0.29168091	0.07726578	0.05989193	0.12119493	0.10979296	0.12855580	-0.03720211	0.12125208	0.15478312	0.00720302	0.04574386	0.16239434	0.02893333	0.26399044	0.28667724	0.10493680	0.24443314	0.10519455	0.00701933	0.08239230	0.09646861	0.14235367	0.00146763	0.11333717	0.13573671	-0.05141904	-0.03486975	-0.00072841	-0.05642506	0.13730256	0.14488409	0.08805024	0.14654614	0.01251674	0.03323744	0.13492733	0.03354706	0.06510065	0.09750333	0.10583963	-0.02574392	0.17894835	-0.04062929	0.07669117	0.12540145	0.10398111	0.04422805	-0.02214392	-0.26896216	0.12032333	0.10536767	0.12290053	0.07193825	0.04628147	0.12057714	0.07873041	0.16934243	0.06813433	0.06220773	0.09043834	0.04325590	0.09749459	0.13638737	0.16228644	0.04650177
17Networks_LH_SalVentAttnA_ParMed_2	0.09939896	-0.01893343	-0.03480719	0.10231188	0.16703264	0.19030097	0.14623154	0.24022888	0.30495036	0.21757829	0.27908772	0.16957981	0.14823724	0.15506736	0.07678290	0.13391135	-0.02418534	0.29691921	0.07216563	0.13440608	0.11725763	0.24172165	0.25142565	0.21655717	0.38943260	0.22466211	0.15104093	-0.03736666	0.28554388	0.48337220	0.28264699	0.33189861	0.25939862	0.28092644	0.12881131	0.27931126	0.12539924	0.00717990	0.10972036	0.36064779	0.38047669	0.16570062	0.13377708	0.09267122	0.19978034	0.09087348	0.17575324	0.38662548	-0.08821186	0.09446759	0.25024289	0.32392127	0.31715081	0.27452932	0.17289522	0.03089744	0.12000234	-0.02066315	0.22079213	0.03328308	0.13714460	0.09077080	0.00718118	0.08770561	0.12426500	0.10360280	-0.14218279	0.09693538	0.31370226	0.03963091	0.12220367	0.18162064	0.04482796	0.09702518	0.07681589	0.09487383	0.19614749	0.32003750	0.29737054	0.36363029	0.13270196	0.09756285	0.11031814	0.25972448	0.20581757	0.34730136	0.29566517	0.39781787	0.28908775	0.26422876	0.36937580	0.29196846	0.44810141	0.26156606	0.26144088	1.05532117	0.25225358	0.42126356	0.24203618	0.18328489	0.40632824	0.38156250	0.17727952	0.18123290	0.26636778	0.07155929	0.06589911	0.09461448	0.05852328	-0.00144412	-0.08621384	-0.06530500	0.18224609	0.02464778	-0.12186416	-0.03804819	-0.06247651	-0.11876671	-0.10107397	0.02317038	-0.03098637	-0.15519875	0.26280836	0.00607078	0.14992982	0.12295607	0.12694815	-0.04024956	0.06572701	0.00643070	-0.09644125	-0.05680395	0.26704758	0.05245941	-0.09672220	0.12199429	0.16779867	-0.02041342	-0.17929454	0.01013042	0.05608830	0.19618955	0.15523324	0.14414625	0.17996655	0.09482470	0.15413374	0.25566456	-0.03961565	-0.09513266	-0.00572807	-0.04817860	-0.19807640	-0.05335362	-0.07016646	-0.08778357	0.17359843	0.21566077	0.01921423	0.17636793	-0.03744084	0.08604142	0.22117057	0.17229648	0.07961123	0.22360167	-0.04305846	0.07922454	0.01017266	-0.04522690	0.01248562	0.22727997	0.10942437	0.13780258	0.07457795	0.02563676	0.26696276	-0.20152528	-0.14875496	0.02663158	-0.03263978	0.05187456	0.23873367	0.03653271	0.08787314	0.16525527	0.06274800	-0.16576342	-0.03805450	-0.16809661	-0.12521495	0.04628448	-0.11123166	-0.00143297	0.10483365	0.18431027	0.04441046	0.21364619	0.12836682	0.39105677	0.14186381	0.15033028	0.12055865	0.07700648	-0.01229381	0.04680125	0.16843616	0.21058753	0.25139378	0.26275623	0.23985194	0.16513942	0.03248482	-0.02973586	0.09283174	0.16033404	0.14423019	-0.02190819	0.24592625	0.10655041	0.16029673	0.06525667	0.10420556	-0.02465730	0.06420090	0.33404890	0.06035477	0.29605549	0.18390507	0.06229165	0.24512884	0.28151096	0.18847593	0.12992747	0.18410115	0.09221230	0.14376864	0.32533575	0.35263233	0.03407442	0.12009584	0.15895527	0.20717759	0.19283055	0.20483639	0.21948973	0.13073860	0.15919360	0.20567814	0.21755641	0.28290926	0.18237518	0.27677504	0.07123697	0.16424767	-0.02585322	0.09485156	0.15396438	0.23765465	-0.01807032	0.10331447	0.21000735	0.02933345	0.19375799	0.18021746	0.11977979	0.27513608	0.18714208	0.18425859	0.33163022	0.28743397	0.17415276	0.02326032	-0.01777417	0.07971426	0.07673257	0.06620057	0.29798590	0.23887789	0.30000255	0.36186090	0.18068684	0.26519942	0.26630793	0.44126075	0.21598160	0.28860273	0.27563084	0.20892114	0.28528254	0.28316618	0.26248955	0.15966087	0.42440084	0.10625599	0.39934199	0.06148950	0.30142533	0.22344585	0.56330945	0.20058779	0.31882982	0.17205249	0.43723686	0.07147642	-0.02679794	0.30471429	0.27028635	0.13373940	0.36158952	0.15844407	0.26145425	0.07527448	0.00281124	-0.04875822	-0.11722466	-0.02849950	-0.14754169	-0.05237401	0.02790204	-0.00664538	-0.03389522	0.01283504	-0.11332689	-0.10536941	0.06811584	0.06110867	0.19539460	-0.14223063	-0.07971759	0.00486180	-0.06316912	0.07677372	0.09307829	-0.03348326	0.02303030	-0.15576092	0.14914642	0.12186316	0.42452073	0.19120089	-0.01232505	0.05163370	-0.00373186	-0.23708001	-0.19210240	-0.03090744	0.15532029	0.15320193	0.24068171	0.07077069	0.29782170	-0.07001519	0.10074037	0.15992376	0.08734513	0.08992946	0.04282141	-0.00106714	-0.07584904	-0.02044536	-0.22597896	-0.08383058	-0.10648438	0.02536996	0.22661837	0.06246067	-0.09449405	-0.05425047	0.05166275	0.20226631	0.10633937	0.20265001	0.10352440	0.10127530	-0.02298926	0.28875686	-0.10594621	0.09269407	-0.06381371	-0.00162092	0.03576044	0.25930220	0.18947455	-0.17074424	-0.06387905	-0.00121583	-0.10459822	0.02719727	-0.02819161	-0.06292725	0.00006596	0.11149572	0.23813324	0.16667446	0.20635282	0.44440411	0.37328400	0.14880960	0.33399918	-0.12824086	-0.04628979	0.01633259	-0.07783063	0.17378135	-0.01221152	0.06109764	0.16434189	0.04005835	0.03651745	0.07655043	0.08423271	0.18149366	0.20759886	0.01153371	0.14535247	-0.10906451	0.03581193	-0.10608590	-0.03919961	0.10770525	0.00640990	0.04323079	0.15169896	-0.00210644	0.00058913	0.12908878	-0.02478947	0.22802694	0.11478814	0.14724858	0.21088875	0.08103790	0.08547439	0.08416397	0.09180880	0.02058364	0.18275353	0.21269426	0.06451059	0.12146664	-0.03780462	0.16338070	0.10239967	0.15188372	0.00895968	0.05133889	-0.01132732	0.11813086	0.07771662	0.06356384	0.04076471	0.13667598	0.03651384	0.10224838	0.17136268	0.14499201	0.13154601	0.15946968	-0.02929007	0.03088990	0.11084843	0.15373849	0.15684098
17Networks_LH_SalVentAttnA_ParMed_3	0.15832792	0.12817380	0.17155961	0.15819623	0.13236228	0.13513444	0.23487906	0.16950480	0.24677114	0.25423140	0.31258628	0.15987528	-0.03113794	0.05301481	0.14255705	0.02365375	0.02156983	0.18467715	0.16983145	0.10535054	0.30912642	0.25565792	0.37533832	0.35843920	0.13929498	0.20261264	0.23585038	0.16398880	0.28832967	0.25293332	0.25668269	0.22064370	0.17262277	0.23044382	0.26859987	0.28465490	0.10049086	0.33280399	0.44213789	0.33284815	0.31061597	0.19710073	0.24232955	-0.02991406	0.14854684	0.22349374	-0.02769320	0.12327899	-0.06309767	0.15216352	0.16706756	0.17208315	0.33199507	0.32196520	0.08674822	0.06710785	0.12396850	0.13273485	0.23968098	0.16309336	0.07148938	0.14318882	0.14676831	0.14713139	0.25335901	0.04486983	0.16992972	0.09133959	0.24988520	0.29084296	0.41375265	0.42754099	0.06793901	0.13188665	0.21412415	0.21211990	0.05997615	0.24788847	0.50596939	0.33890857	0.14086793	0.23760649	0.20214065	0.25975397	0.28284862	0.25361868	0.26205004	0.28451624	0.03376375	0.02306280	0.04736658	-0.03316207	0.17681797	0.16415230	0.26853500	0.25225358	1.02404286	0.25891956	0.32162973	0.11420331	0.22073885	0.33930927	0.22810587	0.03700911	0.07748258	-0.05625706	0.00570933	0.10409510	-0.07337337	-0.21296338	-0.17671032	0.03885807	0.20032963	0.02050390	-0.12948103	-0.13550999	-0.01215539	-0.08716020	-0.14226408	-0.15416307	0.04428680	-0.02849606	0.34240629	0.12623951	0.13396017	0.13743697	0.29999680	0.06993130	0.06199037	0.19971256	0.05734948	0.08497122	0.22012383	0.05619087	-0.01755632	0.16578588	0.14653759	0.11178493	0.09372350	0.05187299	0.14229966	0.24068913	0.33784306	0.00414135	0.21055700	0.31771419	0.04637535	0.11328778	0.07486910	0.05834276	0.31709191	0.23748791	0.10749992	-0.03047213	-0.06447307	-0.04558959	0.10507611	0.23492571	0.13411425	0.33560012	0.13105194	0.09762056	0.28260195	0.17964553	0.20949373	0.16811484	-0.10341891	0.05028924	0.00062563	-0.00046779	0.06821359	0.01924318	0.08588140	0.12683464	0.25220784	0.15877301	0.31516797	0.08417577	0.02487908	0.24194323	0.15526978	0.20504330	0.03437600	-0.02999579	0.09117116	0.11943840	0.04325821	0.10126072	0.03568703	-0.10465074	0.00948674	0.07138806	0.03528618	-0.12648018	0.00458027	0.09763601	0.01411667	0.09584249	0.08286561	0.13493835	0.13891191	0.01674141	0.30747781	-0.08351417	0.00642027	0.27243054	0.08479381	0.28788188	0.24636757	0.23586302	0.23860766	0.18307040	0.00995382	-0.16283890	0.03648419	0.14461843	-0.11078538	-0.03241752	0.09336309	0.21219232	0.25728912	0.15250132	0.30341409	0.33112155	0.34127576	0.26125149	0.22206320	0.24421577	0.32564093	0.06712315	0.20785784	0.41141653	0.31553067	0.38062413	0.27999858	0.40101380	0.25281052	0.29938300	0.36796330	0.10527624	0.30503588	0.25857617	0.26005051	0.05970903	0.11365580	0.06740734	-0.02616768	-0.05330305	0.18042743	-0.00073670	0.12477272	0.09230055	0.07456030	0.03956920	0.19417493	0.03382133	0.11085240	0.07876878	0.28708537	0.18203065	0.22778520	0.25975049	0.03028041	0.37175756	0.32990098	0.13300231	0.26352389	0.21780674	0.28981456	0.27280857	0.21858414	0.22078608	0.18646100	0.04301631	0.33088998	0.36247588	0.25138338	0.15778052	0.48745462	0.28913750	0.24066940	0.29564693	0.23457268	0.12388762	0.20244261	0.08113766	0.20663865	0.28179724	0.01136656	0.04930171	0.04359031	0.07199835	-0.06207883	0.12488538	0.07480880	0.26711514	0.16045536	0.16242352	0.34085642	0.38027525	0.17404059	0.14871405	0.17327253	0.28976656	0.07741307	0.03242249	0.17007355	0.28698235	-0.02375295	0.10148648	0.01118462	0.20478148	0.00680057	-0.11530049	-0.15512757	-0.18101876	-0.14062383	0.11162631	-0.11695272	0.09750865	-0.09882082	-0.09256748	-0.07015469	0.04237696	0.20121146	0.21157546	0.17842011	0.20230133	0.03398542	0.03189023	0.13734749	0.16220185	0.18937254	0.18129009	0.11896946	-0.00512287	0.01674135	0.05747243	0.11492135	0.24214343	0.14444111	0.10015509	0.13960803	0.15052216	0.06516018	-0.14128562	-0.08446069	0.03063369	0.15764756	0.38353589	0.05949011	0.19684637	0.14926943	0.31494864	0.26654492	-0.05821867	-0.01535644	0.07075503	-0.01054558	0.10490768	0.09075185	-0.06120555	-0.01053281	-0.00343681	-0.11658465	0.12613361	0.02520150	0.00526810	-0.00944104	-0.04003777	0.13174061	0.03207499	0.00986443	0.04521709	0.03449085	-0.16448406	0.27122115	0.12386759	0.31113461	0.03756048	0.05191641	-0.26669112	0.09179684	0.06619141	0.11447221	0.20274612	0.02454876	-0.01487023	0.03967453	0.04382624	-0.21273190	-0.03730456	-0.02131593	0.15790078	-0.06042150	0.06777834	0.22404764	0.25109579	0.09975720	0.16993999	-0.23705758	-0.04003714	-0.13386090	-0.15963139	0.08294569	-0.16973795	0.00077492	-0.04490385	-0.23297509	-0.29225007	0.05121672	-0.24808076	0.01184141	-0.00392203	-0.06469594	0.15995942	-0.23460241	0.03471811	-0.16293260	-0.13433262	0.04123846	-0.10746683	-0.09098025	-0.11575398	-0.17993661	-0.16529589	0.03229110	-0.10043420	-0.06661446	-0.07618863	-0.05030643	0.06790987	0.07092575	0.20083913	0.11109455	0.04019681	0.02667432	0.16603963	0.09543904	0.08235579	0.13946445	0.06923502	0.09449546	0.10086512	0.10585831	0.07621560	0.10438950	-0.11315600	0.24445544	0.13444230	0.06664283	0.04069620	0.23023294	0.19708666	0.03308047	0.23402893	0.18926707	0.30675928	0.23485483	0.23217026	0.17119889	0.23958606	0.16986363	0.19915469
17Networks_LH_SalVentAttnA_FrMed_1	0.38407765	0.32837561	0.26580309	0.33328238	0.23756968	0.37527093	0.33277560	0.26917922	0.33696706	0.24105218	0.20370080	0.08661288	0.37799763	0.27799366	0.34538026	0.31317521	0.02642298	0.25452590	0.15777147	0.23229342	0.10311099	0.28272441	0.24563045	0.34079647	0.60541884	0.37273048	0.34175568	0.07393511	0.54697676	0.43860415	0.42625121	0.53446324	0.45848038	0.41132110	0.20925655	0.48439385	0.24570801	0.21472571	0.43340914	0.61937981	0.48299388	0.20591190	0.42043819	0.21651600	0.49778419	0.36217406	0.33173828	0.55552521	0.09803348	0.25548103	0.38524074	0.49511533	0.62106944	0.55997665	0.17792040	0.01397474	0.22798880	0.13856902	0.32666889	0.27347665	0.28151985	0.43796883	0.32800584	0.12427859	-0.08966706	0.07994530	-0.06306687	0.07629600	0.18501425	0.15550554	0.14654960	0.22477947	0.30312392	0.34272716	0.28843126	0.39564870	0.28606976	0.20048074	0.16904727	0.26444442	0.16868073	0.48930473	0.26614434	0.31410638	0.53170710	0.63560703	0.46895037	0.40937516	0.27292257	0.31881954	0.36049561	0.36331098	0.62701201	0.43293721	0.51092622	0.42126356	0.25891956	1.16073396	0.64151200	0.41585873	0.28031661	0.33706857	0.10198230	0.16632414	0.38297561	0.01973290	-0.01910949	0.48745135	0.25624000	-0.02707390	0.05669950	0.28143900	0.50931947	0.10308972	0.03581623	0.11292521	0.12846052	0.02904562	-0.03956577	0.08292240	0.04474191	-0.06944430	0.28333864	0.12161189	0.14475978	0.12471485	0.32274187	0.13015073	-0.06247350	0.26161597	0.25167035	0.36934960	0.45360592	0.26633893	0.15044791	0.23098796	0.21002037	-0.06094248	0.11285618	0.20467544	0.25033448	0.26102359	0.58746970	0.10891479	0.09012202	-0.12860419	0.23620926	0.15659282	0.28542424	0.21384353	0.20222586	0.25787239	0.08980305	0.04303712	0.01464349	0.07026079	0.29186378	0.59891347	0.05785746	0.25368172	0.34509661	0.35040541	0.44846875	0.43111641	0.32719221	0.42335916	0.13545929	0.28858220	0.39307154	0.23322902	0.29083240	0.28670626	0.18149284	0.26063132	0.51889884	0.20357155	0.40354667	0.05947044	0.07298799	0.36466653	0.10512556	0.32675414	0.39724709	0.06422304	0.37668931	0.32403281	0.28593709	0.07317551	0.23639528	0.13402967	0.05823530	0.12615395	0.05651324	0.15946083	0.19148956	0.33389419	0.29330715	0.37020458	0.08158112	0.42206307	0.37383236	0.27179331	0.48498759	0.22406974	0.13241641	0.24445463	0.42158093	0.42588506	0.26874361	0.39486323	0.24965712	0.23330643	0.31553196	0.12270761	0.34029644	0.35209010	0.11243901	-0.01177974	0.27072860	0.30998419	0.19477445	0.25003961	0.24226245	0.30046049	0.35591057	0.61597945	0.17031487	0.59488839	0.38741184	0.25520017	0.26875965	0.32803340	0.28238898	0.25316681	0.39359185	0.33265879	0.12200615	0.44730523	0.36775342	0.11079909	0.28715644	0.15814157	0.33106398	0.21546875	0.40760085	0.29382150	0.21461584	0.24253322	0.42665397	0.19306036	0.50564377	0.33494218	0.52550373	0.28447711	0.46830856	0.24644079	0.22901393	0.27568176	0.35855352	0.20736614	0.22748692	0.30848746	-0.01143580	0.11128227	0.25802853	0.07737375	0.20576152	0.11351403	0.11995886	0.32264329	0.35631303	0.18148337	0.18463416	0.22853732	0.36929712	0.24512607	0.26177347	0.27792550	0.23315873	0.32323965	0.35828612	0.50608794	0.30086953	0.33134205	0.53648848	0.43972516	0.29728276	0.57635259	0.13699041	0.11796085	0.32508650	0.35040721	0.25372083	0.57197794	0.34367495	0.83997675	0.34928810	0.31393681	0.32487752	0.36409143	0.12551904	0.64386569	0.26055837	0.40476666	0.08733809	-0.00767980	0.39535121	0.26850216	0.06588140	0.32392384	0.35586109	0.55511449	0.13516822	-0.01016780	0.06165956	-0.16302778	0.13716775	0.14954555	0.02157482	0.25209912	-0.03336340	0.15817040	-0.00472153	0.15141278	-0.00581235	0.15231801	0.07674802	0.16843491	-0.13116421	0.17801022	0.32885507	0.11941824	0.27433666	0.25300647	0.29607756	0.24298457	0.10557593	0.07171158	0.11484866	0.35252658	0.09373746	0.06279195	0.16919933	0.25148070	-0.03716937	-0.04379102	-0.05815144	0.17265935	0.32507486	0.47571573	0.05930535	0.27411007	-0.08332078	0.23621923	-0.04119210	0.11542559	0.13511594	0.25463788	0.11113704	0.14028588	0.09939697	-0.04791759	-0.04746888	-0.09582139	0.09835344	0.50378401	0.15641536	0.20929078	0.26769561	0.26992264	0.38243580	0.21198633	0.34749153	0.17305683	0.21111164	0.05369920	0.37430778	0.18883051	0.50214223	0.08093066	0.33201389	0.03529773	0.38079453	0.32399594	0.07119237	-0.00319293	0.26790012	0.04004871	0.01517267	0.14250494	-0.10300936	0.13820259	0.05228087	0.39175294	0.23141398	0.09483586	0.44948582	0.42958395	0.17970518	0.35270638	0.09418297	0.18130388	0.08500027	0.07145959	0.38305591	0.06792184	0.24688097	0.41680151	0.06071595	-0.08328241	0.17231863	-0.06213641	0.32439399	0.43423728	0.05103901	0.39064113	0.06122787	0.15682995	0.06024451	0.06293299	0.24568217	0.11063644	0.21923698	0.28909131	-0.07019799	-0.08938575	0.05995686	0.02911266	0.29826266	0.26371315	0.17116913	0.24700394	0.22049878	0.22423608	0.27004129	0.12825910	0.04246038	0.22562994	0.27680553	0.09971192	0.23767774	0.05113731	0.21780802	0.18624311	0.17082647	0.13450784	0.03468798	0.01031169	0.28854793	0.19326040	0.27640372	0.13679578	0.15418247	0.19608678	0.02572615	0.29418709	0.25871239	0.18988950	0.38263429	0.23272330	0.25644970	0.34968154	0.37536359	0.23589594
17Networks_LH_SalVentAttnA_FrMed_2	0.29666425	0.23449294	0.14074015	0.20993866	0.19956624	0.35694698	0.30294268	0.27770794	0.34172242	0.11163741	0.15879516	-0.04238280	0.25100448	0.22439712	0.28551156	0.32235516	-0.01151067	0.20300651	0.20623964	0.28428839	0.12225427	0.26812194	0.25555021	0.29524992	0.44144316	0.36641471	0.29320666	0.11083419	0.43798789	0.28114295	0.32475328	0.48043515	0.28090338	0.26227395	0.17569986	0.47946361	0.15559861	0.29662591	0.38378988	0.48285732	0.39107527	0.14585858	0.35477679	0.09108632	0.35184360	0.33632350	0.22048741	0.41250086	-0.07559812	0.24514282	0.36170178	0.44161000	0.44797710	0.37895666	0.23548971	0.08594895	0.29097035	0.20822492	0.42015618	0.12065586	0.20628012	0.23595477	0.20157616	-0.01727642	0.04209010	0.03314156	0.06943285	-0.00392113	0.21839986	0.21490284	0.19419165	0.21426339	0.12746041	0.25206622	0.13286358	0.30920912	0.17637933	0.11809263	0.10222548	0.14851735	0.21772825	0.69398937	0.46113689	0.58060254	0.61956970	0.36858523	0.46869004	0.16171989	0.20494877	0.22537906	0.33789503	0.21480109	0.47062748	0.56673226	0.46288818	0.24203618	0.32162973	0.64151200	1.21605432	0.49555917	0.21802658	0.28162684	0.15806570	0.26456053	0.57187212	0.13439235	0.01464568	0.63263321	0.22818343	0.00669533	0.10961895	0.29495297	0.49277513	0.09462811	0.10374351	0.10122773	0.15256058	0.10172095	0.02340799	0.00255443	0.06135927	0.00385982	0.22644377	0.18560679	0.08215755	0.11327760	0.34364868	0.18192009	-0.17199559	0.21627553	0.45107603	0.45029419	0.39024075	0.14796645	0.10237752	0.35182078	0.31340912	0.01171277	0.24716981	0.33331012	0.39255609	0.38475879	0.76856498	0.07753221	0.13380135	0.04386838	0.14653862	0.14826034	0.34791984	0.30918712	0.36581356	0.26752935	0.22100604	0.00478714	0.05447999	0.11700082	0.28985963	0.49775577	0.22579546	0.32356727	0.33965187	0.40556084	0.58520715	0.55422900	0.44917807	0.57848561	0.22837937	0.34407935	0.36123067	0.23090165	0.32155842	0.40037260	0.06959521	0.40641107	0.62399395	0.24313990	0.45299608	-0.01010968	0.11536773	0.60202048	0.20071671	0.46661880	0.39834253	0.12233349	0.44367796	0.44906927	0.46687279	0.10150579	0.21074214	0.08795609	0.18493769	0.16704917	0.07103112	0.23148920	0.16394769	0.17404765	0.34570737	0.27507104	0.03254235	0.26298503	0.22334386	0.17674705	0.39688680	0.14087502	0.17358582	0.20261627	0.35586119	0.35978131	0.24056072	0.22460374	0.13918843	0.12888736	0.22467130	0.10116284	0.26888678	0.23095953	0.00933508	-0.05765488	0.16792819	0.24621254	0.12295735	0.13378588	0.27265954	0.36540721	0.43155056	0.56558289	0.18221832	0.58975955	0.44226402	0.19856352	0.19346582	0.36900666	0.30502195	0.30535413	0.44891432	0.35520535	0.08180707	0.37261937	0.25563820	0.18030265	0.30892173	0.16798409	0.31990717	0.13061857	0.34728406	0.35423796	0.15600327	0.25768005	0.28992493	0.06580520	0.35328013	0.37945479	0.36217264	0.29190025	0.33467575	0.35279355	0.31863011	0.37706591	0.33380567	0.08590536	0.13138044	0.24105659	-0.11248628	0.12998963	0.20471375	-0.00140657	0.23142992	0.00446983	0.19130171	0.31769562	0.23672039	0.18070522	0.19414204	0.27841914	0.36027676	0.32029458	0.27165342	0.28585719	0.18695127	0.25765182	0.24022597	0.44752379	0.36855785	0.26939467	0.34749805	0.27519521	0.23463068	0.60164594	0.00200461	0.17110424	0.25719677	0.36014782	0.11871589	0.45877239	0.34224137	0.67477777	0.41999948	0.19879666	0.45059067	0.25052802	0.10543301	0.39594687	0.22939057	0.26598789	0.10837593	-0.00873598	0.32577994	0.30674050	0.17411702	0.34117292	0.44984529	0.58377833	0.07062236	-0.01996169	0.12069450	-0.16759594	0.19126865	0.24657441	-0.03674539	0.24238370	0.03827593	0.16286372	0.02753403	0.13789117	0.03963139	0.20181667	0.11761966	0.22671033	0.03343501	0.30931804	0.34174828	0.32250757	0.28809595	0.38680710	0.22043306	0.11150033	0.04726254	-0.01340202	0.12329089	0.15184045	0.07756861	0.15226968	0.27786287	0.34491990	-0.00847716	0.02731406	-0.03217933	0.06546615	0.37570530	0.53184074	0.07452058	0.18071122	0.05190897	0.29784969	0.09709223	0.01358886	0.08504258	0.22437578	0.11817389	0.16632933	0.04686137	-0.03511825	-0.01421423	0.00897574	0.06902117	0.36434817	0.15012230	0.14130915	0.26356119	0.31291724	0.43269220	0.19072791	0.32697316	0.13559518	0.09442610	0.15434800	0.48944682	0.30570691	0.49992477	-0.00869626	0.24834040	-0.00271143	0.30643450	0.34719860	0.08590344	0.08101224	0.20980503	0.06035029	0.02750652	0.13440125	-0.10347058	0.16576820	0.07955548	0.35121101	0.23404910	-0.02759658	0.26639139	0.31836549	0.15361442	0.17815512	0.08830580	0.19894791	0.00479608	0.06865455	0.33099204	0.06667427	0.27952163	0.40121137	0.09913217	0.02534496	0.33945822	-0.06248218	0.39247305	0.36373438	0.15421083	0.44757678	0.02750431	0.04666823	0.09392576	0.05988107	0.16856078	0.20134505	0.25850274	0.24907283	0.01187819	-0.08819004	0.05406920	0.09147407	0.35054416	0.24905443	0.28949676	0.36787893	0.22345246	0.20784263	0.26698164	0.06850444	0.01925423	0.21498865	0.22390567	0.12398573	0.28656839	0.08545168	0.17576246	0.22114049	0.10898636	0.15853264	0.01929631	0.00644096	0.27876319	0.17223033	0.21408920	0.13580919	0.17463525	0.19376468	0.07400427	0.30253629	0.28457741	0.21643293	0.38634559	0.26763305	0.31167953	0.33251371	0.29604445	0.25719114
17Networks_LH_SalVentAttnA_FrMed_3	0.16485605	0.30325263	0.03680685	0.23250232	0.16002575	0.22111996	0.30051976	0.22313913	0.32573492	0.05872615	0.18708551	0.13079302	0.26900829	0.06853806	0.22843932	0.33106370	-0.02848460	0.19405089	0.04578941	0.15358433	-0.00444842	0.10760077	0.25443175	0.05932260	0.34981179	0.36819809	0.27533541	0.04765252	0.33373121	0.20711853	0.36739057	0.44841043	0.39426536	0.37698452	0.13068655	0.58774028	0.23033912	0.23848382	0.23569100	0.38645545	0.32251026	0.26471645	0.24915696	0.01400551	0.10035494	0.04249469	0.24497313	0.20044672	-0.04893800	0.18850323	0.21503121	0.38256517	0.31111572	0.29658450	0.23531998	0.04205485	0.18374634	0.16932454	0.23506875	0.24314810	0.27473843	0.23188287	0.23826647	-0.00906328	0.05517258	0.07696011	-0.02525187	-0.01588723	0.08579187	0.00660358	0.13816614	0.11323306	0.15518864	0.24857505	0.08672933	0.26526694	0.18572790	0.15342635	0.08430645	0.15691272	0.17512194	0.34930177	0.27509160	0.28826150	0.33108972	0.20417124	0.16063010	0.14255825	0.06626884	0.05564150	0.23293518	0.24574195	0.36609207	0.20972169	0.22869039	0.18328489	0.11420331	0.41585873	0.49555917	1.12431816	0.11672745	0.18808741	0.02154452	0.08372447	0.21595844	-0.10061848	0.03276935	0.34868646	-0.02166014	0.08479391	0.12638645	0.13208916	0.33813318	0.07528822	0.14615132	0.05844861	0.18318723	0.06273951	0.10900130	0.02390578	-0.01543150	-0.02017675	-0.02149440	0.00319784	-0.11338803	0.05184018	0.00820253	0.00749866	-0.10178181	0.13507743	0.19929347	0.25667706	0.24474558	0.03411184	0.09622646	0.13603275	0.02957900	-0.13289918	0.20596566	0.16518486	0.20232667	0.09528667	0.39596751	0.14251567	0.03460456	-0.02842158	0.04764894	0.05326713	0.26833792	0.27452883	0.27546628	0.00488871	0.08349895	0.15909339	0.24397838	0.18693663	0.17331854	0.42000181	0.14552023	0.24238941	0.20907851	0.24644412	0.36684441	0.38883821	0.17746217	0.28347631	0.14667067	0.19242244	0.33094984	0.22174825	0.28895710	0.33462774	0.17246869	0.26174596	0.43026584	0.23817632	0.19732504	-0.02550198	0.06552148	0.18555774	0.16437578	0.25054065	0.36772390	0.08565145	0.35841125	0.24879764	0.14987330	0.19105131	0.15352936	0.23416679	0.27015075	0.14225399	0.19467098	0.17910361	0.12188581	0.15794756	0.22363941	0.17504734	-0.11507435	0.21787178	0.28906466	0.14465389	0.26437116	0.16293899	0.03683183	0.12010930	0.33756099	0.35390106	0.29037649	0.17089891	0.15967433	0.19199445	0.19901395	0.28900321	0.16887115	0.11245151	0.15048606	0.01204919	0.01606916	0.08404286	0.11000535	-0.01821125	0.12040279	0.24854426	0.31941217	0.37598132	0.14314924	0.42803983	0.32698496	0.38817117	0.17270968	0.30926412	0.30980220	0.21022976	0.44453984	0.33461587	0.08952382	0.27505617	0.27824791	0.51961275	0.13454563	-0.12364601	0.26235784	-0.00291223	0.11097155	0.13738451	0.13392163	0.16971552	0.16094288	0.11911798	0.22185355	0.28637255	0.33206348	0.23840746	0.29022218	0.23052796	0.24041943	0.37558495	0.39636515	0.13409243	0.24869691	0.17601610	-0.16163543	0.10578163	0.15516892	-0.02620713	0.08148525	0.06720743	0.16483867	0.16735359	0.27702651	0.11833989	0.03421463	0.27737920	0.31046014	0.21466536	0.19944409	0.23000908	0.09544743	0.21875939	0.21945901	0.30165714	0.22730428	0.01566552	0.26648898	0.26942707	0.23795571	0.31208336	0.00965250	-0.06124506	0.13778046	0.17192198	0.10659766	0.33666927	0.02772684	0.39041262	0.20618409	0.20593557	0.23530112	0.16576684	0.22502242	0.33800167	0.02352604	0.14220035	-0.08949736	-0.17615352	0.21046015	0.14736146	-0.13114182	0.08566832	0.17697562	0.14589447	0.01634987	0.02165511	0.08583109	-0.06285581	0.20592131	0.12841622	0.09707073	0.16003537	0.01864429	0.15518305	0.11121500	-0.01312445	0.00233300	0.23218916	-0.04558734	0.11253282	0.12576338	0.04249018	0.17291961	0.10181803	0.10487721	0.21856646	0.10411715	-0.02297231	0.06191393	-0.09591264	-0.11421474	0.14367789	-0.08126012	0.00461059	0.06146352	0.21211064	-0.06160266	0.02894833	-0.08340435	-0.09229056	0.18642682	0.20711808	0.15156465	0.15803009	0.16943503	0.19726132	-0.08253886	0.16763038	-0.04659148	0.21667993	0.13366494	-0.01912386	0.05112200	0.10987902	0.16645756	0.22744154	0.17146796	0.25208743	0.20901540	0.13909777	0.07556032	0.23948667	0.32618940	0.02070537	0.06035912	0.11253696	0.13200599	0.23693407	0.32990040	0.32115036	0.30889526	-0.00630463	0.24365675	0.06284686	0.12936896	0.07746629	0.18077148	0.15856091	0.16829067	0.26439560	0.01108809	0.24966397	-0.02805922	0.29600476	0.15911059	0.25017887	0.20347679	-0.08736181	0.12009281	0.21448434	0.08820197	0.10736951	0.19354877	0.23162417	0.04600295	0.12615252	0.23792812	0.13630702	0.34006573	0.35396273	-0.02237208	-0.08284012	0.28952116	0.05065216	0.24938142	0.22873900	0.13934517	0.29597187	0.18546177	0.11196556	0.10608802	0.19633697	0.14782375	0.10816221	0.22191265	0.27606263	-0.07657486	-0.06200193	0.00200532	0.04628825	0.18325236	0.11947688	0.10841845	0.29461870	0.20704302	0.17207693	0.25649218	0.11201070	0.03256734	0.26538125	0.16150088	0.22110472	0.15294481	0.17797995	0.09009728	0.17789650	0.16815998	0.18018424	-0.08099567	0.07605966	0.33069109	0.22783514	0.24602568	0.03508343	0.05049130	0.25409301	0.19592983	0.19919718	0.17892192	0.26552766	0.27864881	0.20648585	0.34746492	0.20454175	0.15301117	0.20395682
17Networks_LH_SalVentAttnB_PFCl_1	0.21592801	0.02621360	0.05073843	0.17920175	0.32466381	0.26232269	0.28238419	0.25145970	0.36069014	0.37819847	0.26259704	0.20809904	0.13790278	0.08356665	0.18025493	0.05727094	-0.02348489	0.28365166	0.15019739	0.15142339	0.21690248	0.23483160	0.24078390	0.20466366	0.23807140	0.20874611	0.20476681	0.09312387	0.17437234	0.28914365	0.22314835	0.22686235	0.30030677	0.27736448	0.09023680	0.24841249	0.12922435	-0.03367371	0.19827158	0.30146775	0.27420921	0.05786568	0.14928176	-0.02486381	0.25865178	0.15832144	0.24565278	0.22642372	-0.11326443	0.03645753	0.19796519	0.33748246	0.21639116	0.23133539	0.22167535	0.08397638	0.24505483	0.08842764	0.30093615	0.08956084	0.20961435	0.14716912	0.10140711	0.04741445	0.15063730	0.05666274	-0.01307736	-0.03458427	0.29221702	0.11338289	0.15679616	0.29069242	0.24341184	0.21482503	0.16678495	0.16995575	0.15756835	0.21855108	0.30320072	0.32081133	0.01860307	0.13973269	0.11307034	0.12146329	0.27471018	0.29835516	0.27410933	0.32646765	0.24332019	0.18125398	0.32322791	0.29845000	0.24289640	0.17851894	0.18853063	0.40632824	0.22073885	0.28031661	0.21802658	0.11672745	0.97360489	0.35840932	0.21347143	0.33595474	0.31251623	0.13176084	0.18235638	0.22828155	0.03127099	-0.05012159	0.01739316	0.07508062	0.06466039	0.12056217	-0.00215722	0.05923538	0.01152756	0.02951460	-0.02380214	0.13539170	0.08081579	-0.13194211	0.39171556	0.03666743	0.29795521	0.15473651	0.31945360	0.17949860	0.31519189	0.12974837	0.02774076	0.01607459	0.30797613	0.08912395	-0.06255316	0.14147846	0.29168819	0.15685182	-0.00030972	0.14990103	0.16336645	0.46603040	0.13364563	0.00939781	0.16519752	0.01948622	0.17719983	0.29558870	-0.07961746	-0.09512227	0.09981547	0.16442857	0.07832003	-0.14900535	-0.19566512	-0.05561729	0.18312563	0.10978865	0.04573162	0.13412950	-0.13004183	0.05532159	0.13362156	0.10768253	0.20962259	0.23353272	-0.07143974	0.03315500	-0.00029866	-0.19195750	0.02844612	0.04395523	-0.00098046	0.02196344	0.01947399	0.02791800	0.27900140	-0.16158814	-0.03837122	0.18961880	-0.00219932	0.16439345	0.08130809	0.02620169	0.00683658	0.06679478	0.11060159	-0.13151554	-0.05961858	-0.25213610	-0.20133847	0.07519222	-0.05583915	0.06355755	0.19377865	0.11386583	0.01635707	0.24673213	0.20449722	0.27680271	0.18662060	0.17041859	0.18380569	0.18495377	0.09909188	0.09663967	0.17937273	0.28252569	0.21299052	0.31002160	0.24704633	0.25923861	0.02253825	-0.05395643	0.02867786	0.08945286	-0.04938335	0.12743807	0.10653281	0.21715483	0.27104230	0.10786844	0.26894680	0.14841911	0.15708201	0.29302719	0.18211890	0.19615217	0.15051890	0.03382276	0.23939112	0.33335140	0.18465620	0.17542605	0.20227965	0.02995696	0.19835651	0.31932542	0.22281326	-0.06239201	0.17866566	0.15724401	0.14296595	0.07398804	0.10182309	0.08022052	0.10112338	-0.06785610	0.09696688	0.12254913	0.16683842	0.11461772	0.19121000	0.17549776	0.18301366	0.02054040	0.17123402	0.15963598	0.26500104	0.03854708	0.02755590	0.17851511	0.09507453	0.21600798	0.18900044	0.15970174	0.18837396	0.17826249	0.19194879	0.31727613	0.14875953	0.15504471	0.18229705	0.07414954	0.14531835	0.18652778	0.10855373	0.18515248	0.23243514	0.21992592	0.17372208	0.27823495	0.24254987	0.21038370	0.28933188	0.19001472	0.21462601	0.31730832	0.08761357	0.11213100	0.19034427	0.17741061	0.12877375	0.28329343	0.17075366	0.29424590	0.13547586	0.22643898	0.15133738	0.32155721	0.21403068	0.13884036	0.27341649	0.33642619	0.26232921	0.25035403	0.36822860	0.37477872	0.24520000	0.36744941	0.29095354	0.46173225	0.16845259	0.03918796	0.03604480	0.05368429	0.09229930	-0.19333591	-0.02081733	0.11308318	0.06565882	0.07714688	0.12585135	-0.09351885	0.01157981	0.03342515	0.24557948	0.25516425	0.01806845	0.12669235	0.16312439	0.21657653	0.22234359	0.25378989	0.08300349	0.13489625	0.01766967	0.29514187	0.35380660	0.32808351	0.29445062	0.23602862	0.21392875	0.11460175	0.06229729	-0.14180472	0.10923359	0.36693270	0.31585610	0.19915878	-0.00449733	0.23564267	-0.08132106	0.09055830	0.20251618	-0.03901648	0.08634352	0.05688957	0.01073007	0.12257834	0.18079780	-0.01291804	-0.19242436	-0.21249761	-0.00673694	0.15444543	-0.05948200	-0.17900674	0.02381346	0.02340716	0.09614572	0.40490020	0.29027607	0.14386027	0.06178484	-0.04192305	0.28789575	0.00210700	0.08942614	0.08284651	0.05789219	-0.05201542	0.21783655	0.26365389	-0.14590594	-0.06673164	-0.03042267	-0.21844738	0.00936521	0.10479068	0.03066395	-0.04640537	-0.05981755	0.18091404	-0.04199344	0.25803118	0.34263549	0.23690307	0.10763957	0.36634173	-0.02497642	-0.02714312	0.07935916	-0.00645602	0.12441090	0.09444775	0.17197849	0.08596450	0.02210850	0.00877089	-0.00836222	0.05445462	0.14594121	0.12623318	0.08564597	0.20290040	0.04449655	0.06968543	0.10341304	0.08941238	0.00162479	0.04986121	0.11515516	0.12020632	0.06902419	-0.09884601	0.00309652	-0.02799603	0.15178859	0.03016616	0.12636855	0.24254654	0.16273016	0.11331811	0.12729773	-0.01162978	0.04022968	0.19444459	0.10198107	0.01803572	0.16564836	0.05806367	0.12341315	0.16798778	0.20556986	0.08476437	0.12550664	-0.07108880	0.19737068	0.14352074	0.08639864	0.03048486	0.14481744	0.11976300	0.13604607	0.19055739	0.22989312	0.28919518	0.18464501	0.03125461	0.02587819	0.12787093	0.22869552	0.17267899
17Networks_LH_SalVentAttnB_PFCl_2	0.34143759	0.19639232	0.10199289	0.15657913	0.27906462	0.25698163	0.28645826	0.19886889	0.26532110	0.31894567	0.32313288	0.23179999	0.09978342	0.12091390	0.21687432	0.12297061	-0.00978052	0.22770557	0.16671246	0.20802314	0.24388220	0.30978378	0.36062445	0.14685650	0.21379271	0.17382683	0.13080389	-0.01809536	0.21483068	0.18699881	0.11610754	0.22703849	0.29105428	0.25913594	0.20021660	0.24030226	0.09492360	0.15181611	0.23960366	0.40921494	0.23052837	0.16536079	0.22560731	0.04223545	0.20937208	0.19540181	0.13247092	0.15953908	-0.05994716	-0.00946697	0.15953522	0.22909042	0.19059178	0.28135960	0.12931308	0.10251400	0.05158546	0.07965985	0.17219936	0.28740037	0.23986938	0.29126578	0.20692463	0.19107786	0.24015177	0.11751065	0.02955194	-0.00280874	0.23357911	0.14899797	0.23921889	0.25744082	0.04270960	0.15993733	0.13431224	0.14988506	0.04978783	0.28146740	0.38813919	0.39739493	0.16309221	0.14564349	0.14857560	0.23503894	0.20924689	0.26325149	0.25139464	0.27292665	0.16478563	0.13473273	0.25146460	0.14867967	0.29594661	0.24501498	0.14183983	0.38156250	0.33930927	0.33706857	0.28162684	0.18808741	0.35840932	0.94475058	0.38186719	0.12786587	0.28515019	0.06451200	0.04003742	0.18581862	0.01570130	-0.03181751	-0.09796306	-0.06876995	0.26180999	-0.04419058	-0.07568917	-0.01214932	-0.01425232	-0.06632689	0.01822228	-0.03463035	0.05238267	-0.08676759	0.26350878	0.09844459	0.13116267	0.10817978	0.25815813	0.04465525	0.16152196	0.12754868	-0.00977335	0.00783745	0.24356108	0.08289081	-0.05654507	0.06725294	0.08543182	0.01898366	0.04778202	0.01503501	0.18867180	0.40360312	0.18743807	-0.00893495	0.13210753	0.16455939	0.10860197	0.09384180	0.01348669	-0.03461279	0.22769081	0.16212528	0.02761834	0.03992999	-0.05555486	0.00475227	0.17623567	0.25891508	0.08374674	0.21700612	0.10614627	-0.03273389	0.32587341	0.23627691	0.18422651	0.25257886	-0.03991362	0.08037199	0.04287176	0.09968292	0.02042008	0.08212480	0.22420546	0.12435120	0.34260285	0.32493685	0.56864953	0.10656336	0.10348620	0.25477992	0.23974198	0.10696600	0.18633311	0.03181378	0.03409837	0.20097947	0.14277135	-0.00975053	0.01910600	-0.14377093	-0.13669373	0.04122926	-0.08001417	0.00345315	0.02757491	0.11819963	0.02484904	0.19608800	0.15284782	0.28972087	0.25863111	0.10123344	0.31573246	0.17492742	0.13832333	0.16294145	0.29574435	0.20720577	0.27915491	0.22521824	0.38714336	0.28000457	0.03373321	-0.03136093	0.26773561	0.11672819	0.06666317	0.07430590	0.17501926	0.12675134	0.30707312	0.08175057	0.26614389	0.04660793	0.16128917	0.20917221	0.02432219	0.16152851	0.10063457	0.06172840	0.22837791	0.40927314	0.18049452	0.10261434	0.18886305	0.22065887	0.15025678	0.27196451	0.32018226	-0.04694180	0.21714821	0.13093209	0.21615090	0.12034025	0.11678907	0.00335051	-0.00156135	-0.07492194	0.06895485	0.02355861	0.10824278	0.05782921	0.11569266	-0.03895047	0.04499483	-0.06069770	0.02117966	0.06822323	0.25735985	0.17613844	0.22622394	0.22445734	0.02380063	0.30984239	0.26773975	0.17138772	0.16447594	0.22261488	0.20029661	0.36544846	0.28218225	0.22819521	0.16514270	-0.02821550	0.12024173	0.17964044	0.01513566	0.25382743	0.39009703	0.30972194	0.27397268	0.27831576	0.22790209	0.30303152	0.23876499	0.09657677	0.09792182	0.32039052	0.08882465	0.23094357	0.14851391	0.14949868	-0.06084101	0.25594237	0.11030478	0.34133935	-0.00785086	0.19101537	0.17546689	0.43887013	0.11842862	0.27615871	0.26208439	0.29577570	0.06457571	0.14086427	0.50627682	0.46600017	0.13459266	0.28873417	0.23307339	0.34510671	-0.01131100	0.01169946	-0.17330882	-0.30161237	-0.06238991	0.10106236	-0.02024358	-0.02331578	-0.09381128	-0.05124587	0.02702408	0.13380759	0.06408493	0.04577198	0.12267631	0.26174835	-0.05757443	-0.07588942	0.08431832	0.00381718	0.08131733	0.20269368	0.03222506	0.00266186	-0.01452097	0.18760300	0.09260199	0.27411605	0.18671679	0.22910957	0.13813290	0.10009878	0.03748128	-0.06152312	-0.10305925	0.15483221	0.22788031	0.28727095	-0.07103952	0.23655358	0.04231300	0.20889911	0.22100561	0.02309096	-0.03134573	-0.01904210	0.07262560	0.00973723	0.10320035	-0.05019102	0.06495796	-0.06168655	-0.03167396	0.25921617	0.02443582	-0.08801304	0.15504068	0.10900780	0.18668456	0.16951766	0.30236316	0.09001153	0.12409054	-0.10924827	0.32692620	0.14671193	0.25246762	0.22165339	0.20532901	0.07310312	0.28351732	0.22777628	-0.01559981	0.08002575	-0.00385164	-0.10482534	0.13758285	-0.02900768	-0.18347992	-0.03210600	0.05483038	0.16782972	-0.06835720	0.06828615	0.36658829	0.22027566	0.15235217	0.26099284	-0.08980247	0.03621432	-0.04671256	-0.00201203	0.16183554	0.02757991	0.03031821	0.12008339	0.05333710	-0.10879149	0.13291648	-0.09080048	0.10866703	0.07844220	-0.01854173	0.19190590	-0.14594737	0.07918893	0.01862229	-0.02440822	0.02375329	-0.02376758	0.01808317	0.09812103	0.01736823	-0.00572913	0.04807201	0.00835038	0.08800483	-0.04422281	0.07394046	0.17340152	0.10363383	0.10611098	0.10835647	0.03047462	0.02896708	0.11321640	0.16155787	0.02846163	0.04734035	0.06475964	0.19802283	0.11239297	0.11837131	0.06679168	0.17369114	0.14742277	0.16009946	0.09144739	0.00143544	0.02661438	0.29868124	0.07355484	0.08462265	0.17918984	0.13980375	0.17720403	0.19779304	0.10098642	0.12763511	0.30392807	0.24551630	0.14135159
17Networks_LH_SalVentAttnB_PFCl_3	0.20435678	0.06942956	-0.00999132	-0.05883279	0.13140996	0.01789390	0.13474699	-0.05584064	0.10602478	0.09135536	0.09626770	0.02481721	-0.21206154	-0.09188255	0.11024033	-0.03259977	-0.11425177	0.03903009	0.07991379	-0.06765308	0.17516059	0.06023861	0.24564267	0.03665136	-0.03556736	-0.01796830	-0.16681742	-0.20723768	-0.13612509	-0.04473864	-0.06456578	0.00467692	-0.10124112	-0.09807961	-0.01901236	-0.04051725	-0.09789579	0.13911727	0.16973838	0.04154480	0.04010408	-0.03927988	0.08314701	-0.03101175	0.00184138	0.18459486	-0.09950848	-0.01768723	-0.16533910	-0.11806657	0.00955647	-0.04311694	-0.08013071	-0.05301993	0.05110570	0.15350015	0.10363161	-0.01571767	0.08551193	0.28558819	-0.06248165	0.28094574	-0.10764985	0.25835336	0.21915900	-0.07454011	0.14409001	-0.11161045	0.27120291	0.19533024	0.04584935	0.23612092	-0.09354273	-0.14452385	0.01650908	-0.10943338	-0.09093965	0.01716556	0.19351890	0.16874922	0.11968942	0.12488452	0.26907406	0.19548655	0.17101448	-0.02660547	0.10230813	0.11325531	-0.11636936	-0.13041508	0.02867197	-0.15934669	-0.05876071	0.23861580	-0.08679710	0.17727952	0.22810587	0.10198230	0.15806570	0.02154452	0.21347143	0.38186719	1.00144173	0.08661788	0.11577967	0.23859248	0.23019660	0.29536024	0.01035012	-0.01587547	-0.02636593	-0.21672131	0.23940583	-0.11758553	-0.01983503	-0.02053198	0.02788935	-0.06981148	-0.02599624	-0.21751669	0.11178178	0.17466999	0.38233325	0.35886362	0.28672658	0.03661642	0.33192725	0.37014786	0.12054095	0.13327927	0.32939113	0.23990034	0.11920983	0.24876848	0.14020270	0.39908311	0.46352699	0.26556795	0.32071528	0.41569901	0.46966978	0.48506557	0.22452135	-0.09952768	-0.04899765	0.21430624	0.07892076	0.02063430	0.23870557	0.27177882	0.40660558	0.46747630	0.39095191	0.01589512	-0.01471720	0.15987459	0.24882082	0.18521000	0.23382759	0.23193390	0.03879944	-0.04246639	0.18991801	0.07027763	0.44426649	0.10522428	-0.02829262	0.05857838	0.04902102	-0.01067260	0.36426436	0.07319347	0.34592832	0.25658760	0.26564468	0.51344458	0.56508829	0.13989922	0.29206372	0.18188829	0.40847241	0.47398396	0.02574240	0.20503048	0.12759372	0.30702806	0.34894295	0.24940709	-0.16740417	-0.16367814	-0.15186987	-0.09402622	-0.28940197	-0.20913212	-0.19245315	-0.11750889	0.01669855	0.13493839	0.30367861	0.12227904	0.10862500	0.21789535	0.21517251	0.12172245	0.07735895	0.43428808	0.12557703	-0.01215365	0.15774357	0.05491731	0.09287388	0.13972703	-0.14509169	-0.28854214	0.07587909	0.01811226	-0.15386115	-0.01451077	-0.08809449	-0.03382075	0.18133823	-0.06031210	0.09732811	-0.07246161	0.05550955	-0.02943895	-0.03405936	-0.07395022	0.02788386	-0.31492404	0.01407750	0.19100496	-0.00151923	0.00201587	-0.10346474	0.04642341	-0.03187670	0.07208804	0.15878695	-0.18433972	0.06777161	-0.08204452	0.05461233	-0.00676691	0.04006748	-0.01795974	0.00549429	-0.05359133	-0.19210193	0.03351831	-0.00013406	-0.00754877	-0.07873397	-0.15066340	-0.18054318	-0.01558775	0.05166215	-0.02479098	-0.05223222	0.21201497	0.23638989	0.02657630	0.13955373	0.29463580	0.12083871	0.00013891	-0.00291603	0.02673611	-0.00397183	0.04618854	-0.00836480	0.04562940	0.33420187	-0.11907857	-0.20373269	-0.07737437	-0.22478118	-0.07833378	0.11767618	-0.02663783	0.03075537	0.11908982	0.06839360	0.04805891	-0.06604699	-0.20084496	-0.10100548	0.17885708	-0.03692279	0.13796131	-0.08769237	-0.05118492	-0.23618419	0.02149484	-0.01585378	0.01332854	-0.14804506	-0.04895190	0.02082291	0.10779138	-0.11929062	-0.08754546	0.05089922	0.03301685	0.16245215	0.23838494	0.29206816	0.22404039	0.15282880	-0.04723529	0.02334901	0.13295805	-0.14977863	-0.21743427	-0.11031598	-0.21699712	-0.22562356	0.18316461	-0.03122237	-0.13272999	-0.10934004	-0.11864624	-0.07785292	0.07789726	0.08346901	-0.07692795	0.12402276	0.15669947	-0.02671441	0.15461657	0.11305608	0.02981788	-0.03013456	0.22789038	0.00583634	0.08551124	0.10059905	-0.01466568	0.13533381	0.04932750	0.09523775	0.26299099	0.17835784	0.20313613	0.18977300	0.05629876	-0.07736943	0.15048639	0.16232398	0.06217736	-0.24492258	-0.10218330	0.06121289	0.02930519	0.01398174	-0.12664126	-0.10201099	-0.05295018	0.05776829	0.22364994	0.18155294	-0.02604069	0.02001240	-0.09034302	-0.07958018	0.11013249	0.00978497	-0.01964382	0.12316601	-0.09565129	0.02243550	0.11651363	0.03992632	-0.04692267	0.07408498	-0.21086555	0.22020965	0.35189691	0.13192930	0.18838122	0.08379374	-0.18109538	0.09675377	0.15471494	0.07914394	0.09393638	-0.10558400	-0.17377941	0.09222380	-0.09527539	-0.24005106	-0.25053429	-0.11536639	-0.16120696	-0.14492735	-0.01265741	-0.03765584	-0.11487571	0.05230616	-0.05148194	-0.26791014	-0.07420331	0.00199071	-0.09110510	0.08869751	0.01973922	0.01563940	0.01348268	-0.12200555	-0.01510237	0.11992675	-0.13349874	-0.00555702	0.04825001	-0.15798015	0.04644994	-0.20463617	-0.04582911	-0.05426651	-0.20423353	-0.00097176	0.04965079	-0.00867459	-0.01789173	-0.10700716	-0.13026553	-0.08588216	-0.02634285	0.02484876	0.07925799	-0.06849770	0.11956651	-0.00231522	0.05754377	0.03291144	-0.06403009	-0.04742475	-0.05841750	0.08435423	0.02072693	0.02839831	0.10274271	0.09425975	0.06390921	0.04587147	-0.01281603	0.15773888	0.12237925	0.13307402	-0.03058866	-0.13526266	-0.03965159	0.27506743	-0.10439506	-0.10951015	0.14496119	0.22061766	0.18840252	0.19454880	0.22941247	0.11139105	0.25827593	0.27826336	0.18072653
17Networks_LH_SalVentAttnB_Ins_1	-0.03550981	-0.03546718	-0.13868430	-0.02289109	0.26343901	0.22186900	0.06787736	0.22558504	0.20006429	0.18151509	0.11240941	0.06594664	0.21871025	0.15487867	0.05382710	0.17558587	0.08461215	0.14930046	0.22781018	0.36375574	0.19817193	0.32356936	0.13676520	0.14929917	0.18974362	0.19356906	0.25319893	0.30115535	0.16351438	0.26845663	0.15480946	0.14393773	0.24786375	0.08698640	0.02066602	0.13573032	0.06962246	-0.17558718	-0.09902699	0.11457102	0.17169794	-0.02501904	-0.01069716	-0.06935431	0.19922637	0.18506787	0.54396983	0.21252133	-0.11155823	0.22355469	0.31166521	0.30035940	0.16851976	0.05346639	0.23644425	0.29852038	0.23426178	0.32097842	0.22037521	-0.12234723	0.17462957	-0.18493891	0.01171177	-0.08914602	0.04539067	-0.01031511	0.14419621	-0.10872467	0.16540858	-0.04394574	0.05646164	0.11113409	0.19321577	0.09067747	-0.06802394	0.07622190	0.00689692	0.02987127	0.05759580	-0.02963117	-0.05097990	0.13977883	-0.00226286	0.07920538	0.18997521	0.21459522	0.26225333	0.09723713	0.45359295	0.20696715	0.36197974	0.29217030	0.28376859	0.33322590	0.20936534	0.18123290	0.03700911	0.16632414	0.26456053	0.08372447	0.33595474	0.12786587	0.08661788	1.05174730	0.48209493	0.28226800	0.08213481	0.16241968	-0.04245757	0.16075700	-0.06732521	0.01898343	-0.13133043	-0.19155137	0.01310051	0.07028129	-0.03339700	0.13332831	0.07058852	0.08875566	0.13906305	-0.06569220	0.26609740	0.04462327	0.09660872	0.02951453	0.10726614	0.20429998	0.16741783	0.10035922	0.07710623	0.01476229	0.27056385	-0.09265751	-0.10314582	0.05874117	0.22048812	0.10292885	-0.04077485	0.02917686	-0.04958136	0.10597921	0.11609741	0.13502003	0.21887278	0.05308925	0.10740020	0.22517417	-0.03982556	-0.17841248	-0.06184937	-0.02654549	0.00822838	-0.21198549	-0.12766891	-0.12705238	-0.02332116	-0.08932996	-0.07807810	-0.04284305	-0.15947952	0.05149963	0.04823145	0.13452983	-0.15987744	0.29291234	0.03483083	-0.14620398	-0.14671357	-0.08910142	0.00784648	0.09943968	-0.04950827	0.08312911	-0.10774370	-0.11431236	0.04949080	0.01483120	-0.02777823	0.14783042	0.05528136	-0.03637366	0.21519550	0.18750318	0.07256258	0.21476261	0.26193559	-0.15582167	0.02651555	-0.08435596	-0.04857806	-0.02439044	0.11187887	0.21759768	0.33764246	0.06830868	0.14757485	0.14256065	0.20922597	0.15191900	-0.08792445	-0.12047462	-0.04757823	-0.10496324	0.10595200	-0.15407557	-0.04557943	0.05984740	0.04353107	0.00757756	0.02464468	0.12637967	0.05519935	0.03529452	-0.02578794	0.00984368	0.08047316	-0.00117256	0.26300896	0.34055573	0.16151294	0.20943242	0.18646052	0.20309697	0.16437494	0.41674619	0.07214498	0.33962929	0.07479519	0.04677934	0.01418016	0.06597470	-0.00537326	-0.00334547	0.09907531	-0.06904627	0.06747008	0.13363164	-0.02455697	0.11195203	-0.12821938	-0.04589245	-0.08109116	0.04362895	0.11196876	0.28864381	0.22894077	0.10386723	-0.05583751	0.15253661	0.17648835	0.32147759	0.23980692	0.18465967	0.09555792	0.16797456	0.17006038	0.20716529	-0.03145436	-0.27729103	-0.20283560	-0.04269746	0.08019592	0.00897339	0.01493780	0.07917037	0.20159701	0.10613877	0.11344590	0.09590287	0.04382335	-0.00795406	0.03802235	0.25728495	0.06699415	0.00088976	0.05987921	0.02267232	0.12131765	0.00132794	-0.05694268	0.06476120	0.06023442	0.13414114	0.25169925	0.09751509	0.19720334	0.19631515	0.12407772	0.35818931	0.26596027	0.35419515	0.23035167	0.34989564	0.40021271	0.23159430	0.23307305	0.05248331	0.22354432	0.17679415	0.15950707	0.00700738	0.26606934	0.17936395	0.34285246	0.22993851	0.17671779	0.20563969	0.43081850	0.54307913	0.40259922	0.52160132	0.04716587	0.08314782	0.05430783	0.15315306	0.15468827	-0.13101456	-0.10647351	-0.11441155	0.31550402	0.13617633	0.16812929	0.04292868	0.07608772	-0.02904007	0.23167738	0.05615039	0.14588447	0.23660486	0.33701884	0.31352363	0.27102033	0.25528067	0.01177665	-0.02973744	0.08261885	0.30755057	0.30007715	0.13082573	0.24011966	0.22999161	0.22395262	0.06593899	0.09560246	0.06421401	0.11274351	0.31894005	0.12712786	0.24275546	0.27212117	0.32506123	-0.16072521	0.15393286	0.26688604	-0.08488164	0.16497982	-0.10728239	0.08249958	0.06700376	0.10834554	0.04287110	-0.16801436	-0.09038728	0.03742193	-0.02212935	-0.06597510	-0.17622790	0.02165844	0.07011327	0.00730319	0.24324340	0.23123356	0.06464143	0.05610964	0.09426458	0.11162270	-0.00319365	0.04849042	-0.04474714	-0.05785978	0.12362041	0.32153372	0.48762258	-0.17358852	-0.15733273	0.01019470	-0.01750761	0.04124604	0.11853383	-0.02725220	0.02197827	0.14268475	0.15815583	0.18849638	0.30295966	0.22420248	0.16205546	0.11335935	0.25924119	0.13551428	0.17180140	0.17695358	0.20777501	0.00762749	0.25944262	0.17452553	0.16433870	0.19589816	0.18618232	0.16542168	0.17336663	0.27810894	0.31831190	0.03317683	0.04755050	0.15166044	0.06854845	0.21083865	0.16614266	-0.07155147	0.17613937	0.27034535	0.10155174	-0.02305422	0.05401026	0.06558995	0.06436321	0.37266378	0.31550042	0.05361173	0.18250578	-0.01708824	0.03719126	0.14926702	-0.00143353	-0.05272733	0.01780474	0.10835057	0.05948692	-0.01076083	-0.08905111	0.05576162	0.10272757	-0.03433620	-0.08899753	-0.09740801	-0.16218181	-0.11898677	0.05729482	0.13531432	-0.00686570	-0.00361223	0.07028318	0.02549407	0.11327990	0.01341058	0.04948756	-0.12723065	-0.22152639	-0.18483389	-0.15986778	-0.10317823	-0.12941414
17Networks_LH_SalVentAttnB_Ins_2	0.16030559	0.08492833	-0.08043024	-0.03667217	0.21572599	0.39588097	0.11293587	0.36018699	0.29793811	0.08924682	0.10841771	0.02577155	0.29562704	0.33137566	0.09666904	0.34771276	0.05689301	0.19462341	0.15311352	0.45069154	0.09286415	0.34398898	0.14142804	0.12792926	0.36977035	0.20312517	0.20446384	0.09650382	0.21986655	0.28454742	0.21789963	0.36041046	0.19551234	0.17947828	0.01780828	0.30833146	0.14003804	0.04353953	0.10871095	0.34845874	0.23200158	0.11899909	0.09901967	0.09731095	0.31090064	0.21443270	0.52913337	0.42433979	-0.06102580	0.26389231	0.32210333	0.38834578	0.34031194	0.29831754	0.16829567	0.03324997	0.12431068	0.20085172	0.25190876	-0.00310851	0.30696288	-0.04628426	0.12957165	0.04329759	-0.03659499	0.09319020	-0.01271068	-0.11377491	0.17708768	0.07886486	0.06693859	0.07750019	0.11926339	0.11376756	-0.00378448	0.11258374	0.15131571	0.12984715	0.08928544	0.10170185	0.20320134	0.37683188	0.13805047	0.30640126	0.41748657	0.37447241	0.40809642	0.21537088	0.54941262	0.37192840	0.55015076	0.39177509	0.46819438	0.61124065	0.27481935	0.26636778	0.07748258	0.38297561	0.57187212	0.21595844	0.31251623	0.28515019	0.11577967	0.48209493	1.06785166	0.40671004	0.06843830	0.43620616	0.07786632	0.15701716	0.05998289	0.08822190	0.12822087	-0.02014739	0.09925174	0.11494745	0.01436354	0.12805826	0.13674507	0.21373275	0.16692769	-0.09175660	0.27340451	0.10204746	0.15368039	0.05413106	0.20521521	0.38729868	0.08770884	0.24643087	0.26345125	0.26852976	0.38440692	-0.01690518	0.08016087	0.08331281	0.26374320	0.09071647	-0.06103379	0.29638037	0.14257950	0.19996154	0.35409840	-0.05548723	0.13026961	-0.14728462	-0.00379039	0.14865874	0.03338525	-0.09284338	-0.12050863	0.10534969	-0.02690293	-0.28405357	-0.26248916	-0.12516148	0.06050636	0.07716136	-0.13867741	-0.11583865	0.00168934	0.03032682	0.29432262	0.33173174	-0.04026457	0.41234420	0.17335021	0.12289767	0.11279042	0.07322591	0.18972698	0.29480707	-0.00109691	0.09112478	0.19415098	-0.00857184	0.24638936	-0.04694284	-0.04368817	0.34069732	0.01952058	0.12821923	0.36995896	0.25903578	0.24670693	0.41681597	0.54837296	-0.18724117	0.17317023	-0.14501039	-0.04230832	0.13265346	0.13956401	0.42796617	0.42441421	0.10888176	0.24746466	0.42056042	0.28855311	0.33288831	0.09289300	0.00329187	0.08543220	0.08955928	0.16181909	-0.19268428	0.19455088	0.16977139	0.16041125	0.14228265	0.01927833	0.05940995	0.14580187	0.22134409	0.25843409	0.04043117	0.19428534	-0.14740779	0.24753595	0.26382229	0.07540389	0.06960926	0.17510250	0.16546171	0.12430702	0.44040616	0.03875041	0.45426432	0.09218841	0.15075145	0.16953814	0.31471482	0.12182919	0.20361653	0.33160441	0.15029681	0.15354462	0.22639695	0.08775638	0.12233460	0.16533211	0.09629963	0.10270696	0.16994762	0.36893255	0.44441725	0.21526671	0.27714226	0.18872574	0.07031818	0.34761378	0.38389736	0.32581991	0.30320339	0.26442424	0.23301811	0.13477169	0.28960743	0.21194656	-0.12629213	-0.15074610	0.22323125	-0.03827741	-0.02151906	0.07373589	-0.00554432	0.20067614	-0.00209996	0.14641044	0.31464218	0.19031954	0.15629457	0.24541406	0.23075177	0.18009331	0.14945335	0.10687625	0.32403270	0.09414735	0.21275837	0.23881341	0.19462242	0.31644597	0.33415672	0.44401685	0.30548370	0.33934783	0.46127556	0.07922928	0.33758473	0.48946404	0.48391972	0.19086918	0.50230232	0.51716366	0.46623650	0.31157316	0.11088174	0.29984557	0.22734976	0.17272362	0.22900458	0.18499406	0.32630252	0.38008153	0.17096534	0.30926243	0.11033004	0.33582620	0.58334672	0.39895946	0.55985078	-0.00726971	0.13221523	0.02156540	-0.05462526	0.23514016	-0.06265569	-0.04737541	0.08969443	0.09838545	0.13450272	0.13963502	0.07208089	-0.07530526	0.12695167	0.20980833	0.25992637	-0.13527362	0.22504020	0.32091514	0.18763654	0.37106504	0.30653172	0.11686153	0.07778314	0.11363619	0.18645131	0.17750075	0.26264590	0.17972785	0.10691274	0.11173602	0.07492508	-0.05636084	0.09905748	0.03251699	0.32807520	0.25537150	0.24873926	-0.04418687	0.10237062	-0.34680086	0.01040184	0.04084766	-0.20404198	0.06851301	-0.08158485	-0.06610267	-0.02944261	-0.08686726	-0.23218333	-0.35537041	-0.26729999	-0.15979116	0.10902871	-0.22623962	-0.13724534	0.11345131	0.19081058	0.10384907	0.17563404	0.29111856	0.07149897	0.19317261	0.11536607	0.20727864	0.04332674	0.13262007	-0.06481841	-0.01645931	0.15594954	0.37130667	0.45011648	-0.29250239	-0.27328925	0.06309791	-0.19419003	0.08115069	0.10759735	0.03503980	-0.01042045	0.01488217	0.23080998	0.17604875	0.17347566	0.29253714	0.33493355	0.03893431	0.25495542	0.16686480	0.22095970	0.13619609	0.25013061	0.21582562	0.18920263	0.25585093	0.35050293	0.22202114	0.10644244	0.23337645	0.18255804	0.43285547	0.46621097	0.16876379	0.29415420	0.12960832	0.07955402	0.26480750	0.26464382	0.05324780	0.20235444	0.25533174	0.24073676	0.08812040	0.05806085	0.09480437	0.12302892	0.48576206	0.34339226	0.31817129	0.29511696	0.07976122	0.07792913	0.16183440	0.00387712	0.06122809	0.08507614	0.13515617	0.10880735	0.11858693	-0.12442789	0.10334448	0.04695807	-0.07525790	-0.00069312	-0.00967207	0.07000603	0.05203735	0.04917765	0.06175311	0.06828938	0.01669207	0.04718974	0.09604736	0.12414057	0.15081118	-0.08380284	0.10921221	-0.04557233	0.00531987	0.00354514	0.00538988	-0.05925036
17Networks_LH_SalVentAttnB_Ins_3	0.03004676	-0.17601324	-0.04021676	-0.12351156	0.13848805	0.14303563	0.02055100	0.15839685	0.14727065	0.07946491	-0.06778830	-0.09912505	-0.01016881	0.18598675	-0.12658615	0.07457292	0.06882493	0.08996892	0.00786327	0.15887402	0.07375112	0.11816660	0.01613835	0.01381166	0.02795713	-0.03333696	-0.07274241	-0.13257543	-0.12849627	0.08993244	-0.04516239	-0.00110013	-0.04262966	-0.06905090	-0.20745945	-0.03161734	-0.01943424	0.01538455	-0.04190182	-0.08855665	-0.06275914	-0.01795234	-0.08274702	0.23153473	-0.03512099	0.07983216	0.23375324	0.18690765	-0.08954446	-0.09385593	0.05790013	0.03327029	-0.03515535	-0.03126393	0.01679097	-0.02388853	-0.01797843	0.06473751	0.04113513	-0.04514135	0.03895110	-0.07085584	-0.12617285	0.05673526	0.02927064	0.07272637	-0.06527435	-0.13950824	0.14720905	0.06041439	-0.07372081	-0.02113761	-0.08277086	-0.19099491	-0.16125138	-0.14402297	-0.09912208	-0.15096387	-0.17430512	-0.05318563	0.11111892	0.22769638	0.04272847	0.07216957	0.12328468	-0.07161650	0.23154091	-0.01281729	0.31551676	0.08278381	0.28242881	0.03511124	0.17076798	0.40755084	-0.07863008	0.07155929	-0.05625706	0.01973290	0.13439235	-0.10061848	0.13176084	0.06451200	0.23859248	0.28226800	0.40671004	1.19362315	0.15976480	0.24211900	-0.04233288	0.13187663	-0.04452698	-0.06183884	-0.02053100	-0.11710014	-0.01737662	-0.02126858	-0.07939846	0.02664147	-0.05000067	-0.00583786	0.22857333	0.06520478	0.23232519	0.18945014	0.24093040	0.08099607	0.04202377	0.28270315	0.01933572	0.11360424	0.21986385	0.17206289	0.08569715	0.16121875	0.07029971	0.10863677	0.41872301	0.25359994	0.07906114	0.31179329	0.08780377	0.20409944	0.04100520	-0.10665910	-0.08754630	-0.09700075	0.02872292	0.05058921	0.06972218	-0.12274064	-0.15471627	0.16614715	0.08021443	-0.30881069	-0.32135097	-0.05955774	0.05863981	-0.09228611	-0.12835419	-0.22805803	-0.19804729	-0.15648920	-0.04659083	-0.06873092	-0.01015957	0.07758224	-0.04110622	-0.06611925	-0.10979548	-0.08250007	0.29667674	0.23775320	-0.13406453	0.15322948	-0.05250498	0.03929009	0.15548975	-0.02116271	0.16939725	0.13573143	0.10873676	0.24384406	0.08076653	0.30755867	0.10354218	0.29408958	0.45333605	-0.08544467	-0.11346877	-0.37810043	-0.25883170	-0.09411451	-0.06418260	0.04804838	0.24692004	-0.02350636	0.12307605	0.23468890	0.32973014	0.10196004	-0.06023919	0.13458379	-0.07625820	0.04764373	0.14336845	0.00613555	0.03561191	-0.08571607	0.17807692	-0.03174246	-0.10153667	-0.04018118	-0.08987045	0.09259831	0.08348411	0.08404431	0.03339593	-0.02966156	0.11619545	0.06322038	0.05395923	0.04159768	-0.00104467	-0.11689266	-0.06780931	0.03282788	0.00381414	0.05350658	-0.08973179	-0.08691721	-0.00248977	0.09931220	-0.04595372	-0.04836545	-0.01206774	-0.07642395	-0.02084873	-0.02034337	-0.09215291	-0.05854822	-0.07844266	-0.10087800	-0.09373952	0.00049225	0.15876726	0.23161803	0.14604321	0.13966123	-0.09128218	0.09622490	0.03588247	0.17870403	0.09199192	0.09879168	-0.04640390	0.11267243	0.00139758	0.00772060	-0.15908778	-0.06640276	-0.04712056	0.06324399	0.07530443	-0.05086193	-0.04032909	0.00049957	0.02887361	-0.09368513	-0.08587894	0.11730866	-0.09194417	-0.05462845	0.28675189	0.05208018	-0.10439305	-0.06401295	-0.21370684	0.00380884	-0.11766127	-0.14979151	-0.06966245	-0.04693602	0.01086240	0.04411375	0.01780456	0.04586659	-0.00872524	0.15819998	0.19464962	0.26558206	0.14911715	0.35666588	0.00803429	0.35997323	0.23861520	0.04284715	0.04887380	-0.06509986	0.04163245	-0.00405938	-0.09963201	-0.09585184	0.02112783	0.02544075	0.26535389	0.16226555	0.01332030	-0.11923890	0.33115140	0.30312527	0.09710964	0.21560539	-0.11595447	-0.03790026	-0.03196622	0.08183646	-0.10636571	-0.11816573	-0.03040985	-0.08776202	-0.00476688	-0.07424301	0.00799513	-0.03376027	-0.05996892	-0.06609552	0.18644483	0.10591477	-0.22688958	0.11882039	0.16253864	-0.00338252	0.07289474	0.15224660	-0.08194092	0.01114042	0.09081377	0.14499465	0.10708821	-0.04808843	0.16855996	0.01605374	-0.02583168	-0.04194487	0.07439865	0.15630486	0.01820371	0.21023576	0.01573225	0.00122446	-0.16142959	-0.11217359	-0.36310354	-0.32482059	-0.00786037	-0.21223721	-0.00338838	-0.19858493	-0.06839985	-0.02104953	-0.22023304	-0.28922923	-0.36138417	-0.36160967	-0.12829199	0.00637692	-0.34723372	-0.22677583	-0.05369716	-0.11103452	-0.15957121	0.00625560	0.01150961	-0.06691093	0.10115729	-0.09764132	0.01608649	-0.00330470	-0.16699179	-0.02811505	-0.05813575	0.07810668	0.17407921	0.30729632	-0.31154348	-0.30594858	-0.17956046	-0.34217198	0.03471451	-0.12503815	0.07923950	-0.28933214	-0.18577045	-0.09105405	0.00795447	0.18255515	0.01542501	0.00149020	-0.02406179	0.00011420	-0.02000793	0.07585848	0.10829982	0.20467246	0.03220853	0.13523610	-0.05096930	0.03043885	0.10966241	0.10251367	0.04583470	0.02049474	0.23071506	0.33714544	-0.00240283	-0.03686967	-0.04364265	-0.07657405	0.10019681	-0.00239354	0.01150630	0.18450151	0.05144788	0.02501170	0.08096390	0.05356750	-0.04786100	0.01163004	0.30915393	0.36517923	0.15790318	0.09692476	-0.06485113	-0.07830501	-0.09098912	0.14668380	0.01140905	-0.07531375	0.15663637	0.17194152	-0.02819459	-0.19717333	-0.08632611	-0.08105056	-0.09991234	-0.14134703	0.01351497	-0.00080399	-0.08380086	-0.05457396	-0.04137500	-0.04335561	0.01300367	-0.13713330	-0.06420020	0.00030840	0.07348492	-0.11250777	-0.02428893	-0.06703137	-0.09754251	-0.09698845	-0.07903941	-0.14996785
17Networks_LH_SalVentAttnB_OFC_1	0.02442187	0.01450318	0.04565888	0.17141418	0.23611538	0.05892558	0.21436344	-0.00947349	0.12514113	0.14740545	-0.05919105	-0.03229620	-0.08758776	-0.09243628	0.01876114	-0.10459997	0.06093632	0.03357533	-0.02839261	-0.08898645	0.06793601	-0.03383912	-0.02083244	0.02087618	-0.00079032	-0.01981414	-0.12607824	-0.09964386	-0.10130038	-0.03919191	-0.16611370	-0.00910753	0.01899932	0.02636204	-0.04438062	-0.09490150	-0.08127037	-0.01448110	0.04632878	-0.05719593	-0.06565679	-0.07241141	-0.08162615	-0.05704545	-0.13405654	0.03990502	-0.04116258	-0.00285407	-0.15433237	-0.11430871	-0.15823118	-0.11312419	-0.21005639	-0.12392825	-0.11867525	-0.08815575	-0.14234391	-0.03301812	-0.04323275	0.11897886	0.01075228	0.17610860	-0.06032474	0.10531819	0.05971254	-0.03389089	-0.00674623	-0.15088758	-0.03895348	-0.02859854	-0.05995519	0.09759787	0.06842122	-0.04709164	0.03419101	0.02995380	-0.05496437	-0.04379402	0.03601087	0.07293787	0.08117440	0.07993750	0.12676120	0.01955485	0.10602773	0.02580633	0.09801099	0.07951268	-0.01218406	-0.11422031	0.03799036	0.04094744	-0.07170686	0.04445240	0.02203025	0.06589911	0.00570933	-0.01910949	0.01464568	0.03276935	0.18235638	0.04003742	0.23019660	0.08213481	0.06843830	0.15976480	1.00614627	0.21551792	0.21269538	0.40962290	0.39153431	0.09841571	0.13838180	-0.24742478	-0.02138425	-0.05694004	-0.09777178	0.23660804	0.16211528	0.11004088	-0.04661373	0.14513526	0.14116838	0.11054325	0.19902224	-0.09160048	0.18681372	0.35393219	0.18733411	0.08279405	0.22303051	0.14332853	0.12854714	0.38601492	0.09851552	0.21078811	0.26074784	0.11779227	0.28505513	0.41620861	0.33013186	0.28225679	-0.03319349	-0.03590442	-0.05160159	-0.00672677	0.00804861	0.08792270	0.14539641	0.23213652	0.17017808	0.30144041	0.36393494	0.08731710	0.07653466	0.15558170	0.13818173	0.02358145	0.17640328	0.08711797	0.11588639	0.18393033	0.00301374	0.06374353	0.33706777	0.11742979	0.16166750	-0.08305937	0.14812820	-0.16457621	0.23797972	0.02792097	0.14998175	0.09338030	0.00747023	0.24822867	0.21688903	0.01737214	0.18395360	0.08431739	0.08573833	0.25258336	0.15904927	0.54174121	0.24449217	0.21886440	0.15920387	0.25403653	-0.00578508	0.04091150	-0.01235103	0.14057526	-0.10315242	-0.02316395	-0.01768182	-0.16882044	0.03348057	-0.04145287	0.05860952	0.09949524	0.03652793	0.15528099	0.02759911	0.20019067	0.14607112	0.20787770	0.14232908	0.01453142	0.03206884	0.00827819	-0.07120931	0.06027335	-0.15865689	-0.09014435	-0.04827842	0.01462596	-0.08517665	0.06721926	-0.09073625	0.01334782	0.10751224	0.08382083	0.12842706	-0.10002809	-0.08935075	-0.08922839	0.02469511	-0.08735230	-0.04910415	-0.11266072	0.04591342	0.07054249	-0.04900567	-0.10705392	-0.10845409	-0.18234988	-0.01098352	-0.05024239	-0.01606501	-0.05157366	0.02259891	-0.05411734	-0.16166140	0.03546374	-0.10948143	-0.14457924	-0.10999754	-0.09539202	-0.03995068	-0.05485798	0.01514287	-0.10287021	-0.11223099	0.05809064	-0.03000048	-0.04350098	-0.14001166	-0.13298232	0.11847810	0.15916235	0.00431646	-0.03663577	0.04768932	-0.00378946	-0.04367134	-0.07076575	0.00627779	-0.07431613	-0.07001671	-0.12368778	0.00779518	0.05779721	0.16648823	-0.20207521	-0.13500289	-0.02549983	-0.03036272	-0.12564595	-0.02084461	0.03279528	-0.06556914	0.03270284	-0.06587913	-0.11500543	0.01148798	-0.07566655	-0.04332687	0.05289032	-0.07895218	-0.02659255	-0.06196405	-0.04310193	-0.02782419	0.00441433	-0.03514413	-0.11310756	-0.13131166	-0.00567545	-0.01964380	-0.07594213	-0.02201780	-0.08814592	0.07425057	-0.06445322	0.22738444	0.12200997	0.14577812	0.15339690	0.14213455	-0.01971523	0.06369272	-0.01308809	0.22575212	0.16666525	0.27943289	0.31646155	0.03770318	0.11377514	0.02767921	-0.24965309	0.21541559	0.02058528	-0.01344332	0.09324213	-0.04057993	-0.03009976	-0.01437835	-0.12601581	0.13712879	0.23954955	0.08782825	0.10915812	-0.09020163	0.03453622	0.00095483	0.16298316	0.16975683	-0.05104511	0.15382496	-0.05117539	-0.00407506	0.13204448	0.11927357	0.12678907	0.13210043	0.45307316	0.40237252	0.34563879	0.24134839	-0.04338934	-0.16631591	-0.06837674	0.09941057	-0.02263029	-0.02714918	-0.15715287	-0.05201992	-0.00482819	0.04734317	0.23498658	0.12191096	0.14544331	0.06579586	0.02710368	-0.00147361	0.01839493	0.01570946	0.11674622	0.06211198	0.07853471	0.00194938	0.24973024	0.02963296	0.03234289	0.02871285	0.11816226	0.05857929	0.19335770	-0.02772334	0.17806095	0.06404360	0.20410518	0.26469910	0.14698770	0.05982524	0.02338551	-0.01474558	-0.02265084	0.00020526	-0.02798556	0.14150067	-0.05289971	-0.03137946	-0.04915071	-0.09908492	-0.03679157	-0.09161009	-0.06288844	-0.03176379	-0.08449379	-0.08592283	-0.07374264	0.01953095	-0.08629049	-0.02357197	-0.00386767	-0.06048575	-0.00383749	0.04746252	0.07601082	0.01323011	-0.10055343	0.00403191	-0.03229472	-0.05762047	-0.02839037	0.02347497	-0.13075162	0.10003568	0.04885265	-0.06976373	-0.09120331	-0.08116782	-0.03587925	0.17174156	0.02385891	-0.09028564	0.03475978	0.04874903	0.01728392	-0.05759513	-0.06116464	0.11033542	-0.14073250	-0.05591035	0.01548509	0.05826286	-0.05306492	0.02887303	0.13683607	0.20843606	-0.00512491	0.03859990	0.12292084	0.39966529	0.16326921	0.37276444	0.14857421	0.20033881	-0.06743308	-0.08927929	0.09057633	0.10597197	0.03211257	0.07654996	0.22996334	0.04993761	0.25204281	0.06454879	0.18277677	0.05274271	0.14246326	0.25744578	0.15763787
17Networks_LH_SalVentAttnB_PFCmp_1	0.30886018	0.31728554	0.15268456	0.17387533	0.17853692	0.20968243	0.26242953	-0.03445316	0.22416833	0.00101052	0.05609334	-0.04210622	0.18436057	0.21766743	0.29655206	0.34012602	-0.01525033	0.18643619	0.11991196	0.11529287	0.18668298	0.14347451	0.12264677	0.29713953	0.28133355	0.21345920	0.07113731	-0.16482042	0.15278870	0.14894551	0.17716557	0.32152839	0.12555251	0.12978271	-0.01045840	0.24642591	0.08068615	0.31353804	0.43430103	0.16538920	0.21038180	0.12559179	0.21044509	0.08591120	0.24387055	0.30494863	0.15271155	0.28571330	0.05163574	0.19563000	0.16872275	0.17395148	0.27983232	0.21667721	0.12961673	-0.04378564	0.23138249	0.14981359	0.29122777	0.26176840	0.16052115	0.32107867	0.07285166	0.00704691	-0.09097868	-0.05455518	0.13273032	-0.08474678	0.04771414	0.09745995	-0.07087021	0.12506576	0.08819983	0.10043283	0.05789623	0.18910849	-0.01274911	-0.05054492	-0.02711113	0.06582497	0.21233898	0.64237464	0.48565966	0.44575329	0.48553288	0.27174436	0.31927282	0.01479417	0.10575326	0.08967233	0.15616438	-0.02947936	0.18106480	0.36168796	0.21840329	0.09461448	0.10409510	0.48745135	0.63263321	0.34868646	0.22828155	0.18581862	0.29536024	0.16241968	0.43620616	0.24211900	0.21551792	1.15641444	0.23777723	0.04978194	0.15219745	0.24552311	0.50771765	0.10463834	0.05718098	0.04156025	0.13142875	0.06347544	-0.04849289	-0.06163496	0.05237773	0.28645137	0.11944147	0.34641351	0.13745903	0.05955762	0.31411839	0.32218467	-0.03156228	0.16568935	0.65422033	0.72131663	0.30648012	0.26273818	0.26966330	0.51854817	0.37311585	0.14491390	0.48871047	0.56571626	0.53332241	0.47430502	0.60953342	0.13985517	-0.01780434	0.00067687	0.19073336	0.13593507	0.52341967	0.56704015	0.45325349	0.55379596	0.54028047	0.21373071	0.28550694	0.33744633	0.41052970	0.49452917	0.42321550	0.39724615	0.45734581	0.45612396	0.47170730	0.50638194	0.61595611	0.57183216	0.10733224	0.37663480	0.47678868	0.23004852	0.59531833	0.28886764	0.23175446	0.36927835	0.57867677	0.42744293	0.47825153	0.03928432	0.32736245	0.48007578	0.32906187	0.65663263	0.31829622	0.14257496	0.40887999	0.35359722	0.56085950	0.34753841	0.27330008	0.23643660	0.29124553	0.17483694	0.12104257	0.27276012	0.08916783	0.05260989	0.26780148	0.20548566	0.19773891	0.18166238	0.22796145	0.33611710	0.41685805	0.24057145	0.22673116	0.35469032	0.39749868	0.25253537	0.19670959	0.12901227	0.07515627	0.13871203	0.17154472	0.11530384	0.24515499	0.23077454	0.01646526	0.10464209	0.05682035	0.25496897	0.19083916	0.20668751	0.23714648	0.19786141	0.19192111	0.28374019	0.08513166	0.30898260	0.22665370	0.07516558	0.10881367	0.27003005	0.17120604	0.19675389	0.18439188	0.20056560	0.06638292	0.22398186	0.12205678	0.02097211	0.28780081	-0.06785400	0.18002244	0.05538696	0.23005218	0.17136160	0.10687094	0.16891600	0.14582163	0.09956997	0.36902536	0.19485904	0.15286634	0.22257002	0.21229018	0.22775629	0.22353096	0.21791812	0.14283320	0.18605111	0.15588909	0.09344342	-0.03086978	0.17205698	0.03786888	-0.02205854	0.03255575	-0.15723738	-0.06039059	0.06537760	0.12164950	0.06807828	0.28116384	0.18612319	0.10201253	0.07967450	0.05882782	0.08956223	-0.02475403	0.10559285	0.19090188	0.33765361	0.17034827	0.02745358	0.14776383	0.20170490	-0.00775277	0.37142163	-0.16400938	0.03616909	0.11759964	0.12519299	-0.14657408	0.27304089	0.12121258	0.42869690	0.11587592	0.13037975	0.20567359	-0.02310617	-0.05886203	0.10212111	0.05897636	0.04264502	0.09732838	0.10593788	0.32036757	0.20590740	0.19224138	0.03639736	0.43885041	0.46709827	-0.00189777	-0.08573716	0.09142724	-0.15558935	0.12118667	0.28788384	-0.02689272	0.17727821	-0.11796542	0.13534923	-0.09193464	0.11695065	0.01409793	0.04035180	0.10569125	0.15543283	0.07910281	0.36341364	0.24522906	0.29492773	0.09658014	0.41112199	0.23383911	0.27248972	0.23392606	-0.10022247	0.20119292	0.02703252	0.11468371	0.16419670	0.23635126	0.40175585	0.20540292	0.09454108	0.00178342	0.12898448	0.34906025	0.22727872	0.08624836	0.07655755	0.21082848	0.14633299	-0.05309256	-0.01814760	0.01457483	0.28182658	0.13528404	0.41833340	0.13797170	0.17753191	0.02660754	0.18278130	0.11536258	0.29215966	0.26778447	0.28778822	0.29701283	0.35124058	0.39009587	0.25679764	0.16973064	0.11996333	0.13471982	0.05467423	0.33058161	0.41403328	0.36928339	0.15196377	0.10941531	0.01708908	0.16136341	0.18592058	0.22627294	0.19500282	0.27044514	0.20596330	0.13109567	0.14356325	-0.09481269	0.18850594	0.04483416	0.16485650	0.06393021	-0.14996327	-0.07989277	-0.00994598	0.03245144	-0.08809157	0.07812138	0.21635928	-0.03038992	-0.00588629	0.31421844	0.14343505	0.31545312	0.31873004	0.03905292	0.03008765	0.22765862	-0.01944808	0.17389187	0.31122026	-0.00440253	0.27048088	0.06303840	0.12179538	0.05053353	0.02314757	0.14113951	0.16447155	0.23486641	0.22474365	0.00841378	-0.08249468	0.03389856	0.13712192	0.21750502	0.26273716	0.16883993	0.34629092	0.20808399	0.16675130	0.25909459	0.12614570	0.01930122	0.13640238	0.22670850	0.11393195	0.27168310	0.10958554	0.13925525	0.19396954	0.09227982	0.15347556	0.12728780	0.08898871	0.34544865	0.13318964	0.08132691	0.14277088	0.21982007	0.07277696	0.06895157	0.27632097	0.38963494	0.27125914	0.47883361	0.40364572	0.43143955	0.36449098	0.41713986	0.36745326
17Networks_LH_LimbicB_OFC_1	0.32802018	0.20453902	0.25158355	0.32170473	0.08334671	0.22803269	0.22534361	0.05346467	0.05329156	0.08665955	-0.09832820	-0.13477420	0.04383039	0.13920334	0.27596718	-0.01181726	-0.02780917	0.02720201	0.04683379	-0.00597172	-0.10390360	-0.02159568	-0.15495545	0.05480199	0.12872722	0.13121738	0.06401339	-0.02325242	0.10761432	0.04263018	-0.04520779	0.02962625	0.19773102	0.07361828	0.02420094	0.04292768	-0.07645987	0.13263346	0.18214306	0.18180321	0.05813641	-0.13036492	0.05716129	0.08870111	0.12221369	0.05865960	-0.02376734	0.16347923	0.02979192	0.02722922	0.17492451	0.11209978	0.01984152	0.07166891	0.06376167	-0.01743159	0.11872435	-0.04013283	0.17304013	0.18812358	0.03112458	0.34196428	0.16982845	0.09079727	-0.17672113	-0.02660293	0.03659451	-0.01024054	-0.04344409	0.07753105	-0.07094021	-0.00098391	0.12071025	0.16128086	0.14318796	0.18779595	0.06083070	-0.05216274	-0.15485921	-0.01997183	0.16662061	0.20435224	0.23926974	0.11086232	0.17485062	0.06130905	0.08917712	0.04110524	0.03975300	-0.00844148	0.09062795	0.05004198	0.05133646	0.09623232	0.08016166	0.05852328	-0.07337337	0.25624000	0.22818343	-0.02166014	0.03127099	0.01570130	0.01035012	-0.04245757	0.07786632	-0.04233288	0.21269538	0.23777723	0.94988845	0.18823054	0.34601067	0.37992298	0.30072474	0.01092403	0.02195844	0.18964357	0.13643298	0.20847225	0.16125462	0.07977168	0.07345418	0.11374098	0.01672973	0.23274499	0.11610371	0.02833583	0.20011906	0.06467801	-0.10485047	-0.01350645	0.16276308	0.14518925	0.09565748	0.48153368	0.09619711	0.18550563	0.13408548	0.00435399	0.16023486	0.23125340	0.27025060	0.18090079	0.18768851	0.03918745	-0.00901173	-0.10396140	0.19266775	0.01516591	0.15522633	0.21718335	0.05243224	0.19652898	0.17551297	0.11086724	0.05067290	0.09253397	0.24980332	0.23737343	0.12547450	0.08314618	0.24559618	0.26025650	0.10246092	0.12221185	0.34141748	0.16853903	0.25074140	0.18075386	0.34554810	0.04465619	0.16891387	0.14093170	0.05372756	0.10445798	0.17092832	0.13852452	0.23434702	0.04080120	0.11585422	0.15130421	0.05177020	0.21078282	0.15167033	0.15467483	0.24561066	0.13902086	0.10906451	0.00690299	0.15681398	0.10196807	0.05846447	0.09385484	-0.05639807	0.04787980	-0.01435704	0.02948193	0.14943022	0.04128133	0.02699896	0.06815720	0.22511927	0.20808953	0.24470591	0.27063042	0.16569350	0.14731259	0.29245135	0.13576334	-0.01987870	0.18474669	-0.10211600	-0.06397910	0.11689413	0.00051738	0.27593143	0.23860563	-0.04410825	0.06191289	0.18105331	0.06568820	-0.02358584	0.12709179	0.03539304	0.00919103	0.12683384	0.12617545	0.05383118	0.06494015	0.13394243	-0.05666709	0.16345701	0.04614399	0.02922248	-0.05658869	0.00729414	-0.09830506	-0.07333422	0.10640374	0.09123336	-0.18173900	0.23955275	0.13606967	0.11407480	0.15642954	0.15907376	-0.01929687	0.12114611	0.11612698	0.14422056	0.03106648	0.17775885	0.15742116	0.10397011	-0.02349701	0.12499554	0.08713598	0.14420578	0.01223511	0.06251719	0.22807418	0.16035657	0.10231305	0.07762026	-0.01645870	0.02589822	0.03320843	0.03752237	0.05083941	-0.03927962	0.03573921	0.09644378	0.07549569	0.17522193	-0.02744496	-0.05532033	0.14606054	0.02805499	0.05082568	-0.02201636	0.09346200	0.02885515	0.33975993	0.06176726	0.03050873	-0.00638180	-0.05990034	-0.16356522	0.24212800	0.08922605	0.06490694	0.05067895	0.14704070	0.05562516	0.11272453	0.16405158	0.23107037	-0.02784878	0.06962957	0.06321683	-0.07156143	-0.15150665	0.29373468	0.14430684	-0.05474877	0.06579792	0.07420169	0.12912781	0.07260657	0.14205399	-0.00822680	0.27743030	0.22202961	0.36999926	0.25878763	0.32913692	0.09344507	0.20151525	0.20224755	0.18620091	0.05829378	0.20094639	0.21653200	0.04593792	0.29645652	0.04092208	0.07797868	0.01219944	0.01484693	0.05582829	0.27867736	0.12050045	0.05429832	0.05044912	0.07843171	0.02210822	0.37214004	0.15434136	0.02509678	0.19192901	-0.00420076	0.06575030	0.18092251	0.21092905	0.27955033	0.06414126	0.14445662	0.26981742	0.25041302	0.27710321	0.10538619	-0.09752687	0.02340793	0.03449459	0.05723137	-0.00538221	0.05069360	0.04432073	0.24896708	0.17696364	0.21772079	0.07100948	0.11009585	-0.04529378	-0.05152023	0.14529027	0.32462453	0.15358135	0.24613441	0.24454470	0.20631405	0.16457189	0.18284627	0.19116130	0.19703880	0.10423275	0.22452594	0.17413704	0.14916477	0.26401155	0.20134668	0.28545221	0.25838068	0.28417997	0.21311424	0.09386806	0.00663421	0.13510934	-0.01476843	-0.06768557	-0.02934401	0.18378416	0.05238335	0.03383542	0.13931708	0.05360214	-0.00484304	0.12191513	0.08289883	0.16834539	0.01497027	0.02223665	-0.10232963	0.05998325	-0.03062756	0.11740602	-0.01641782	-0.04446510	0.21117782	0.14257376	0.06821114	0.07970795	-0.01706401	-0.03353855	0.02971439	-0.09757117	0.10167356	0.06873216	-0.05320940	0.09590604	0.08477997	0.21502846	-0.02096557	0.02414922	0.15072603	0.25084879	-0.03362714	-0.01417264	0.12686159	-0.00432064	0.02888998	0.01873470	-0.02014441	0.22535067	-0.00135358	0.03949971	0.04610362	0.01468980	0.04584907	0.16049093	-0.05381756	0.29056765	0.02139744	0.22039419	0.21992303	0.27866728	0.20162014	0.16663779	0.26804439	0.12381506	0.02750350	0.10075840	0.17893233	0.10477279	0.03328009	-0.00553849	0.06441633	0.09240499	0.17146677	0.22758401	0.25224476	0.17976793	0.33017575	0.39014173	0.26992980
17Networks_LH_LimbicB_OFC_2	0.02987499	0.16609630	-0.01820537	0.15377567	0.25947535	0.17481413	0.19823134	0.01154624	0.12780575	0.11511662	-0.04411941	-0.03876412	0.17582911	0.11898667	0.07095302	0.04859651	0.16712010	0.11023408	0.03912730	0.13037929	-0.02766282	0.01440930	-0.14899816	-0.02122050	0.08443543	-0.05438558	-0.09929225	-0.09137888	-0.04948861	0.05365751	-0.09676530	-0.07580795	0.00668941	-0.05029299	-0.14640325	-0.10259480	-0.15802948	-0.11422751	-0.18552723	-0.11052801	-0.07339556	0.01708914	-0.14790796	0.03888217	-0.06675038	0.03341828	0.16192255	0.06416732	-0.05825696	0.04019597	0.04897769	0.06795213	-0.11947022	-0.14463491	-0.09889697	-0.02212279	-0.11638164	-0.04191220	-0.05694448	0.13318084	0.21754240	0.03802885	0.11098112	0.02829335	-0.03801308	-0.05541514	-0.09359022	-0.09659148	-0.13018540	-0.18372759	-0.13484072	-0.08980637	0.05384369	0.00897049	-0.09448498	0.05162895	-0.00396896	-0.05940302	-0.08471812	-0.00858932	0.05874157	0.02662023	-0.03511309	-0.00529063	-0.07324133	0.03984563	0.11718555	0.01484088	0.26144507	0.19459562	0.03905393	0.12833521	0.03514529	0.08882044	0.08754609	-0.00144412	-0.21296338	-0.02707390	0.00669533	0.08479391	-0.05012159	-0.03181751	-0.01587547	0.16075700	0.15701716	0.13187663	0.40962290	0.04978194	0.18823054	1.02170014	0.44647042	0.03338899	-0.01103508	-0.28714177	0.13875271	0.14110049	-0.06804976	0.34924855	0.43868050	0.29384987	-0.00552151	0.06640802	-0.03622443	0.11610083	-0.04226432	-0.09085568	-0.16258415	0.26127977	-0.05853146	-0.07993894	0.12964425	0.05467905	0.03727129	0.18748998	0.05716341	0.06032701	0.07990799	-0.06922342	0.04931208	0.22559684	0.11438688	0.00102139	-0.02060610	0.04231208	0.05801240	-0.00725621	-0.04780572	-0.04025853	0.12921487	0.07665832	-0.03668072	0.02616870	0.10561307	0.06232078	0.07684154	0.08989740	0.04620746	-0.05055057	0.06232816	0.00487744	-0.00557621	0.02526671	-0.04538000	0.04365905	-0.00000527	0.06185618	0.43863876	-0.06753702	0.10656447	-0.03956454	0.12312494	0.24068728	0.13399459	0.19036857	-0.00357645	0.14401754	0.03906524	0.08209530	0.10738546	-0.02786368	0.03370086	0.06537700	0.41416898	0.56527511	0.35783871	0.39373687	0.20066931	0.16359941	0.12553403	0.17235417	0.18062605	0.21081099	0.19181202	0.23114685	0.21104238	0.10710685	0.14948231	0.03120870	-0.06932280	0.09753803	-0.00846694	-0.05786946	-0.08069534	0.11272779	0.15595335	-0.09999650	0.16361167	0.00158240	0.04244836	0.00707191	-0.08502953	-0.04284667	0.00662849	0.16274793	0.14136148	0.09863450	0.17511682	0.04505351	0.04618886	-0.00283633	0.02826222	0.10549187	0.02905924	-0.04644006	-0.11713749	-0.05461704	-0.02123722	0.01455934	-0.07602860	-0.03225709	-0.00182560	-0.05928335	-0.04335917	-0.17730928	-0.06520815	-0.14017747	-0.06390403	-0.07112484	-0.04066767	0.08611997	-0.12723901	-0.09182870	-0.18289886	0.16616323	0.09410559	0.02090468	0.10734593	0.13762497	0.01172843	-0.01474801	0.08319893	0.15404538	0.09770605	0.11707813	0.06870858	0.02151294	-0.06362477	-0.06748756	0.14661647	-0.00454042	-0.06202169	-0.02727141	-0.03104708	-0.17525969	-0.08972640	-0.11811619	0.11159277	-0.15607064	-0.02191832	-0.11462052	0.02272145	0.05775323	-0.01060852	0.03146879	-0.05394568	-0.10902641	0.05883925	-0.02037682	-0.08775833	0.03988706	-0.02549796	-0.06969637	-0.12563533	-0.07767532	0.06978983	-0.00536232	0.06658659	0.02175155	0.21294865	0.16811248	0.19093486	0.25370352	0.15056031	0.13830138	0.09831775	-0.01715131	0.04379951	0.02402695	-0.01891324	-0.06483613	-0.00885776	0.00321981	-0.05934147	-0.02789522	0.16993690	-0.05528161	0.07540213	-0.03687147	0.12504158	0.08181889	0.03537872	-0.08788099	0.13825718	0.34734215	0.37038464	0.28104323	0.16697368	0.05320608	0.16727290	-0.30453032	0.42061272	0.13334851	0.21528298	0.15524714	-0.18119999	0.00365356	-0.14063775	-0.15713109	0.01077741	0.21176707	0.07383683	0.00272584	-0.11056377	-0.01184950	-0.09149217	0.04294723	0.22689213	-0.06748482	-0.01172708	-0.06560039	-0.08287959	-0.05197009	0.03360280	0.07178552	-0.03401947	0.51355905	0.28662007	0.25109366	0.10027050	-0.00345999	0.00554212	-0.00903791	0.00548683	-0.06047154	-0.05401133	0.01485088	-0.01572225	-0.08031615	0.11696507	-0.00279049	-0.00862920	0.14556777	0.03467814	0.06300561	0.11734269	-0.02129595	0.02052155	0.05815205	0.04192685	0.10365289	-0.00942901	0.07100319	0.02138242	0.10860722	0.09987061	0.36296690	0.05557103	0.08219000	-0.03025737	0.07371346	0.13763825	0.41587530	0.39682337	0.24753713	0.00394851	-0.02225063	0.09589854	0.11318814	-0.00778979	0.13374411	0.35925212	0.12248307	0.12107381	0.09718746	0.11523152	-0.06281249	-0.02473068	0.06509156	0.02138258	-0.02492230	0.21034432	0.16204009	0.23725215	0.23891424	0.07961769	0.15201090	0.01546986	0.11070023	0.16197731	0.23166389	0.17086301	0.08720901	0.08904504	0.07218319	0.00466363	-0.02122627	0.27271441	0.00560305	0.27960377	0.24975211	0.07652457	0.06786597	0.06770001	0.09684924	0.15566694	0.02861565	-0.09380335	0.01872691	0.09727077	0.08552372	-0.02858486	-0.01691576	0.13618266	-0.11564858	0.02142137	0.07966522	0.11078421	-0.03966996	0.06667570	0.15367699	0.23340552	-0.01045597	0.10743163	0.10354018	0.35019568	0.19522323	0.31977831	0.13476977	0.10173796	0.01692483	0.08965653	0.14383883	-0.02444632	0.12483282	0.13205309	0.04724492	0.06634290	0.01950783	-0.09870807	0.00975137	0.10266456	0.11587812	0.07874428	-0.02934813
17Networks_LH_LimbicB_OFC_3	0.12412525	0.06148355	0.10905026	0.18348465	0.10457209	0.11483018	0.14655672	-0.01668245	0.05302767	0.00877289	-0.12254472	-0.14965397	0.03438584	-0.02409604	0.14819407	-0.05060114	0.08417713	0.03926483	-0.02988420	-0.02178035	-0.12398518	-0.18180065	-0.18117615	-0.02983872	0.00421791	-0.02905064	-0.09717854	-0.14993312	-0.07382354	-0.06446530	-0.03712283	-0.02618847	-0.00874076	-0.05477370	-0.10408841	-0.07499555	-0.13910049	0.00708069	0.05209522	-0.05538802	-0.03058829	-0.11021842	-0.05220118	-0.00159330	0.02425793	0.00328517	-0.06015000	0.03539047	-0.01025270	-0.03653682	-0.00035491	0.02135728	-0.13585370	-0.06840577	-0.01800938	-0.01242158	0.02478579	-0.13653905	0.07365533	0.03633290	0.01663259	0.17799263	0.05439242	0.04462792	-0.04124645	-0.07462244	-0.02833982	-0.07052104	-0.09459961	-0.05062499	-0.11484525	-0.05206875	0.13045587	0.05298948	0.11174535	0.06655311	0.02174665	-0.08561218	-0.09561733	-0.05270395	0.06950576	0.16403055	0.10986774	0.07716808	0.11551240	0.04350974	0.04236096	0.01955602	0.00874876	0.08040285	-0.00435929	0.07268960	-0.04494028	0.00593964	0.10616630	-0.08621384	-0.17671032	0.05669950	0.10961895	0.12638645	0.01739316	-0.09796306	-0.02636593	-0.06732521	0.05998289	-0.04452698	0.39153431	0.15219745	0.34601067	0.44647042	0.94757880	0.30513269	0.24324422	0.02808839	0.18976182	0.15361683	0.06756523	0.30704110	0.31741636	0.27332136	-0.03197135	0.12084792	-0.03509086	0.08821495	0.05872288	-0.04752047	0.01445990	0.20340385	-0.09266756	0.00029833	0.22418561	0.21041869	0.00932389	0.26592184	0.07667094	0.15106915	0.09399560	-0.09346667	0.16343129	0.36742701	0.28413667	0.09141268	0.15418424	-0.08086709	-0.02503537	-0.04246296	-0.07427712	-0.04911596	0.21781713	0.28455472	0.14695936	0.13550987	0.26602757	0.11979319	0.15300886	0.17087599	0.14172571	0.14490921	0.16228053	0.08078115	0.22871337	0.27603749	0.11495648	0.13784792	0.26446585	0.08506856	0.45461910	0.17974616	0.31715764	0.00176461	0.17562589	0.13367203	0.09354171	0.13458966	0.16327601	0.16550766	0.06319383	-0.03968500	0.07088806	0.13970128	-0.03582339	0.20784754	0.26909649	0.33070182	0.36100726	0.28556209	0.15465075	0.21211150	0.10674262	0.16967629	0.11628155	0.18845791	0.02107675	0.12074536	0.04182421	-0.00105408	0.11968003	0.05454516	-0.08722924	0.03371996	0.04323445	0.16309986	0.03716570	0.22043550	0.21298829	0.09880749	0.20052806	0.04595540	-0.03621664	0.06687408	-0.16301141	-0.09971532	-0.02520439	0.05375692	0.08185791	0.06911052	-0.03973331	0.10044368	-0.08034532	-0.09950569	-0.00130250	0.06501010	0.05254829	0.01184058	-0.04866725	-0.00401665	0.02434268	-0.04798379	-0.01607351	-0.07372213	0.02448223	-0.02977173	-0.02799796	-0.05985357	-0.03480398	-0.09377990	-0.08331566	-0.01364768	0.01643068	-0.00403487	0.02675606	-0.05029309	-0.04646844	0.08124469	0.04127981	-0.02349677	0.10798162	0.09396498	0.10241858	-0.06944352	0.06164826	0.07879053	0.07457584	0.09142154	0.10211867	0.09624176	0.08933681	0.02139584	0.12553737	0.10707184	-0.00551888	0.03058231	-0.10940036	-0.06606945	-0.01990261	-0.17883240	-0.00689899	-0.20242651	-0.03330609	-0.09321395	0.02757130	0.05951605	0.05560300	-0.01928840	0.01090085	0.02259099	0.01188689	-0.01881914	-0.13641298	0.04896268	-0.02244378	0.06878780	-0.02651012	-0.05150631	-0.00369183	-0.01298554	0.01628463	0.09543523	0.02726732	-0.10670846	0.03349799	0.05789632	0.14270450	0.03804214	0.00880988	0.01306017	0.06699627	-0.06196826	-0.07659236	-0.16892671	-0.11975675	0.03465929	-0.04603234	-0.09202232	0.05304395	-0.07975614	0.05811039	-0.02130264	-0.07055705	-0.19510165	0.02052986	-0.12846347	0.32291064	0.26392165	0.56900532	0.34551574	0.28866253	0.24373417	0.17700070	-0.03107729	0.21093160	0.22330631	0.03048608	0.03352982	-0.15704188	0.07330471	-0.20979704	-0.08144811	0.00800236	0.27968260	0.04416988	0.04976327	-0.05477721	-0.02870373	-0.05581095	0.16209268	0.16307634	-0.19163347	-0.03354253	-0.13645883	-0.17561260	-0.07949211	0.04823871	0.18775926	-0.05269148	0.40073036	0.36241842	0.15234422	0.26171355	-0.00741219	-0.12946363	-0.15882341	0.10300617	0.00208484	-0.19095020	-0.03405059	-0.05959970	0.15350036	0.07145101	0.11865214	0.05119004	0.12756657	0.02567497	0.05780891	0.05731166	0.07147251	0.13816811	0.30988015	0.16846076	0.18674605	0.09177195	0.09194459	-0.02881162	0.13567209	0.08828038	0.27682710	0.07429158	0.12121774	0.09249530	0.01211436	0.19632290	0.16478085	0.16420254	0.03903828	0.13656088	0.09439598	0.10564631	0.02005314	-0.00416173	0.05078849	0.35362713	0.15303752	0.06317008	0.07297578	0.01895470	-0.22953370	-0.08106644	-0.03257889	-0.02424768	-0.15425080	0.13204152	0.01433604	0.10439015	0.09193238	0.04132316	0.06687915	0.14894308	0.04894495	0.06964761	0.11540458	0.17835877	-0.00216878	0.00548738	-0.06408326	0.07399077	0.11421033	0.20359188	-0.08006535	0.11756296	0.16794374	-0.01157655	0.08169766	0.05527070	0.07810435	0.15768868	0.02352020	-0.08604459	0.02684296	-0.00164124	0.00238697	-0.00592151	-0.05758580	0.16054598	-0.13275421	0.02719902	-0.01045563	0.02821202	-0.02072569	-0.09546636	0.03217649	0.30190339	-0.04415319	0.04183064	0.09035418	0.33767644	0.23190371	0.26416362	0.13677180	0.17963275	-0.02613766	0.04010961	0.08017726	-0.07697508	0.05430697	0.07309221	0.06578694	0.01955032	0.08737525	0.11196171	0.16901544	0.15511031	0.17426540	0.24778812	0.18369965
17Networks_LH_LimbicB_OFC_4	0.27463776	0.13737600	0.36451360	0.41824374	0.10266025	0.18329792	0.27325468	0.11896949	0.09562073	0.03692808	-0.01193867	-0.12184788	0.19957792	0.17154267	0.20159056	0.17101546	0.10798563	0.04708709	0.02113247	0.04877583	-0.07592530	-0.03203754	-0.12857635	0.16860383	0.09856710	0.23283580	0.14435591	0.04280485	0.20405692	0.01799905	0.14760590	0.15773420	0.26146113	0.15216913	0.11407568	0.19227016	0.07508811	0.30404631	0.33524254	0.26862009	0.20027578	-0.04445065	0.18914669	0.13697589	0.25156684	0.01674846	0.04248141	0.23989351	-0.01041061	0.02287386	0.18682239	0.24986565	0.18563200	0.18878741	0.19230226	-0.01533801	0.28336382	0.08729243	0.33509680	0.01938525	0.19925760	0.24263243	0.20404995	0.01976883	-0.12049289	0.01411826	0.02639402	0.01211285	-0.09183815	-0.00146708	0.04988931	0.03474590	0.14164549	0.26561682	0.09700874	0.22528033	0.00289457	-0.04409183	-0.09590870	-0.09535249	0.25286423	0.31741823	0.19038978	0.08728570	0.20777176	0.18641311	0.11156845	-0.03828455	0.07485827	0.08703582	0.00046462	0.06104667	0.12257352	-0.02175927	0.24438792	-0.06530500	0.03885807	0.28143900	0.29495297	0.13208916	0.07508062	-0.06876995	-0.21672131	0.01898343	0.08822190	-0.06183884	0.09841571	0.24552311	0.37992298	0.03338899	0.30513269	1.04654092	0.34869703	0.17276057	0.15868044	0.27595737	0.08180999	0.24308812	0.11872422	-0.01616251	0.00360252	0.10772268	-0.04768807	0.05153908	-0.01136071	-0.00200989	0.18617276	-0.01092115	-0.06773194	-0.01377332	0.18825075	0.23958541	0.06473464	0.30554352	0.14765647	0.10225882	0.00263353	-0.09715400	0.17155545	0.14519073	0.19645331	0.11837407	0.34011729	0.03030507	0.03538504	-0.00164713	0.10297935	0.03201514	0.19272168	0.26435987	0.19214300	0.19034478	0.22580235	0.21929451	0.18384777	0.16236239	0.09477260	0.34247978	0.16962627	0.22400816	0.44264201	0.44202181	0.32395534	0.30816543	0.37137472	0.27809804	0.17343528	0.27509002	0.41478398	0.26438766	0.14758207	0.22959091	-0.01613666	0.06852211	0.36010803	0.09554707	0.06302312	0.02455899	0.06948524	0.26177620	-0.03446593	0.21161716	0.22173220	-0.03068761	0.29140549	0.12291649	0.05182302	0.16215839	0.27684694	0.25310870	0.22146842	0.14652006	0.23959859	0.18243261	0.11509977	0.08043646	0.10041542	0.03202584	-0.11822924	0.08026230	0.23792291	0.09305896	0.18116720	0.14664998	0.12103537	0.06421383	0.23010361	0.15284018	-0.02292668	0.10184765	-0.05213589	-0.06401958	0.18729351	0.25508380	0.21888283	0.20638426	0.03486094	0.04446162	0.08353096	0.09231794	-0.03525723	0.11002214	0.06426262	0.27977228	0.31307061	0.25431906	0.18605853	0.19179181	0.26203854	0.14551366	0.19476850	0.13657652	0.14007203	0.13493144	0.13573473	0.12772149	-0.01332752	0.28006729	0.13634211	-0.07762928	0.35995397	0.23842275	0.27070384	0.09855561	0.04110505	0.02680516	0.11314344	-0.07628636	0.16489637	0.00662510	0.16665724	0.11174961	0.23923026	0.07833788	0.16756796	0.18138181	0.31696955	0.17759944	0.15716184	0.18228141	0.26801664	0.09912597	-0.11899358	0.01813053	0.03339283	-0.01528311	0.07298989	-0.03267614	0.05140445	0.06056363	0.11879721	0.10498451	0.06757539	0.12663478	0.19685503	0.18045304	0.13979571	0.10766815	0.02195520	0.17088316	0.19947748	0.27043118	0.06451612	0.04733285	0.05984145	0.11873130	-0.02843219	0.21125802	-0.01679136	-0.23001484	0.06362900	0.04377156	0.00721517	0.01868383	0.00337427	0.25140950	0.16096638	0.15962648	0.17041961	-0.12307504	-0.01322533	0.29630695	0.05145056	-0.02802324	-0.00711330	-0.12901469	-0.03371500	0.08630328	-0.11926318	-0.18404777	0.19273708	0.05291660	0.43198338	0.31048907	0.43833325	0.10218841	0.53462581	0.16306509	0.20342889	0.27384886	0.21335853	0.42320027	0.20259161	0.22799695	0.01171564	0.10437107	-0.03769310	0.04942288	-0.00990429	0.22277721	0.10744409	0.14349618	0.09233175	0.02097290	0.12984404	0.28746820	0.15320950	-0.11160308	-0.03018748	-0.07093471	-0.07530947	-0.07949861	0.06212001	0.22400964	0.03520348	0.09625956	0.16074294	0.07578855	0.30492640	0.16276595	0.08417857	-0.03325858	0.20503537	0.12105794	-0.05365980	0.10053913	-0.04001945	0.35688305	0.08903535	0.14966159	0.04208949	0.19216010	0.07116984	0.16181084	0.10577598	0.19300849	0.18018650	0.36363918	0.17455723	0.33657446	0.33942004	0.09442758	0.14637377	0.17521972	-0.04422432	0.27446332	0.25929308	0.15503253	0.29410264	0.09439593	0.20240066	0.19871268	0.19842608	0.00880805	0.29016136	0.20496583	0.20703120	0.20891904	-0.16261329	0.19515312	0.14794770	0.34009596	0.13559354	0.20943440	-0.02510896	-0.19417168	0.08907949	0.04399143	0.09719347	-0.06840897	0.32114533	0.14011852	0.15849081	0.15977430	0.07716373	-0.05012460	-0.04435430	0.18429162	0.13581902	-0.12060072	0.12125456	-0.02148806	-0.04768396	0.01422264	-0.00380081	0.16307819	0.33783398	0.17013674	0.21356244	0.23025682	0.10894691	-0.06492983	0.01961122	0.09701740	0.15741910	-0.09837814	0.01772074	0.05434029	-0.06379396	-0.02444572	-0.00562088	-0.02347181	0.17364259	0.12738170	0.23833300	0.20511586	-0.07469142	0.21465612	0.19687386	-0.05381717	0.24841674	0.01505403	0.13803637	0.16777382	0.16399481	0.13447813	-0.11508003	-0.05836008	0.16375523	0.23596399	0.25715903	0.27264925	0.02025772	0.29027274	0.05548203	0.18273170	0.16996703	0.30539159	0.37964128	0.28579670	0.35089247	0.28504148	0.34958736	0.24749658
17Networks_LH_LimbicB_OFC_5	0.34208981	0.21507312	0.27020775	0.20133630	0.01941795	0.10056480	0.15450701	0.04511669	0.13150840	0.10825885	0.18710563	0.00177988	-0.11553929	0.05519092	0.29270972	0.18761954	-0.02369454	0.15808470	0.17675847	0.03295594	0.17228818	0.11698442	0.20166071	0.19519738	0.34874084	0.30625878	0.07853818	-0.18361253	0.26084494	0.11250029	0.24991244	0.39091779	0.21190694	0.26669067	0.16649946	0.19637091	0.22708165	0.46471644	0.55051516	0.28600278	0.36132597	0.15691494	0.36359866	0.20751481	0.20495846	0.14645290	-0.12491204	0.21116561	-0.03217026	-0.13502395	0.17824474	0.22113608	0.14597385	0.21331610	0.20537504	0.02950111	0.26394533	0.07558527	0.31636785	0.20315023	-0.03364376	0.42830734	0.11075109	0.15978256	0.13398534	0.06792591	0.09073681	-0.08126390	0.11249652	0.13516273	0.01506845	0.21871718	0.03990672	0.13866116	0.18900588	0.15525253	0.13507099	0.20742372	0.11079746	0.27223954	0.35962200	0.47034448	0.44216020	0.35996477	0.37536102	0.10540464	0.00155159	-0.02279316	-0.21470432	-0.09610436	0.03276222	-0.02377947	0.23682778	0.18499532	0.16629614	0.18224609	0.20032963	0.50931947	0.49277513	0.33813318	0.06466039	0.26180999	0.23940583	-0.13133043	0.12822087	-0.02053100	0.13838180	0.50771765	0.30072474	-0.01103508	0.24324422	0.34869703	1.35892619	0.27929648	0.12350081	0.07850003	0.25530036	-0.01373857	-0.05113505	-0.28296523	0.06636537	0.25530167	0.00576483	0.27888800	0.04968061	-0.00115849	0.16696492	0.03867487	-0.19200597	0.10402423	0.43071260	0.53200617	0.15312068	0.33247596	0.22616083	0.48718077	0.20026164	0.03852492	0.39635377	0.37006268	0.57877668	0.41290690	0.61374955	0.28997648	0.09192110	0.08392238	0.20737491	0.09195909	0.53067330	0.60026297	0.51042020	0.38513634	0.39502180	0.38813671	0.46072507	0.44179567	0.44506448	0.58172577	0.49447520	0.48054592	0.67319947	0.49303082	0.67840371	0.49532796	0.70125887	0.45060085	0.17343318	0.67050188	0.59044247	0.41904416	0.49241697	0.46312879	0.24174473	0.34228324	0.72859515	0.43793600	0.49273823	0.12764270	0.22300714	0.29372230	0.37380662	0.54845444	0.24994981	0.07149577	0.43378518	0.26565912	0.24492137	0.44146230	0.10976036	0.28665879	0.23153110	0.05117317	-0.05770491	-0.08570877	-0.14047705	-0.07910363	0.24727822	0.16945834	-0.01735149	0.03610214	0.38443629	0.32670596	0.51933269	0.24352770	0.09219562	0.46278347	0.37174085	0.27841286	0.13075970	0.20147155	0.22726994	0.19529230	0.06252791	0.08370971	0.23384018	0.22150616	0.08275931	0.07392683	0.00082898	0.08093834	0.27721691	0.15407657	0.29168315	0.17002523	0.29958401	0.24713821	0.19222395	0.36481743	0.37068155	0.12950984	0.27068423	0.36158693	0.34804150	0.26957131	0.26810611	0.28217734	0.17434540	0.46041100	0.35120626	-0.02972487	0.40584578	0.12165017	0.31433883	-0.00389371	0.18265808	0.08375787	0.15091590	0.03947663	0.09535441	0.07169759	0.16488635	0.16789860	0.27982505	-0.03162171	0.08365052	0.11332724	0.30073872	0.24018670	0.13528101	0.28995883	0.52050861	0.30109810	-0.02304665	0.33834347	0.21849707	0.04416881	0.06325355	0.04178969	0.05658366	0.18146664	0.31317544	0.21982422	0.19826244	0.03084307	0.16571216	0.19739104	-0.00563217	0.19524352	0.02459265	0.25504630	0.30863129	0.36937913	0.18120590	0.11361044	0.10138021	0.10253100	-0.10207612	0.31847698	-0.16636667	-0.15705898	-0.01655145	0.09848350	-0.08518106	0.19516876	-0.11839411	0.43989047	0.16731517	0.14462123	0.18390261	0.04066856	-0.12429784	0.32806769	-0.04999195	0.01964083	-0.19196688	-0.13625165	0.20836346	0.17022226	-0.06775269	-0.16001274	0.18267345	0.16747183	0.05718416	-0.07463813	0.14868031	-0.29857597	0.15299406	0.62070831	0.06657181	0.35889297	-0.18260265	0.19770226	-0.12205785	0.17117191	0.06068700	0.08993131	-0.00020880	0.20100850	-0.03833528	0.17014507	-0.01480289	-0.07462780	-0.05311605	0.18459146	0.22349078	0.25833387	0.02900627	-0.23335683	-0.02792905	-0.05849270	-0.01765902	-0.01351100	0.10863047	0.39374079	0.00791620	0.05034726	-0.13200064	-0.09778089	0.36821989	0.25627997	0.11870222	0.08557175	0.31947258	0.22536043	0.01920586	0.15323008	0.13945930	0.45563663	0.16032398	0.26857725	0.12652475	0.18058962	0.30857689	0.31477568	0.23856463	0.38998032	0.42255228	0.47673605	0.53977997	0.37679432	0.49744556	0.08517653	0.16427955	0.17094541	0.07790279	0.06536589	0.32585328	0.34163719	0.47397562	0.22642673	0.20007421	-0.04985370	0.11650534	-0.04797878	0.41058110	0.42419413	0.20926270	0.22874837	-0.08448503	0.04454997	-0.22665070	0.27541108	0.08127450	0.09833381	0.05559168	-0.17515915	0.02182667	0.00314861	0.12396478	-0.18120318	0.05717451	0.15368613	-0.08876029	-0.17522907	0.22647540	-0.08827246	0.11614834	0.33176499	0.03969789	-0.10933170	0.21408570	-0.10871408	-0.03390925	0.12738965	-0.01054972	0.15748850	-0.00761459	0.18380800	-0.14225762	-0.15687219	0.12171922	0.00337756	0.12277965	0.19102381	0.01476248	-0.07359032	0.11553486	0.07872291	0.05446672	0.15243561	-0.01228985	0.06403728	0.12247755	0.14012569	0.17145935	0.10596597	-0.07302174	0.18065651	0.18024682	0.04814349	0.22966339	0.11382370	0.16736994	0.15864708	0.11563575	0.07848685	0.01774403	0.12024196	0.23876974	0.10088239	0.07413092	0.01977833	0.14649032	0.11539417	-0.12333707	0.29614962	0.26918779	0.29507280	0.54690385	0.43044802	0.45152570	0.44088842	0.50298625	0.40914417
17Networks_LH_LimbicA_TempPole_1	0.09130060	0.02717304	0.07380265	-0.05648899	-0.16804174	-0.06646442	-0.03704072	-0.04042874	0.02093724	0.00508753	0.16741282	0.06812884	-0.09537259	-0.01623794	0.12524962	0.06599579	-0.11155127	0.12304159	0.05368012	0.06727324	0.08918193	0.04534092	0.08868927	-0.04808907	0.16142037	0.21327628	0.05623126	-0.05998770	0.12957042	0.03811605	0.27647818	0.27174026	0.02488575	0.12952001	0.04468975	0.13266417	0.29705735	0.25561860	0.23841874	0.08226838	0.23992290	0.07221054	0.17929250	0.28064801	0.20411076	0.04710531	-0.04134585	0.04974928	0.25743483	-0.02695994	0.14889157	0.16517023	0.11485538	0.16433325	0.33449819	0.04826534	0.33984112	0.06880487	0.28223695	-0.12131885	-0.11100249	0.02776074	-0.04655617	-0.09138072	-0.14791769	-0.05124418	-0.09601602	0.06889818	0.04234962	-0.05064815	-0.07708082	0.07108593	-0.06672351	0.04471590	-0.10137942	0.05255332	0.02143259	0.10505318	-0.00860968	0.15842644	0.16374116	0.06653510	0.04181418	0.07814714	-0.01629355	-0.03782563	-0.18281314	-0.12800928	-0.12165718	0.10483842	-0.02789494	0.10289487	0.06514526	-0.01867373	0.00071339	0.02464778	0.02050390	0.10308972	0.09462811	0.07528822	0.12056217	-0.04419058	-0.11758553	-0.19155137	-0.02014739	-0.11710014	-0.24742478	0.10463834	0.01092403	-0.28714177	0.02808839	0.17276057	0.27929648	1.04926008	0.34248767	0.33432709	0.42651792	0.01096029	-0.03969518	-0.03922295	0.11251118	-0.05414446	-0.18995078	0.01025733	-0.04617125	-0.06334415	-0.18463121	-0.21146088	-0.05525540	-0.06989656	-0.05785975	0.08263642	-0.03993300	-0.16224510	0.09080051	0.04332486	-0.03965476	-0.04355616	-0.13704293	-0.08576892	0.07098629	0.04543638	0.18315677	0.01099629	-0.08445828	-0.16605339	0.09899083	0.09207538	0.05264499	0.17018107	0.07313001	-0.07083727	-0.00029163	0.14510706	0.10486527	0.07421462	0.13749175	0.08622288	0.00316308	0.07380828	0.15540599	0.09818597	0.20875377	0.11500388	0.16305365	0.10747386	0.07990448	0.59072933	0.28436789	0.19360367	0.09116647	0.12229691	-0.12436652	-0.07840435	0.22501124	0.02300146	-0.03834143	-0.18189405	-0.16442079	0.01177859	-0.13042002	0.03094696	-0.10203133	-0.39059900	-0.03306087	-0.18605795	-0.09809602	-0.05566869	-0.03427302	-0.01794494	-0.02677158	-0.10446685	-0.05538315	-0.05292980	-0.08744637	-0.07324067	0.10661362	0.09958468	0.02719782	-0.06330410	0.07552369	0.09773251	0.20204327	-0.02645350	-0.01311168	0.06501680	0.08239090	0.20827407	0.05437712	0.22119710	0.18194874	0.14215483	0.15691694	0.02105207	0.00131559	0.07079168	0.02496880	0.16735380	-0.01677890	0.04357046	0.12352967	0.00993464	0.16345279	0.22260181	0.19813541	0.27414244	0.19399722	0.23446043	0.24756861	0.14499221	0.22640511	0.08291006	0.24280474	0.37197072	0.17062046	0.26112419	0.30047153	0.28297463	0.14721517	-0.00825747	0.34034460	0.14598569	0.12630307	0.00483964	0.19973480	0.21304744	0.23783966	0.01482782	0.14592063	0.06475713	-0.03787594	0.10757106	0.28408564	-0.02644945	0.07570608	0.25153362	0.39023113	0.34415188	-0.11854928	-0.00918484	0.14098975	0.11885165	-0.01842243	0.11246236	0.02996798	0.05599407	-0.12178743	0.09265163	0.00567391	0.06526695	0.14704194	-0.00555257	0.07296066	0.24837921	0.12222899	0.09979038	0.14995317	0.18899235	-0.03318562	0.08051213	0.13500980	0.07786697	0.05016023	0.00746133	0.02142502	0.24179814	0.01560914	0.14135993	0.06122070	-0.17544344	0.09511217	0.08389302	0.08056678	0.08484026	-0.15372790	0.13748649	0.23456923	0.11880041	0.06062805	0.01100911	0.01083020	0.07898481	-0.22199469	0.11195470	-0.22659402	-0.12247884	-0.03292255	-0.01110185	-0.21846372	-0.09087880	0.13625175	0.04055425	0.04910905	-0.11214880	0.04854890	-0.13740074	0.16170881	0.07355164	0.23560518	0.72012968	-0.18749536	0.39566819	0.08514489	-0.06455691	0.01258497	0.02377360	0.06500965	0.13206057	-0.09854150	-0.03128464	0.02599245	-0.05231449	-0.01142543	0.10022314	0.23718708	0.24668936	-0.09267833	0.00944095	0.01039452	-0.06417194	0.02048854	-0.11631769	0.03182613	0.16812211	-0.05634452	-0.34703470	-0.24612496	-0.23361040	0.10434662	0.02866389	-0.01347688	-0.08466032	0.03986661	0.03758194	-0.18519968	-0.01242646	0.13902114	0.45344512	-0.00050610	0.12985812	0.07373357	0.08029246	0.10068308	0.01046464	0.15288665	0.12320007	0.20444382	0.14933559	0.27283215	0.15288958	0.18280404	-0.02524132	0.12482438	0.07264885	0.19489412	0.01888302	0.10445455	0.09437314	0.03477436	-0.04886555	-0.09179407	-0.22527685	-0.28777722	-0.28556997	0.12554058	0.11884997	-0.06454014	0.01418013	0.07174356	0.11750587	-0.01381516	0.27883315	-0.01032749	0.08546487	0.15262237	0.09664129	0.05586182	0.06425940	-0.03426488	-0.09265483	0.26070875	0.14509235	0.13243633	0.02900044	0.02541237	0.01563600	0.13102481	0.16393817	-0.08625350	-0.11270973	0.01350386	0.04609372	-0.01535162	0.13351016	0.06060353	0.09961474	0.22075996	0.22075833	0.02184976	-0.09990245	0.08335069	0.16238573	0.11860633	0.17758476	-0.08130202	0.02710309	0.19490936	-0.05986304	0.07173668	0.26558040	0.06879067	0.17684484	0.10802812	0.16214124	0.11808298	0.04036089	0.08267863	0.24696144	-0.02848346	-0.11801810	0.11386148	0.11890215	0.08645824	0.03696274	-0.07784528	0.15367869	-0.17002153	-0.05421364	0.14970791	0.22997965	0.16287047	0.04389082	-0.01823454	0.08060922	0.00922357	-0.01140969	0.07073708	0.10211103	0.36449514	0.15310004	0.22501047	0.14428217	0.23150912	0.35908932
17Networks_LH_LimbicA_TempPole_2	0.07536248	0.14891260	0.04478924	0.02377885	0.01988564	0.06464533	0.08207967	0.03775430	0.07171315	-0.06621728	0.04284462	-0.01742856	0.06385617	0.02265033	0.15925267	0.15737815	-0.00144733	0.07860004	0.02511186	0.10341111	-0.06255196	-0.01739292	0.00905513	-0.12401798	0.12579392	0.11126254	0.01776608	-0.04110604	0.13897232	-0.04943906	0.13673562	0.12435960	0.01561845	0.02812524	0.02316972	0.08421793	0.14528337	0.06472801	0.09578165	0.12430116	0.16077104	-0.06250579	0.11917104	0.06543022	0.16671234	0.05627047	0.10277519	0.03297563	0.05632671	0.03160925	0.17859158	0.21623241	0.07743568	0.04718733	0.19473108	0.06263848	0.23308699	0.02895596	0.18528972	0.02143713	0.07580791	0.06831479	0.11595642	-0.00478426	-0.03663870	-0.07407217	-0.03327237	-0.03757710	0.01547100	-0.02216880	-0.05600872	0.06469674	0.01732287	0.10106815	-0.07157750	0.03262341	0.03719421	-0.01123350	-0.06036492	-0.06428119	0.09941047	0.07653660	0.04530383	0.03477894	0.05334903	0.03697248	-0.07526022	-0.10879297	0.01353812	0.11896114	0.00077440	0.08153744	0.01469776	0.01597981	0.06496278	-0.12186416	-0.12948103	0.03581623	0.10374351	0.14615132	-0.00215722	-0.07568917	-0.01983503	0.01310051	0.09925174	-0.01737662	-0.02138425	0.05718098	0.02195844	0.13875271	0.18976182	0.15868044	0.12350081	0.34248767	0.76616233	0.42947992	0.28192790	0.27723990	0.29331460	0.11605849	0.06385422	0.02937003	-0.06551564	0.04202137	-0.02851134	-0.02176472	-0.10230337	0.09224694	-0.03956499	0.00193927	0.09931336	0.15430047	0.01042621	-0.03517317	0.15291483	0.06271073	0.06756404	-0.02253223	0.00436437	0.08123177	0.12554745	0.00122584	0.17345324	-0.01493736	-0.03339011	-0.08386759	0.02500787	-0.01789702	0.11311145	0.15328927	0.09753599	-0.04895195	0.02439262	0.05286380	0.07871970	0.11600316	0.07036806	0.07274155	0.00892641	-0.00344408	0.09201699	0.03282828	0.14038853	0.10877188	0.06065560	0.06243062	0.26799380	0.23574865	0.22122530	0.11865194	0.12570773	0.19344751	0.08882049	0.05558655	0.17590350	0.10911514	-0.00761270	-0.01146061	-0.02112748	0.02986396	-0.10014745	0.10874560	0.14724922	0.06166394	0.20114607	0.09561236	0.10467795	0.09643499	0.08333152	0.10539221	0.10494639	0.02878860	0.13409991	0.16760374	0.04668561	0.00171016	0.16546675	0.09468862	0.01071559	0.06942027	0.07074508	0.01081321	0.07988248	0.05017991	0.12365836	-0.06597289	0.14455995	0.11966510	0.00797893	0.08443650	0.05915638	0.06565211	0.16694581	0.15055185	0.13915301	0.00045086	0.07388339	0.01110330	-0.08207166	-0.00495440	0.01397870	-0.08525754	0.01940920	0.18915771	0.14991644	0.22477998	0.06392973	0.16913641	0.19452522	0.07095545	0.11178213	0.01239738	0.06398984	0.17289735	0.11870380	0.14544424	0.08850917	0.15603761	0.08982453	0.02165684	0.16527061	0.07532811	0.04488094	0.04158512	0.17172903	0.20007634	0.20942515	0.09898241	0.03093730	0.00966823	0.01137557	0.12734504	0.25284778	0.02874800	0.07873031	0.19281908	0.29329994	0.27297374	-0.00780977	0.03805338	0.01603740	0.02945368	-0.03981782	-0.03288744	-0.00897286	-0.06974709	-0.05273888	0.01665806	-0.00491149	-0.02376059	0.08514037	0.03534699	0.06005607	0.22958927	0.03988241	0.00959422	0.07353272	0.08157542	-0.03354783	0.01957171	0.02693973	0.06105128	0.01597572	0.06334633	0.00614074	0.11038131	0.03923628	0.11524462	0.09730878	-0.12828474	0.13729618	0.12571155	0.09210824	0.04697611	0.03624808	0.03759769	0.19895926	0.01053470	0.01482861	-0.07683425	-0.01638229	0.09438064	-0.11364203	0.00507777	-0.02251986	-0.02439706	-0.01405465	-0.10432005	-0.12597429	-0.04528155	0.07647665	-0.04460171	0.08174562	0.05376060	0.20443037	0.07105293	0.28362829	0.08832598	0.35706248	0.31314772	0.18430343	0.41800853	0.33348676	0.08516616	-0.00367939	0.04176218	-0.00797748	0.00621083	-0.04685226	0.12979433	0.11221738	0.04312653	0.00585120	0.07202000	0.15520961	0.15135994	0.16416451	-0.02968069	-0.04152226	-0.07494369	-0.06373429	-0.06760723	0.04639305	0.17537061	-0.03725326	0.10808006	-0.05754330	0.02450193	0.09021356	0.01895402	0.03166216	-0.10446010	-0.01369071	0.04714177	-0.16140633	0.00292954	0.06641146	0.25185055	0.05065517	0.05415457	0.06985197	0.09517610	0.05640239	0.04845084	0.11805424	0.05611960	0.09877491	0.10953512	0.21662375	0.13055100	0.06733876	-0.02176629	0.08533442	0.08404603	0.16872513	0.27253447	0.01561221	0.15336353	0.05313896	-0.05611507	0.13871960	0.05181657	0.03902510	-0.02777205	0.10405919	0.05319386	0.08091787	0.10973934	0.08611601	0.23458076	0.10160599	0.21545894	0.02389930	0.05799850	0.06949281	0.04206970	-0.02894532	0.05402345	0.00736910	-0.08408577	0.40963515	0.26436740	0.34562698	0.31983499	0.13980456	0.14690285	0.16216371	0.21612205	0.00191028	-0.02257822	0.07546383	0.11233905	0.04566014	0.11963901	0.11971089	0.11616983	0.40967572	0.17618346	0.30007973	0.23264903	0.17521678	0.19417913	0.18070217	0.17836847	-0.02522639	-0.01694258	0.05122262	-0.01717891	0.05817368	0.17950518	0.01417764	0.09958112	0.10854550	0.06168415	0.13685576	0.01851739	0.02578846	0.13982169	0.02628341	-0.06913911	0.09696493	0.06835101	0.07997376	0.03237057	-0.00304855	0.12008309	-0.20582706	-0.02631359	0.10095874	0.17476038	0.15867924	0.05132653	-0.10711494	0.19697784	-0.00000310	-0.06212652	0.03460814	0.03049819	0.15367552	0.10108736	0.17516686	0.07093363	0.11073572	0.13222334
17Networks_LH_LimbicA_TempPole_3	0.15242868	0.16520544	0.11673571	0.10470581	0.04447417	0.10791283	0.14125081	0.09089975	0.08012212	0.02131308	0.07414981	-0.00581271	0.11352796	0.12495022	0.16926811	0.11839196	-0.05210049	0.08163830	0.08283039	0.13456261	-0.05647804	0.02518576	0.00614118	-0.02567344	0.12585122	0.12671259	0.05105011	-0.02117613	0.13729194	-0.00573742	0.07703730	0.06796429	0.10096658	0.03754719	-0.00869479	0.05117520	0.08156216	0.06445013	0.06184328	0.14242529	0.14436462	-0.07222531	0.10185032	0.14305638	0.22796305	0.01409615	0.14619118	0.08506090	0.06871609	0.03833892	0.21066750	0.22797073	0.09817942	0.10579473	0.24904701	0.08362565	0.30014463	0.03850035	0.27321410	0.00125750	0.13428029	0.08487962	0.11134946	0.07183173	-0.09473181	-0.05485340	-0.06293332	0.01247830	0.03544475	-0.02532297	-0.01477781	0.03013601	0.03836231	0.13341780	-0.05221429	0.09366673	-0.02464232	-0.01481411	-0.05661917	-0.06820351	0.16726000	0.10655623	0.02518316	-0.03550777	0.02607767	0.08278497	-0.01556827	-0.09870642	0.10558848	0.16336241	0.05537196	0.10641294	0.03187209	0.05540994	0.09883714	-0.03804819	-0.13550999	0.11292521	0.10122773	0.05844861	0.05923538	-0.01214932	-0.02053198	0.07028129	0.11494745	-0.02126858	-0.05694004	0.04156025	0.18964357	0.14110049	0.15361683	0.27595737	0.07850003	0.33432709	0.42947992	0.82265698	0.29342074	0.33060048	0.28997953	0.10953810	0.12312966	-0.02135765	0.00311442	0.13230027	-0.00720017	-0.02090175	-0.02736981	0.06230646	-0.04764482	-0.02845676	0.04115352	0.06906409	0.01634313	0.07667457	0.10675926	0.06228654	0.09433974	-0.00166394	-0.06136759	0.06148427	0.11337611	0.08545521	0.18352184	-0.05449456	-0.00187919	-0.15091388	0.05921284	0.00216338	0.07175221	0.07374427	-0.00920175	-0.04407887	-0.00803860	0.01034954	-0.03373929	0.02825801	0.08885936	0.08100031	-0.05561274	-0.00750497	0.01105060	-0.02211369	0.08322707	0.03895464	0.10367000	0.06256094	0.22875267	0.25397771	0.25326159	0.08145741	0.08641321	0.24610532	0.03429350	0.04288429	0.12964859	0.05888361	0.05076203	0.02312104	0.01375209	0.06362826	-0.12569080	0.10183506	0.14000978	-0.03351243	0.18199910	0.07139164	0.11493070	-0.03015367	0.03120123	-0.02411811	-0.01602768	-0.08231787	0.06042150	0.13204906	0.05496330	0.04842071	0.15082614	0.10611920	0.07290354	0.10565207	0.12000003	-0.00844032	0.12216224	0.03159355	0.07734256	-0.07838503	0.15216343	0.15674045	0.06236548	0.14269049	0.06819534	0.08893922	0.18729439	0.10687641	0.20988634	0.12906060	0.09777991	0.05145643	0.03878226	0.07413466	-0.00134668	-0.00377280	0.01578156	0.17750722	0.20233681	0.24592326	0.08017291	0.14342332	0.19603868	0.02041732	0.12228160	0.01362321	0.00581365	0.09227019	0.07467473	0.07843695	-0.00645164	0.13219461	0.12518882	-0.10552897	0.23355924	0.10618096	0.06331987	0.03829717	0.16264831	0.16993360	0.25423123	0.04672641	0.03204639	0.04251839	0.06447590	0.15364918	0.23482626	-0.00699708	0.07815218	0.15185547	0.34019256	0.22943086	-0.05059051	0.02093458	0.04653133	0.09592016	0.06247288	0.03009317	0.02807528	0.03054457	0.00250756	0.05775902	0.02833053	0.05824190	0.08554510	0.06121542	0.08221359	0.21686656	0.04557930	0.01953859	0.10527910	0.07713599	-0.01215974	0.04507188	0.06721696	0.12925856	0.01579123	0.15183020	-0.00022187	0.11185329	0.01663642	0.20710809	0.15259704	-0.07573228	0.15912115	0.16371508	0.12253326	0.06021819	0.06098526	0.09752179	0.12509365	0.10393402	-0.01261272	-0.03157645	0.03027024	0.16991486	-0.03736825	0.04529793	0.02522807	0.02041088	0.05772686	-0.05324916	-0.07946339	0.00194865	0.18301752	0.07263655	0.20587926	0.11194881	0.22931311	0.04220631	0.35574641	0.01034058	0.34674511	0.36496116	0.20309270	0.54334402	0.36143773	0.22588861	-0.00575641	0.01235648	0.06406285	0.05534891	-0.09035212	0.17279548	0.15086058	0.04214602	0.06432967	0.12273232	0.09397402	0.30244849	0.14751930	0.09400516	0.07989687	-0.02454086	0.02134904	-0.00828339	0.08474301	0.18133696	0.01059882	-0.02698542	-0.04076670	0.09478779	0.16973167	0.09352780	0.01339445	-0.03537661	-0.08181027	0.05457367	-0.12880170	-0.05197276	0.04653505	0.29601088	0.13257747	0.07541769	0.05573418	0.08608433	-0.05272555	-0.09256949	0.09728456	0.11057251	0.05850675	0.02521480	0.20306223	0.11320480	0.07031855	0.05777497	0.14986522	0.14925458	0.20070256	0.31911360	0.12182193	0.11210266	0.10765106	0.03948651	0.19661495	0.10207603	0.13930599	0.03961501	0.07294995	-0.00103267	-0.02980108	-0.00883655	-0.04477799	0.21482327	0.12879730	0.17025931	0.07093575	0.12723660	0.14112774	0.10326633	0.14687369	0.11290672	0.13083295	0.05317191	0.43967210	0.15359375	0.43767502	0.33839757	0.08196175	0.09641429	0.06413787	0.26096374	0.05972065	-0.02733726	0.10001141	0.09052403	0.00954345	0.12112275	0.09899313	0.14883892	0.45066520	0.12007605	0.36925365	0.22916045	0.17701350	0.19199847	0.14327911	0.20953066	0.02042902	-0.05418394	0.09788539	0.04693111	0.04688657	0.22259498	0.04384296	0.12306082	0.09185275	0.06422117	0.13712781	0.02388198	-0.00065204	0.14844512	0.05492854	-0.17928088	0.10869477	0.04870282	0.12234966	0.07540713	0.03434575	0.09577947	-0.18138038	-0.08097088	0.02256946	0.16118732	0.18553965	0.13096344	-0.05977922	0.13806607	-0.04733456	-0.05096580	0.04587468	0.07086198	0.18990215	0.07992359	0.14852797	0.14485890	0.24329333	0.08578205
17Networks_LH_LimbicA_TempPole_4	0.09499761	0.20548909	0.06672323	0.03450091	-0.02359859	0.06106020	0.12907195	0.02150230	0.11829893	0.01886039	0.17102872	0.15079181	0.00174844	-0.01774714	0.19088907	0.04357743	-0.15086773	0.11254526	0.11356788	0.10487212	0.05840129	0.01814635	0.13008848	-0.07751289	0.21273666	0.17080061	0.11103780	0.07152096	0.17975532	-0.01781607	0.23274827	0.18216272	0.17283817	0.19434989	0.08142874	0.23012118	0.23901998	0.15617015	0.21460996	0.16173364	0.19740492	0.06433691	0.11177880	0.13787545	0.09465625	0.10090981	0.06657143	-0.09518086	0.12246898	0.08071114	0.12347524	0.10750139	0.06042083	0.11998456	0.18668743	0.03645178	0.18301729	0.13438825	0.15373672	0.08726813	-0.03598857	0.14067487	0.12093662	-0.01059248	-0.08084970	-0.06873656	0.06571298	0.03523486	0.06758649	-0.04231157	-0.01822311	0.08120007	0.03187806	0.14134449	0.01598773	0.18041674	0.06221040	0.03666220	-0.02639183	0.04155691	0.07049370	0.17227172	0.09838511	0.10335539	0.12000794	-0.02829013	-0.07772779	-0.08137996	-0.10661602	0.00931864	0.00132577	0.06547034	0.05009750	0.07985107	0.02971167	-0.06247651	-0.01215539	0.12846052	0.15256058	0.18318723	0.01152756	-0.01425232	0.02788935	-0.03339700	0.01436354	-0.07939846	-0.09777178	0.13142875	0.13643298	-0.06804976	0.06756523	0.08180999	0.25530036	0.42651792	0.28192790	0.29342074	0.83450892	0.12285261	0.05087567	-0.02569743	0.11108565	-0.03551920	-0.03363044	0.08405513	0.02449560	-0.02488910	-0.03013528	-0.02397704	-0.10077605	0.06085669	0.02347544	0.15117064	0.10038266	-0.06979763	0.12044666	0.13374459	0.06407362	0.04327000	0.04564977	0.00780034	0.07763717	0.01563719	0.17521656	0.06551464	-0.02990102	-0.09350399	0.16316807	0.17534563	0.11135455	0.18604857	0.16094455	0.01071629	0.08244337	0.12484931	0.13239272	0.12966897	0.19449251	0.12626507	0.08021171	0.13716670	0.16538870	0.06776825	0.11144672	0.09230440	0.10155171	0.09229648	0.18854659	0.38370340	0.23146700	0.14313343	0.14462041	0.08758469	0.03157986	0.01626525	0.16993068	0.07911247	0.04093704	-0.02252332	-0.00330612	0.04429072	0.00462169	0.11379429	-0.00200648	-0.12454714	0.13350020	-0.00331866	0.02838525	0.07240964	0.07326403	0.07441999	0.07960525	-0.05284279	-0.00414573	-0.05606532	-0.05924916	-0.07630133	0.25078291	0.11835297	0.00687333	0.00356240	0.11534635	0.11324198	0.26681243	0.06003605	0.06789390	0.17636225	0.18484460	0.24634970	0.08343196	0.16861596	0.17002338	0.18229645	0.19645332	-0.00163441	0.10289188	0.07040129	-0.04869714	0.18084075	0.04427765	0.10849316	0.13931106	0.00683244	0.14301308	0.19993517	0.17042436	0.26201652	0.09812969	0.22236317	0.23137992	0.17202288	0.10068461	0.01144371	0.14784251	0.19019247	0.14701775	0.24214932	0.15260698	0.15006872	0.13027190	0.04850660	0.25929445	-0.00017732	0.13003688	-0.08233117	0.10169100	0.12898616	0.15161503	0.03105367	0.05126546	0.05308207	-0.00771012	0.09558775	0.15982495	0.00133077	0.10555981	0.18206824	0.23022087	0.22813530	-0.00366502	0.08724262	0.16382374	0.10707269	0.09254049	0.14942377	0.12898989	0.02152349	-0.07368773	0.14038234	0.01134127	-0.02564632	0.12713114	0.02865128	0.09676209	0.21548561	0.08153611	0.10244160	0.13339570	0.05849866	0.01888695	0.04363557	0.07386747	0.16403248	0.00577467	-0.03203430	-0.01851092	0.13911556	0.00881485	0.13263453	0.07868267	-0.11114649	0.08534176	0.08703448	0.05897444	0.10406508	-0.00398571	0.15608982	0.16913509	0.08524480	0.02723382	0.01521094	-0.07894668	0.11593578	-0.01020713	0.01937299	-0.09093236	-0.04577170	0.02129262	0.04755734	-0.07525994	-0.02750570	0.17549404	0.14173912	0.05391195	-0.06323722	0.08683039	-0.07609778	0.11117042	0.22339548	0.21862181	0.40031885	-0.03886157	0.28081858	0.04600631	0.09113143	0.08176731	0.07605410	0.04369092	0.00701167	0.08701285	0.05201571	0.18510349	0.04858282	0.03123346	0.19173618	0.12390232	0.21664127	0.04290269	0.08168269	0.07118523	-0.05334022	0.00402289	0.05645269	0.15576587	0.20733828	0.01958883	-0.06072607	-0.12695645	-0.07527607	0.05711907	0.08200315	0.04670269	0.04811717	0.10943158	0.18270474	-0.11190822	0.01148731	0.17201569	0.30527269	0.15320323	0.13842235	0.17969031	0.17047570	0.12046924	0.08488267	0.21405125	0.19903244	0.22701019	0.15860966	0.23431415	0.12773137	0.09751874	-0.00535873	0.09577865	0.10679003	0.19126052	0.16027339	0.07888965	0.16236587	0.11987211	0.02801568	0.09999018	-0.10317052	-0.04909157	-0.01245432	0.20455951	0.14807876	0.06372733	0.11938457	0.03823163	0.13363156	-0.04415228	0.22666107	0.01641268	0.15145893	0.20899502	0.11416470	0.06517636	0.05791156	0.12968134	0.02431500	0.21493409	0.12199144	0.09479202	0.06051847	0.08868661	0.00896604	0.12926278	0.16457331	-0.08000319	-0.13244015	0.02442456	0.06223883	0.02908637	0.08617566	0.02039948	0.07955118	0.17783043	0.14974997	0.01661282	-0.04969073	0.10624783	0.16665042	0.18249341	0.16171721	-0.09030187	-0.06481392	0.08318636	0.02629068	0.07875010	0.18182214	-0.06529933	0.13142259	0.16313666	0.11613207	0.09930916	-0.09134515	0.07651717	0.19381527	0.04220770	0.01237683	0.07758397	0.18944086	0.15325313	0.12558795	-0.04911647	0.18311639	-0.15420324	0.13256275	0.12855834	0.14900954	0.22668085	0.04150556	-0.00903118	0.10996615	-0.03411858	0.08676307	0.08662925	0.13429092	0.25120247	0.16599992	0.20898794	0.22270076	0.21637418	0.29988378
17Networks_LH_LimbicA_TempPole_5	-0.00023830	0.19075501	0.08946345	0.15875727	0.20071653	0.16098458	0.21809104	0.10016177	0.09503018	-0.04689159	0.00736343	-0.00481531	0.06358921	0.01740078	0.01054332	-0.05833386	0.07081495	-0.01991335	0.02211886	0.08661104	-0.04850633	-0.03055268	-0.00893890	-0.03540345	0.08145904	0.07626734	0.00812430	0.05590297	0.10611755	0.03487574	-0.04159599	0.03551715	0.11361462	0.04041743	0.11826616	-0.00284062	0.11843534	0.06600852	0.05479439	0.09922727	0.10953025	-0.09593254	-0.03765301	0.02034155	0.06616940	0.06993657	0.18985405	0.11673988	0.07716810	0.21319711	0.00793698	0.07366103	0.01466761	-0.03941306	0.02566730	-0.02302469	0.01851194	0.07083494	0.10862096	0.08479662	0.20680876	0.01837406	0.08639401	0.10165112	0.00613841	0.03732453	0.06162471	0.01842491	-0.05339705	-0.05260830	0.07947341	0.13747204	0.15416539	0.14592217	0.04397150	0.11511377	0.07458814	0.03638465	0.04435413	-0.00011688	0.15785556	0.17666160	0.03235869	0.00610119	0.11281271	0.11911905	0.09104492	-0.14479952	0.21575265	0.06241321	0.07214908	0.15075732	0.00441527	0.07061210	0.12196065	-0.11876671	-0.08716020	0.02904562	0.10172095	0.06273951	0.02951460	-0.06632689	-0.06981148	0.13332831	0.12805826	0.02664147	0.23660804	0.06347544	0.20847225	0.34924855	0.30704110	0.24308812	-0.01373857	0.01096029	0.27723990	0.33060048	0.12285261	0.99088370	0.40709233	0.36433950	0.05998550	0.13464387	-0.08301979	0.17081002	0.03770213	-0.02400726	0.05005389	0.16173902	0.02172435	0.06257026	0.17758672	0.11466191	0.15271933	0.15843042	0.13222369	0.00333090	0.05260805	0.01932734	0.10991313	0.15511595	0.13694919	0.06238942	0.04391500	-0.02892599	0.05412858	0.05920693	0.04143304	0.10284287	0.09466208	0.14265410	-0.00704431	0.09290621	0.16963520	0.08839270	0.09772922	0.11795948	0.06397463	-0.03502405	0.03200961	0.01526954	0.08684685	0.11144770	0.05140832	0.09226056	0.06847593	0.10940392	0.36282849	0.05632813	0.20247998	-0.05183925	0.06356538	0.08690383	0.02633978	0.06487579	0.04212533	0.10866628	0.03391186	0.06727498	0.06498145	0.16731415	-0.04982297	0.06509917	0.22660850	0.20752252	0.26700372	0.17508451	0.09594598	0.07092403	0.05045962	0.16074755	0.10331522	0.23482617	0.23253118	0.21796792	0.14012370	0.01747180	0.18774411	-0.03557526	0.01160428	0.03051051	0.00530974	0.03336816	0.07219068	0.06843665	0.19162988	0.03525964	0.15402467	0.13986074	0.06542325	0.01534761	0.06787039	0.07553618	0.13353684	0.13037322	0.06886677	-0.04052894	-0.00435887	0.07816315	-0.05023606	0.03339596	-0.01058115	-0.02849452	0.07704966	0.11359687	0.04462323	0.14627306	0.02411962	0.05486000	0.02926966	0.04647552	0.06372520	0.00270610	-0.07797514	-0.01733815	0.05298903	-0.00993297	0.04717971	-0.01290621	0.03774494	-0.07659485	0.15802622	0.14575568	-0.09163092	0.00965044	0.05508603	-0.01894635	0.11007060	0.01702133	0.02364535	-0.05225691	0.04805191	0.09581090	0.11948466	0.16910486	0.15838205	0.11976959	0.05490086	0.06665986	0.20317841	0.10824677	-0.04483121	-0.02114046	-0.03771133	-0.04553518	0.03492848	0.01054967	0.14101744	0.08332769	0.14066740	-0.03325307	0.06319208	0.14145085	0.07594852	0.15242726	0.02455053	0.08045692	0.05758105	0.00270453	0.05225668	0.07574389	0.00807195	0.06225059	-0.06642874	0.06986392	0.07153746	0.17663687	0.04972198	0.09615601	0.15160554	-0.06679602	0.06867703	0.10923263	0.16315724	0.13810235	0.16294724	0.05322418	0.09047783	0.01820570	0.01282549	-0.03681339	0.07368640	0.03633746	0.12155122	-0.05923325	0.13046919	0.11960356	0.12773696	0.08175204	0.03834611	0.09219848	0.19677981	0.10069969	0.29021114	0.22392673	0.32558392	0.23724097	0.33816742	0.05836603	0.28405507	0.07050216	0.37981507	0.39670386	0.32417018	0.32312931	0.04838095	0.01052695	0.04733818	-0.03352752	0.08559931	0.23674982	0.18140983	0.22661985	0.11770532	0.07044781	0.07035664	0.28579486	0.22827443	0.03149735	0.08516420	-0.13468887	0.00670446	0.06485555	0.16316635	0.11257256	0.12207919	0.29387635	0.24640363	0.24888502	0.21989587	0.07309746	0.10564978	-0.02723750	0.03421284	0.04156195	0.09210787	0.05587863	0.19175801	0.24061503	0.11964842	0.13907215	0.07992133	0.20443755	0.02796984	0.10238936	0.08581160	0.01473543	0.07103514	0.15894398	0.21171199	0.20186390	0.06271495	0.19083513	0.08456496	0.12103109	0.05928033	0.43346189	0.11221087	0.13284503	0.05165799	0.12507651	0.16741227	0.24334866	0.23042598	0.11162380	0.11332570	0.04159555	0.05809110	0.11557410	0.10774352	0.28581659	0.32458113	0.22980015	0.11105270	0.15483754	0.10943698	-0.02946914	-0.01591257	0.10848888	0.02194253	-0.02463547	0.37510718	0.05514480	0.31386030	0.25258413	0.12764654	0.17532490	0.18267633	0.27853177	0.04845153	0.06959711	0.15392324	0.00720018	0.12664208	0.05812857	0.15405398	0.08835249	0.42185067	0.10665002	0.39661514	0.21951377	0.12610927	0.23406014	0.24955374	0.19450512	0.11538319	0.03795040	0.01809252	0.09028379	0.09811508	0.08522505	0.04609533	-0.04300300	0.30262504	0.04996298	0.21193943	0.13489972	0.15904256	0.29852476	0.23614988	0.18996202	0.25876848	0.17556986	0.19697543	0.19291313	0.29106562	0.33012818	0.14319847	0.11971095	0.23219882	0.29401308	0.29727825	0.24668418	0.17102719	0.43354203	0.33218367	0.23556454	-0.00093681	0.20752680	0.13994052	0.16443531	0.21834070	0.17142465	0.23124992	0.15651882
17Networks_LH_LimbicA_TempPole_6	0.06896403	0.16041909	-0.04980183	0.04606583	0.15112433	0.11361986	0.12797651	-0.06456495	-0.04887353	-0.07537556	-0.11825469	-0.15282333	0.13273921	0.01754830	0.03748055	0.06302512	0.08987222	-0.02243779	-0.01938691	0.13385578	-0.13479316	-0.04552063	-0.11084184	-0.11296608	-0.03715926	0.00393920	-0.06948692	-0.00089188	-0.04833539	-0.00486396	-0.02483007	-0.01652652	0.00092071	-0.07912056	-0.05964106	0.03189802	-0.07693597	-0.03376443	-0.09553809	0.04193496	0.02011850	0.01929548	0.01215635	-0.08873962	0.02277126	0.05620292	0.08558155	0.01474060	-0.10664553	0.03124508	0.10358173	0.17840555	-0.06736273	-0.02980098	0.04775947	0.06655828	0.04348156	-0.03052959	0.04160339	0.11082595	0.23204573	-0.02512389	0.12112529	-0.05651968	-0.03718317	-0.03709980	-0.05641774	-0.11812113	-0.06585502	-0.16051000	-0.02381720	-0.01668118	0.07104464	0.03477229	-0.12240466	-0.01642244	-0.00154145	-0.04660554	0.04792587	-0.03572886	0.06716242	-0.03735211	-0.06448925	-0.08792349	-0.00924198	0.05449293	0.00856827	-0.03645830	0.12950169	0.23903884	0.04392624	0.12587562	-0.00502146	0.04688303	-0.05150869	-0.10107397	-0.14226408	-0.03956577	0.02340799	0.10900130	-0.02380214	0.01822228	-0.02599624	0.07058852	0.13674507	-0.05000067	0.16211528	-0.04849289	0.16125462	0.43868050	0.31741636	0.11872422	-0.05113505	-0.03969518	0.29331460	0.28997953	0.05087567	0.40709233	0.98355287	0.35484986	-0.04083828	0.04445365	-0.11879653	0.12454080	-0.11029027	-0.02454944	-0.06571494	0.13074961	-0.07994602	-0.04519000	0.02664747	-0.03127421	0.02965100	0.06173123	0.02668569	-0.06249315	-0.03870327	-0.13714575	0.00290856	0.09401508	0.03878553	-0.02402984	-0.02713573	0.00397237	0.02848770	-0.03651309	0.02778994	0.02243820	0.00679348	0.01211899	-0.04374365	0.00434017	0.04322111	0.04778350	0.01342948	0.04440953	-0.00302114	-0.06216953	0.01316693	-0.03806695	-0.01270993	-0.07635166	-0.01545071	0.05624280	-0.02319902	0.03903028	0.53076746	-0.02333273	0.09874602	-0.02417709	-0.00732122	0.08171523	0.07705947	0.07692136	0.02576317	0.09566595	0.03883034	0.07972123	0.06082818	0.04299382	-0.01968674	-0.04345598	0.27252318	0.23076086	0.21373732	0.23931922	0.08446335	0.03271905	0.13364708	0.05779017	0.10677657	0.16761069	0.24499920	0.27345891	0.16493048	-0.00872688	0.01885292	0.00906567	-0.17447924	0.01622219	0.03146653	-0.12884929	-0.10914221	0.10197232	0.13589636	-0.12802935	0.11773188	-0.06805702	-0.12240820	-0.05639541	-0.10787378	-0.14974161	0.06495752	0.18049874	0.13791928	-0.05113983	0.11403746	-0.10499566	-0.06167320	-0.08628256	-0.07287453	-0.10803364	-0.02146773	0.05234461	0.02019895	0.04434422	0.00921711	0.04148455	0.00833488	-0.02856921	0.05917623	-0.01188272	-0.03627990	-0.11306901	0.02243906	0.03826225	0.03491165	0.02690157	0.07651717	0.05577715	0.01162208	0.04985793	-0.12946944	0.13397405	0.13610328	0.05468167	0.11230255	0.07016432	0.02446923	-0.02258956	0.03441934	0.12797032	0.10802793	0.07387595	0.12910414	0.04193544	0.06284979	0.09742179	0.15293588	0.02536187	-0.05414580	-0.05402152	-0.15365901	-0.16626811	-0.01843218	-0.05543958	0.06259109	-0.10193278	0.04055624	-0.02048469	0.04855578	0.10634011	0.00513986	0.08472350	-0.04727860	0.00887468	0.03576827	0.02120363	0.02844387	0.10889112	-0.05512547	0.00848232	-0.03318063	0.03107714	0.05606842	0.00327599	0.08829158	0.07547223	0.14532401	-0.03870002	0.17159118	0.14118104	0.06800709	0.00012871	0.11509824	-0.03303515	0.09675597	-0.05678900	-0.01060248	-0.07988567	0.04052231	0.03967464	-0.00957939	-0.03207325	0.05893641	-0.03563158	0.08647421	-0.01998951	-0.05626276	0.07299698	0.05657791	-0.05051506	0.19291602	0.37403226	0.28943933	0.17390327	0.33186833	0.06993185	0.29990207	-0.07769435	0.37442190	0.26007893	0.44446629	0.29149148	-0.05707795	0.00860292	-0.02461062	-0.00907960	-0.00056545	0.14709977	0.08896891	0.07387608	-0.01701434	0.01670481	0.01186020	0.07600971	0.22583807	-0.03420235	-0.06484839	-0.08958450	-0.07125464	0.00078596	0.09092282	0.08730764	0.01355042	0.32337656	0.19959940	0.14063125	0.09911814	-0.03187682	0.02965572	-0.01068349	0.02254125	0.03347216	0.03210795	0.03661277	0.06651579	-0.01366009	0.06841044	-0.05029216	-0.02364032	0.11917197	0.08538514	0.07084835	0.08788291	-0.00601385	0.04632189	0.05903917	0.05478033	0.13061686	0.01491750	0.01826649	0.07777046	0.12862258	0.06813488	0.40693880	0.12688785	0.12954929	-0.01707010	0.09447421	0.16601770	0.32848119	0.24486791	0.14085035	0.01019088	0.00717582	0.11085070	0.12413784	0.10509079	0.18915592	0.32539877	0.19331295	0.12890718	0.07258107	0.01475689	-0.06741020	-0.00659248	0.02877486	0.02407550	-0.02832639	0.35955658	0.19484936	0.35950751	0.37620495	0.11925421	0.30973913	-0.00472865	0.05936703	0.11991717	0.10555087	0.21779469	0.12086618	0.07069138	0.01147404	0.05432468	0.05610197	0.38806605	0.16584602	0.36714600	0.33585668	0.13210573	0.15176767	0.02068273	0.13686858	0.05274545	0.02219101	-0.01655276	0.01799385	0.05315765	0.03299946	0.01765241	0.00842422	0.21228585	-0.02974773	0.13458112	0.07085722	0.01990901	0.06809409	0.05752850	0.04650481	0.14137141	0.09155660	0.07960120	0.04994086	0.23675392	0.24880631	0.19898876	0.29547255	0.16141601	0.14790931	0.11569718	0.25599989	0.04659101	0.22465315	0.23214705	0.02411060	-0.00058610	0.09771269	0.01079836	0.13865868	0.18822606	0.16365587	0.09540810	-0.00572188
17Networks_LH_LimbicA_TempPole_7	0.03491236	0.00059967	0.11946957	0.06576809	0.23974825	0.24462808	0.06628942	0.08256297	-0.00401197	0.05048627	-0.16486395	-0.06877587	0.24517103	0.11236061	0.04784245	-0.07508112	0.05534490	0.06010059	-0.03539147	0.15524883	-0.06740572	0.06573217	-0.12167541	0.05143799	0.07451769	-0.10572758	0.00940846	0.05911573	-0.01795633	0.11899866	-0.02231293	-0.06478434	0.07710782	-0.02389656	-0.10070195	0.01626507	-0.01660583	-0.27104975	-0.09801223	0.02391749	-0.05042506	-0.07119984	-0.09933314	-0.07883081	0.09365247	0.04196852	0.17540071	0.15789069	0.05811066	0.27751535	-0.04395458	0.03873254	0.07620797	0.12678971	-0.18824026	-0.18374710	-0.19615264	-0.18594852	-0.09137823	-0.01700477	0.16566217	-0.00172347	0.17604023	-0.07410535	-0.00704299	0.07816915	-0.13169999	0.04020928	-0.07782108	-0.05510185	-0.01679103	-0.03474680	0.23614868	0.05894092	0.14469741	0.04171229	0.18050008	-0.06414486	0.06260373	-0.00782128	-0.09024120	-0.01118890	-0.21488336	-0.10297604	0.06348765	0.26725368	0.23784057	0.16091070	0.40332399	0.36038947	0.15859025	0.23614758	0.04241210	0.05008842	0.14011996	0.02317038	-0.15416307	0.08292240	0.00255443	0.02390578	0.13539170	-0.03463035	-0.21751669	0.08875566	0.21373275	-0.00583786	0.11004088	-0.06163496	0.07977168	0.29384987	0.27332136	-0.01616251	-0.28296523	-0.03922295	0.11605849	0.10953810	-0.02569743	0.36433950	0.35484986	1.05915969	-0.03277985	-0.08563081	-0.01053249	-0.06650878	0.05634591	0.05383700	0.04410156	0.12835879	0.06057971	0.10376904	-0.02894757	-0.01845392	0.12982179	-0.00526296	-0.06502419	-0.19004349	-0.08146318	-0.13033726	-0.10081238	0.03461677	-0.07555531	-0.10138147	-0.14258003	-0.08019228	0.03679175	-0.12065127	-0.08567490	0.05242206	-0.14480529	-0.22571666	-0.19912610	-0.11966870	-0.12915212	-0.19266055	-0.17204125	-0.14358197	-0.06336100	-0.11082711	-0.13458590	-0.17018945	-0.12242079	-0.06494414	-0.10233936	0.03475107	-0.23412635	0.02700794	0.26125580	-0.18132618	-0.00430161	-0.16057425	-0.17920075	-0.03962013	-0.06927275	-0.05881858	-0.18230544	-0.19748604	-0.10538849	-0.09434362	-0.06305221	0.06947196	-0.23520734	-0.16752219	0.21319323	0.13583823	0.10276117	0.10735129	0.03887765	-0.13291869	0.18031726	-0.04592019	0.00702371	0.25109717	0.21454267	0.39465114	0.31502480	0.23580390	0.00946762	0.05977575	-0.03585991	0.10154086	-0.07059197	0.12953542	-0.07386476	0.21922823	0.26175094	-0.20319250	0.16723521	-0.03231396	-0.07461902	-0.03174341	-0.05367882	-0.13977826	0.09236987	0.17957699	0.08603123	-0.02554666	0.04289660	0.00432029	0.14003231	0.04163490	0.01311013	0.00971447	0.00310214	-0.05264229	-0.19658695	0.01136575	-0.02782232	-0.03575298	-0.10503183	0.06494725	-0.02277344	-0.06815655	-0.11089789	-0.14493899	0.04760706	-0.16505899	0.00476173	-0.11431268	-0.09697808	0.04771167	-0.07878520	0.01180140	-0.19349904	0.21340610	0.17195051	-0.01645331	0.00999186	0.14949221	0.31459250	-0.09113666	0.17418124	0.05535654	0.02456011	0.33276397	0.27170163	-0.07396175	-0.19805494	-0.11571304	0.21366638	-0.08631385	-0.41584694	-0.05936373	-0.06987342	-0.14977769	0.02406169	0.01655019	0.05069375	-0.12308476	0.03815252	0.00741533	-0.04671619	0.08406903	-0.01836059	0.03059888	0.08424705	0.06112034	0.12771443	0.04697050	0.08331376	-0.00492271	-0.11040643	0.03795440	0.01274440	0.06817203	0.19869060	0.19792070	0.15967846	0.05405449	0.18733700	0.07344955	0.31318742	0.11179386	0.14628618	0.10354090	0.32309819	0.05980459	0.13172408	0.02427149	-0.15235120	0.10636325	0.05628191	0.11485768	0.14676909	0.12489557	0.21022211	0.11338326	0.16585114	0.00172110	0.04158345	0.19795194	0.12424150	0.17111628	0.21881541	0.22566551	0.18603277	0.33519236	0.20472341	-0.17534727	0.08987984	-0.05584800	0.22768921	0.10518300	0.21025577	0.05296892	-0.11313871	0.04277823	0.00823722	-0.00592940	0.07343065	0.08621315	0.06067711	0.14913982	0.12237083	0.02547673	0.03612684	0.05183699	0.20255860	0.16146573	0.10861795	0.14551436	0.02966690	0.00642880	0.08369606	-0.05759106	-0.01869584	0.17455119	0.32136543	0.30205612	0.14256192	0.01585979	0.01482780	0.05076986	-0.14072473	0.05535095	0.00515217	-0.07410494	0.00618155	-0.02988893	-0.01580627	-0.09383085	0.03904190	0.00159873	-0.17937283	-0.12234326	-0.06351510	0.06344698	-0.08151367	0.00973487	0.03807802	0.14881181	-0.00796404	0.15697741	0.06372717	0.13239507	0.11525417	0.30644745	-0.05985941	-0.20689020	-0.04864374	-0.03009931	0.16421559	0.23012263	0.22654724	0.16647317	-0.21424719	-0.17435194	0.16243435	-0.06794243	0.18790492	0.14460034	0.49039181	0.04296286	0.08174883	0.25202083	0.05376447	0.01358630	0.05586333	0.19397322	-0.04351358	0.14873395	0.18458890	0.02865972	0.20404319	0.29177865	0.14765116	0.22162699	0.09075404	0.01026681	0.01690929	0.18817738	-0.00000673	0.12117876	0.18893242	0.04889103	0.12504128	0.10639567	0.26416489	0.01586340	0.29357708	0.37241285	0.06681218	0.13484583	-0.04458180	0.05793858	0.09610281	0.11414716	-0.06166304	-0.08172712	0.11769975	-0.08378537	0.13929618	-0.02993596	0.15230484	-0.07066565	-0.08605865	-0.04572206	0.12732272	0.01177926	-0.14030679	0.09035229	0.10346509	-0.03093326	-0.00564350	0.02182411	0.18017750	0.17408113	0.23673936	0.06786265	0.13081469	0.04563880	0.02644967	0.04272280	-0.10379992	0.05134102	0.18365183	-0.05739610	-0.08277767	-0.08230357	-0.13819734	-0.06120811	-0.06742111	-0.09973826	-0.08309490	-0.18584011
17Networks_LH_ContA_Temp_1	0.25579844	0.12515530	0.04498573	0.02975648	0.16394336	0.26152973	0.18861774	0.32259272	0.30312076	0.30633080	0.26845926	0.25583455	0.13490447	0.20643430	0.14653196	0.14084867	0.16304341	0.17722468	0.30563163	0.32685809	0.24492819	0.27678426	0.20255250	0.06988373	0.05460957	0.16551496	0.09835425	0.08623468	0.03642082	0.03962573	0.03083990	0.07868233	0.10404195	0.05804331	-0.10854707	0.04421185	0.04759127	0.16107066	-0.01209755	-0.00684427	0.02418982	0.10129998	-0.07521057	0.18475707	0.17363946	0.20905331	0.18302402	0.08276402	0.12047938	0.07521558	0.11091565	0.08865483	0.02656076	-0.01923233	0.07702637	0.08198254	0.05975658	0.17861121	0.13253589	0.06593139	0.12504860	0.13379547	0.18239065	0.28131094	0.06792901	0.14678043	0.23950954	0.13491639	0.14756558	0.20396121	0.16656760	0.08405852	-0.01768985	-0.02217465	0.02273415	-0.08155659	0.03070919	0.00629802	-0.06936854	-0.01757489	0.26304020	0.07465958	0.10237775	0.02410437	0.08172991	-0.01192407	0.03349249	0.03525341	0.10979445	0.14254762	0.14631698	0.08510230	0.15455897	0.25568306	0.00303691	-0.03098637	0.04428680	0.04474191	0.06135927	-0.01543150	0.08081579	0.05238267	0.11178178	0.13906305	0.16692769	0.22857333	-0.04661373	0.05237773	0.07345418	-0.00552151	-0.03197135	0.00360252	0.06636537	0.11251118	0.06385422	0.12312966	0.11108565	0.05998550	-0.04083828	-0.03277985	0.98598815	0.06162733	0.14430819	0.24025775	0.27522833	0.14656221	-0.01232555	0.23286536	0.21997261	0.19953518	0.11508115	0.11465769	0.02706433	0.10305285	0.23769273	0.03104762	0.25282074	0.32711288	0.01631266	0.18053550	0.05403580	0.05331809	0.07760216	-0.15149605	-0.04196222	-0.06598267	0.04228594	-0.03356364	0.08796913	0.05894704	-0.08593657	0.18368283	0.10461887	-0.05400980	-0.18723227	0.04420415	0.02453056	-0.07648340	-0.16728493	-0.08464004	-0.04355242	-0.04151276	-0.01543965	-0.05475638	0.08184542	-0.05578423	0.07387801	0.17222046	0.05887097	0.02459232	0.27536957	0.16681494	0.11359573	0.03180465	0.06761666	0.19611489	0.15978430	0.08387035	0.02303848	0.03435732	0.08956672	0.10604594	0.03190288	0.09727474	0.01359804	0.13637914	0.15770531	0.04949518	0.04231723	-0.09311904	-0.04810475	-0.11083161	0.06385562	0.00514940	0.08713112	0.03819061	0.23139723	0.27109558	0.42177877	0.10848272	0.09718522	0.01561914	0.15394064	-0.03489211	0.10312952	0.05394054	0.10747866	0.16734183	0.27291915	0.21458250	0.18730230	0.16015046	0.09020118	-0.03014501	0.08883445	0.13220321	0.06592833	0.14004984	0.19654828	0.19569119	0.20789730	0.12463544	0.17734069	0.09696524	0.10183231	0.15876454	0.00916102	0.12961003	0.04857492	-0.01531268	0.11801571	0.10727437	0.11881918	0.11663522	0.05257800	0.14412189	0.01577964	0.02781107	0.02352454	0.05744569	0.12366653	-0.08620496	-0.05285544	0.03272077	0.19851617	0.28184649	0.12278642	0.13930573	0.02387989	-0.05315556	-0.03729141	0.14394259	0.11969072	-0.06369482	-0.04684490	0.11411248	0.10859341	0.13712818	-0.04560138	0.06326000	0.09169834	0.21131719	0.19637151	0.08960494	0.19003116	0.20961581	0.08634941	0.25330172	0.15301703	0.11296730	0.07584726	0.04939524	0.42944093	0.04264696	-0.03812026	0.16616576	0.00354585	0.10520407	-0.00915469	-0.05864685	0.09101981	0.08993103	0.07244559	-0.00115801	-0.05151978	-0.00517529	-0.03855751	0.14661645	0.14163949	0.14359787	0.15209779	0.26917582	-0.00725552	0.19158953	0.14804793	0.05939701	0.09068616	-0.00554288	0.07929204	0.05340595	0.01346707	0.01214427	-0.15077683	0.05418527	0.25520138	0.16784433	0.03732786	-0.12601566	0.12210700	0.04065363	0.08358724	0.14317394	-0.10347160	-0.01618770	-0.00565835	-0.03056386	0.02674953	0.01150293	0.00820276	0.14574919	0.02447039	0.16190219	0.11782061	0.13228189	0.22622684	0.10277468	0.31801835	0.22131955	-0.11156299	0.11933867	0.15626262	-0.06917105	0.10946605	0.13339177	0.04372953	0.21104746	0.10441395	0.09412460	0.13444663	-0.01446685	0.15198179	0.04830214	0.06907979	0.09508367	0.18434300	0.00442029	-0.11052193	0.06537817	0.06480211	0.00276793	-0.12162578	-0.16881013	-0.20034109	-0.06584318	-0.06523710	-0.16931434	0.00012614	0.05473753	0.02018821	0.14666431	-0.01807510	-0.07635800	-0.13945955	-0.20585158	-0.03449276	-0.00813261	-0.18631639	-0.08122813	0.07025191	-0.07112345	-0.10812208	0.07141332	-0.07738631	0.01723653	0.21347162	-0.08592070	0.05372327	0.16911326	0.04015184	0.12345637	-0.01116333	-0.00437160	0.03010944	0.09869165	0.00244392	-0.06485837	0.00533589	-0.15851975	0.04278412	0.14364902	-0.00784020	-0.11297315	-0.11468156	-0.04529021	0.02840188	0.19985661	0.03266434	0.07035730	0.02148853	-0.05263787	0.10612021	0.12903669	0.13491989	0.04392909	0.14205417	0.14975124	0.04999304	0.14493072	0.01143877	-0.00366918	0.12399421	-0.02543382	0.20565638	0.29689218	0.00884903	0.04106537	0.07891860	0.02403396	0.10812367	-0.05795165	0.13865212	0.18074335	0.06329221	-0.00428116	-0.04817726	0.04924468	-0.03881799	0.07371515	0.18255238	0.25430858	-0.04598426	-0.09302793	0.15678613	0.21777436	0.11772897	0.10166901	0.11631754	0.17246782	0.18323297	-0.01766869	0.23285736	0.12182879	0.24198208	0.19461559	0.14064082	0.15971705	0.16345416	0.07879138	0.10242904	0.19887990	0.15020703	0.10208929	0.15548425	0.01344510	-0.05668828	0.00314842	0.27964470	0.21675480	0.22132187	0.22648662	0.16484418	0.14300180	0.20508577	0.10289632
17Networks_LH_ContA_IPS_1	0.03729212	0.06453854	0.13087577	0.12578988	0.03457269	-0.09542332	0.15196397	-0.14617882	-0.00822441	-0.11413833	-0.05798577	-0.06632299	-0.19242465	-0.07530399	0.11299355	-0.09567740	0.03895714	0.04765343	0.02424213	-0.06336019	0.04178115	-0.08834713	-0.00431415	0.09183839	-0.10526498	-0.03469760	-0.13633838	-0.10975246	-0.05507008	-0.13532194	-0.16486763	-0.09849524	-0.04932883	-0.01336873	0.05075228	-0.06294998	-0.02849066	0.14689070	0.26567974	-0.09146013	0.01350142	-0.02617774	-0.00375648	-0.05688748	-0.20060078	0.01860105	-0.22794195	-0.10080270	0.03469858	-0.06497303	-0.22634565	-0.25642660	-0.20086766	-0.24724103	-0.07435617	-0.08519346	-0.00938630	0.01745036	0.00595764	0.10922502	-0.10788861	0.17677018	-0.03422218	0.09246745	0.09478560	0.03848040	0.42750820	0.10545748	0.18374766	0.26379027	0.07067783	0.18810902	-0.11098300	-0.06872788	0.10200711	-0.04054000	0.03660764	0.01866835	0.04195406	0.04225566	0.04681002	0.36477260	0.45398414	0.26083237	0.11475910	-0.20904320	-0.05803882	-0.23850919	-0.21464475	-0.26752842	-0.19978069	-0.30757480	-0.29672962	-0.03293210	-0.05438508	-0.15519875	-0.02849606	-0.06944430	0.00385982	-0.02017675	-0.13194211	-0.08676759	0.17466999	-0.06569220	-0.09175660	0.06520478	0.14513526	0.28645137	0.11374098	0.06640802	0.12084792	0.10772268	0.25530167	-0.05414446	0.02937003	-0.02135765	-0.03551920	0.13464387	0.04445365	-0.08563081	0.06162733	0.93544472	-0.03175328	0.52709872	0.20715839	0.21498803	0.17124823	0.16150772	-0.01492888	0.03599142	0.49706879	0.40816458	-0.07771745	0.32150990	0.22519288	0.31232333	0.23802987	0.27577893	0.48892580	0.37962720	0.22547860	0.11271996	0.01061224	0.29889471	0.22107070	0.36415084	0.13586866	0.05697157	0.35111029	0.45440635	0.23563143	0.36980850	0.43938026	0.25256164	0.33695613	0.43262243	0.18741919	0.06134219	0.50740973	0.31839953	0.21041528	0.09281749	-0.00486414	-0.09174843	0.31510374	0.00853904	0.03898946	0.04832851	0.15236345	0.09322259	0.47408118	0.11711554	0.18428977	0.20830801	0.08701348	0.27073339	0.12616481	0.06863220	0.28764376	0.08879551	0.20373824	0.44644197	-0.08743579	0.04681275	0.11890914	0.07774287	0.23629181	0.42701455	0.00700404	0.16409335	0.19271082	-0.00718316	0.04597928	0.02677498	-0.13747137	-0.20776216	0.12792009	-0.04367702	0.08778892	-0.15361191	0.05006567	0.24843619	0.16845339	0.07524693	0.18341943	0.33239955	0.12542274	-0.00656095	0.12268007	-0.10704497	-0.04135511	-0.00139208	-0.09000528	-0.00452624	-0.02221553	-0.01410719	-0.09039176	0.09736730	-0.09204632	-0.05632083	0.03343829	0.12841281	0.03032782	-0.03399101	-0.02464633	-0.14203527	-0.05910117	-0.10143361	0.06898355	-0.08088201	-0.02888215	0.16543077	-0.00716435	-0.02477102	0.02926866	-0.05882814	-0.01680397	-0.05799493	-0.03069541	-0.08593415	0.07563941	-0.06700612	0.04719387	-0.08753995	-0.11636276	-0.19599482	-0.03201240	-0.08493000	-0.16870930	-0.08598211	-0.09435005	-0.12278070	-0.14526390	-0.09127691	-0.19397052	-0.02842946	-0.03341689	-0.10791766	-0.00555237	0.22647936	0.22648603	0.02623604	0.11462954	0.28144411	0.13223247	0.25747888	0.10484049	0.06195116	0.09546863	0.07047488	-0.04251000	0.13261132	0.25548138	-0.04842458	-0.07380374	0.14128834	-0.09319194	0.06329931	-0.01750354	-0.07560036	-0.00822273	0.16149206	0.09281940	-0.10701878	-0.20563766	-0.09899669	-0.16991428	-0.09338925	-0.19266298	-0.13129108	-0.17262343	-0.18171041	-0.30029818	-0.14020204	-0.08647593	-0.13235269	-0.11074626	0.04387187	-0.14441664	-0.10202689	-0.18782523	-0.11840641	-0.11625029	-0.17062952	-0.01680566	0.13257235	-0.06840030	0.01181473	0.07893382	-0.23517866	-0.08346841	-0.08150281	-0.11896880	-0.16026136	0.08682432	-0.03897054	-0.03410845	0.24304130	0.03528416	-0.10448896	-0.03375431	0.01672718	0.04283726	0.06605741	0.31709669	0.12961899	0.18560124	0.25936694	0.15962763	0.17923038	-0.07289354	0.18155439	-0.04584938	0.11195729	0.10710591	0.13752142	0.28493137	-0.06576887	0.13690682	-0.11048974	0.20390006	0.04328621	-0.03716599	0.24058717	0.22397418	0.19332211	0.02669965	-0.04058100	0.02678018	-0.23186101	0.28078024	0.08549968	0.33783890	0.14472841	0.30032878	0.11541667	0.09885578	0.08048617	0.10297566	0.37063690	0.03958354	0.14000687	0.15657936	0.36689128	0.22500609	-0.00519326	0.25318918	0.23496719	0.07972888	-0.03101694	-0.08312309	-0.03637950	-0.30503386	0.05427022	0.00147434	0.02763350	-0.06067309	0.20153244	-0.04850824	0.08293545	-0.06843238	-0.07947118	-0.10626250	-0.08514903	0.23654483	0.37901670	0.15724324	0.26063445	0.12448250	0.15299477	-0.00550642	0.09756147	0.02879887	-0.10516603	-0.05236713	-0.16279646	-0.34688945	-0.25329912	-0.01532745	-0.30183398	-0.04091988	-0.00302071	0.04120386	-0.05432455	0.08872200	0.09080548	0.07820908	0.12330995	-0.05688160	0.09340126	0.07210295	-0.16575883	-0.01243793	-0.03619353	-0.11472200	0.01773629	0.06784541	0.15386746	0.03960792	-0.07131870	0.02048126	0.00156286	0.04696245	-0.04615229	0.00143091	0.05953720	-0.07238487	0.08919641	-0.02100704	0.01986883	-0.14725069	0.01059023	0.12792703	0.04723891	0.10253572	0.16845669	-0.05918240	0.09453134	0.07120473	0.03400225	0.10281816	0.08975803	0.05592534	0.07638044	0.05767142	0.01940948	0.08790493	-0.00740155	0.25469158	0.14064406	-0.03333037	0.09924810	0.24062916	0.07100594	0.05778239	0.17036400	0.22181179	0.22635371	0.25889175	0.36618233	0.26446197	0.17671411	0.20721525	0.17246409
17Networks_LH_ContA_IPS_2	0.21027508	-0.07406615	0.10672166	0.01694245	0.10857286	0.09585402	0.10942502	0.20243694	0.16353611	0.29479014	0.06902838	0.00988099	-0.11564655	0.03400615	0.08460935	-0.11401139	-0.09669695	0.07815943	0.11024757	0.04301913	0.11733638	0.10265948	0.20784978	0.24720942	0.07754158	0.00020163	0.07628872	0.05809655	0.02120687	0.12075599	0.05879048	0.03610656	0.04146879	0.03515691	-0.00062086	0.14319586	-0.05996695	-0.06471378	0.18357848	0.22546757	0.06840764	-0.04811791	0.05790397	-0.12846315	0.08488842	0.12416097	0.16962445	0.18207414	-0.20363067	0.05149950	0.10883902	0.14012047	0.20506709	0.23380529	0.00222541	0.12418414	0.12015226	-0.05277481	0.16654812	0.13022093	-0.03036276	0.18351730	0.00220278	0.27466824	0.22878002	0.01051158	0.09584639	-0.00535597	0.49350009	0.38023190	0.20651903	0.29134190	0.19946755	0.13207187	0.30917160	0.07336181	0.15384304	0.02387664	0.32127636	0.07214208	-0.06067311	0.15576623	0.20054527	0.08269844	0.33394384	0.25570879	0.39548029	0.46488338	0.08911535	0.00924744	0.20375077	0.12233645	0.17223735	0.34039214	0.27596320	0.26280836	0.34240629	0.28333864	0.22644377	-0.02149440	0.39171556	0.26350878	0.38233325	0.26609740	0.27340451	0.23232519	0.14116838	0.11944147	0.01672973	-0.03622443	-0.03509086	-0.04768807	0.00576483	-0.18995078	-0.06551564	0.00311442	-0.03363044	-0.08301979	-0.11879653	-0.01053249	0.14430819	-0.03175328	1.12082550	0.19196413	0.54780947	0.27994121	0.48076168	0.48033792	0.24996083	0.33892091	0.18150165	0.12061298	0.28946044	0.22895153	-0.00553684	0.21055059	0.56331085	0.48288325	0.10499463	0.34623087	0.14475516	0.31384880	0.22696096	-0.17779229	0.20132350	0.08013627	0.06093602	0.13339275	-0.04386736	-0.19978010	0.08839821	0.24112499	0.04827078	-0.43913360	-0.46475076	-0.15626107	0.13792301	0.15387852	-0.06131879	0.05418073	-0.24856526	-0.20901782	-0.07354064	-0.15079259	0.09834069	0.02346014	-0.10658593	-0.17596207	-0.14058124	-0.26494188	0.14901297	0.03355455	0.15930960	0.07651646	-0.05448193	-0.02532037	0.23774051	-0.00570880	0.08875897	0.11050179	0.01994321	0.32062845	-0.03655717	0.14292476	0.01798878	0.18443197	0.33188686	-0.05738458	-0.21395583	-0.42343282	-0.38114435	-0.11150847	-0.19839852	-0.18092751	0.15537808	0.14403807	0.01309065	0.35585874	0.48967725	0.34057339	0.12501588	0.15144716	0.09955675	0.03715742	0.00047606	0.16743038	-0.03214396	0.04873844	0.13273698	0.17147996	-0.02187273	0.05489037	-0.14458201	-0.29775730	0.01083103	0.09408617	-0.20417163	-0.13366733	0.04940657	0.15611127	0.07841862	0.12269697	0.08302654	0.12796785	0.09431810	0.09451776	0.07458577	0.05303482	0.05140943	-0.21749255	-0.02392597	0.29417965	0.03839699	0.04914724	0.10322670	0.01101381	-0.06010410	0.08377489	0.08329614	-0.02255988	-0.00743505	0.02514456	0.18938505	-0.03684475	0.02441980	0.02607528	0.06624620	0.02066037	-0.07605428	0.06210572	0.15500974	0.10787187	-0.01486431	0.08031162	0.09555001	-0.07307637	0.05526013	-0.07055275	0.15525594	0.13876339	-0.00886748	0.24334583	0.29127022	0.21110553	0.20764668	0.14228454	0.22857740	0.12539816	0.13024703	0.38838287	-0.06283180	0.08721920	0.36532045	-0.01970037	0.13623035	0.19200169	0.06629966	0.05393212	0.27552823	-0.00562208	0.00423369	0.32645632	0.34102054	0.20647549	0.23023417	0.00569240	0.29546101	0.37120546	-0.00019230	0.10538105	0.10822312	0.11184571	0.05580952	0.17641137	0.31114047	0.20062919	0.09119097	0.16617318	-0.01178793	0.30391523	0.12939369	0.08720226	0.20592279	0.39613515	0.48835010	0.36816296	0.15690880	0.07657978	0.16237198	0.31091583	-0.05725563	0.35963196	-0.03284406	-0.22239538	-0.12167187	0.02168773	-0.20361723	-0.08767243	-0.10486444	-0.15279965	-0.06911079	-0.15517347	-0.00752275	-0.04075275	-0.00252837	0.13937869	0.38160827	0.34583377	-0.11419759	0.18290601	0.25992577	0.15791656	0.37809672	0.25465601	0.04590606	0.07134245	0.09446975	0.28543572	0.35164899	0.47359160	0.34650493	0.20407875	0.02634608	0.05541921	0.02614234	0.00454620	0.01239733	0.42167310	0.10252363	0.25475900	-0.12241261	0.14269168	-0.32615386	0.03416145	0.20086532	-0.18281983	-0.04315832	-0.27594858	-0.09362575	0.01896819	0.04504475	-0.37626700	-0.51626670	-0.48759090	-0.28002249	0.14882908	-0.34095777	-0.33678436	-0.12230319	-0.37062833	-0.24864683	0.06149947	-0.01623171	-0.01350926	0.11640748	-0.22494370	0.03090987	-0.08926802	0.15757522	-0.13945086	0.11318034	-0.30832798	0.22449866	0.38267089	-0.29383729	-0.19740787	-0.18853549	-0.48664151	-0.11066749	-0.06648486	-0.10921914	-0.47541815	-0.26259454	-0.01637518	-0.07758991	0.29406185	0.24316143	0.19137737	0.11535230	0.38051515	-0.23563980	-0.21735134	0.07403224	0.05818796	0.07631532	-0.11261593	0.06178867	-0.03425346	-0.10437306	-0.09280417	-0.05429748	0.00624942	0.09598866	0.03378813	0.02688802	0.22017552	-0.20209442	-0.14751062	0.02835767	-0.01729511	0.03001797	-0.06058041	0.06285224	-0.01700019	-0.14147011	-0.21673758	-0.04679541	-0.07160022	0.04596430	-0.01574837	0.01843032	0.14216021	-0.09752874	0.04242478	-0.04172288	-0.15173691	-0.05461582	-0.07003121	-0.01204271	-0.01501772	0.06130065	-0.10472782	0.00768823	0.02005907	-0.01311799	-0.13582289	0.05037552	-0.23454944	0.05992399	-0.10006994	-0.06965656	-0.04353152	0.05755417	-0.08915215	-0.13898205	0.16679311	0.20638593	0.03897726	0.02355260	-0.00597169	-0.14630795	0.04206403	0.08442430	-0.08899527
17Networks_LH_ContA_IPS_3	0.20553147	0.19725708	0.14309517	0.09197080	0.11090763	0.07703000	0.22318227	0.02034535	0.11670668	0.10030958	0.00544664	-0.03170279	-0.09760584	0.11248162	0.20566080	-0.03369042	0.04815387	0.11356052	0.20731997	0.09195945	0.15307337	0.06659197	0.11172685	0.14415060	0.06161214	0.11496442	0.07114465	-0.01793463	0.09490713	0.03061477	-0.09101191	0.07021874	0.13811967	0.05643766	0.00395636	0.08088857	-0.01311012	0.10833288	0.22859577	0.05273765	0.16400575	0.02074509	0.05609657	0.01057386	-0.05558699	0.20045400	-0.06547950	0.06086369	0.06877734	0.02645180	0.05342986	-0.01427696	-0.12221062	-0.13812968	0.12413653	0.09839296	0.22196846	0.14518286	0.22763873	0.21543888	-0.03760373	0.24604671	0.00843725	0.15281736	0.07703779	0.07239471	0.37186570	0.14501281	0.36079444	0.35953874	0.15814334	0.32646403	-0.04328022	0.03474817	0.07567946	-0.00022153	0.08537962	0.03680874	0.12185396	0.17662539	0.10118217	0.51099710	0.49023655	0.25910099	0.24670285	-0.07900197	0.12650760	-0.09609361	-0.06121553	-0.08133710	-0.02862291	-0.09367048	-0.09788550	0.23872770	-0.01436737	0.00607078	0.12623951	0.12161189	0.18560679	0.00319784	0.03666743	0.09844459	0.35886362	0.04462327	0.10204746	0.18945014	0.11054325	0.34641351	0.23274499	0.11610083	0.08821495	0.05153908	0.27888800	0.01025733	0.04202137	0.13230027	0.08405513	0.17081002	0.12454080	-0.06650878	0.24025775	0.52709872	0.19196413	1.12008926	0.37574419	0.24605241	0.30316445	0.30327045	0.02295308	0.07387848	0.52582476	0.43263215	0.05706320	0.36291465	0.21386727	0.50203851	0.50604626	0.42052585	0.46236569	0.50239587	0.34624559	0.30253229	0.18314779	0.20319389	0.24424909	0.33496669	0.19993271	0.17581895	0.36190655	0.38694429	0.14243744	0.49797821	0.44855132	0.12981961	0.14167003	0.34618141	0.28977201	0.09443136	0.38839289	0.30650981	0.09489595	-0.05118630	-0.02087389	-0.13976651	0.37817969	0.03311183	0.12258975	0.14906109	0.19564339	0.07310409	0.59230470	0.30193876	0.21970820	0.34192271	0.14248807	0.34164270	0.32586447	0.14146469	0.33389409	0.21976845	0.32438045	0.62740991	-0.01789135	0.11197977	0.18895405	0.21271875	0.42563015	0.29328448	-0.03273208	-0.02332714	0.06244318	-0.05813001	-0.06264190	-0.00566853	-0.09055752	-0.07348184	0.25076920	0.14857712	0.30149145	0.02012490	0.09561103	0.30012372	0.31909774	0.04619318	0.18444145	0.41065263	0.21408386	0.07943338	0.29591653	0.07720212	0.02976988	0.10275371	-0.04539333	-0.10880252	0.11246292	0.16899898	-0.07349131	0.14696365	0.08740429	0.10300522	0.09761721	0.19062049	0.12444930	0.08264799	0.16721510	0.08252542	0.08996344	0.07397973	0.17893966	-0.14843889	0.05038624	0.27320359	0.11224813	0.03545428	0.08586526	0.08218813	0.03148322	0.09591825	0.12656017	-0.11370095	0.16420818	-0.02471718	0.04963133	-0.03798162	0.10528850	-0.01989873	0.17537002	0.01139554	-0.04871832	0.00645228	0.03113238	0.10304668	0.06619486	-0.08835981	-0.08822936	0.10970259	0.16479797	0.11899204	-0.01556985	0.18927632	0.18544446	0.18644169	0.21542431	0.32227924	0.22868943	0.27831353	0.23563549	0.20658137	0.21260272	0.25170810	0.09665831	0.22326741	0.41573183	0.04820607	-0.01922251	0.23969086	0.05633842	0.20427343	0.08923935	0.02965450	0.03829107	0.27707462	0.16934552	0.10838546	-0.06900013	-0.09486929	-0.05687540	0.21742501	0.02299190	0.01830415	0.01209409	0.11076669	-0.13054492	0.12711945	0.09011863	0.10026921	0.03051200	0.11953644	-0.04202762	0.08734260	-0.14464616	-0.02080877	-0.05469082	-0.02837987	0.15500771	0.22771117	0.12258161	0.03961441	0.18167922	-0.01253450	0.01524237	0.18824049	-0.07721445	-0.14674477	0.00904415	-0.13355279	-0.10518953	0.21224432	0.11024347	0.01627144	0.05679204	0.13888020	0.11759692	0.17963050	0.32055322	0.12294087	0.33789307	0.42877347	-0.01578318	0.31207620	0.07107484	0.16032951	0.10023295	0.27793836	0.08460998	0.27602871	0.31881601	0.06873781	0.32614987	-0.01327248	0.43061791	0.11111981	0.12269857	0.31086875	0.28958669	0.09674404	-0.01899050	0.14927193	0.16653914	-0.06605105	0.21533600	0.16488710	0.08472067	0.15198944	0.33757904	0.08506325	0.16511704	0.10748902	0.10909429	0.40499420	0.05734285	-0.00086083	0.00732459	0.08735293	0.15416214	0.09543247	0.10821031	0.05679572	0.10643106	-0.14476979	-0.11400017	0.06194747	-0.16647668	0.10782677	0.14891797	0.06624919	0.13957646	0.23071393	0.08407362	0.20250432	0.04146079	-0.12035478	0.03339018	0.11532447	0.12724876	0.25393456	0.11565410	0.04491831	0.11445968	0.17372303	0.02382544	-0.04140721	-0.06074666	-0.04762658	-0.03930564	0.00075587	-0.10132606	-0.05010102	0.05072178	-0.11780466	-0.04954752	0.07049093	0.20400443	-0.02465441	0.16075086	0.16298846	0.05663183	0.21072740	-0.05958952	0.06984691	0.23588667	-0.19722463	0.13938957	0.19855460	-0.20103738	0.12464298	0.05605705	0.17407310	0.16548326	-0.12041890	0.08982677	0.17856161	0.05582769	0.00816794	-0.02569295	-0.04892061	0.00754212	0.15368769	0.12611168	0.27536235	-0.11818316	0.11713017	0.20594616	0.13984225	0.11785269	0.14376257	0.03051548	0.13533360	0.18606144	0.01731249	0.20984103	0.09435627	0.19584919	0.15183564	0.09198655	0.07993492	0.16869387	0.01396761	0.28648822	0.19143948	0.06442261	0.16209506	0.32616650	0.10036625	-0.02046514	0.18308032	0.35039353	0.31928854	0.37338057	0.38507226	0.29024590	0.37277544	0.36398928	0.24475521
17Networks_LH_ContA_IPS_4	0.16166070	-0.05458553	0.07709287	0.03083358	0.13285876	0.10783493	0.18447629	0.21660871	0.21993371	0.14994790	0.04467512	0.10877933	-0.13580899	-0.07164223	0.10754974	-0.20995232	-0.05773027	0.02042069	0.03854453	-0.02064735	0.01327220	0.01055926	0.17670965	0.03551982	0.04498613	-0.00236320	0.04948547	0.09148832	-0.00437597	0.08254919	0.07070107	0.06643705	0.10562924	0.13618533	0.02736694	0.09821519	0.06925658	0.02962364	0.25063828	0.12273174	0.10153405	-0.02821099	0.14777434	-0.08366183	0.00918360	0.19204995	0.05562712	0.10477668	0.02517810	-0.05146733	-0.13178709	-0.06899437	-0.04702481	0.02245555	-0.06592558	-0.03407682	-0.00311489	-0.01238700	0.06047566	0.11104696	-0.06629502	0.28281818	0.07062454	0.16654951	0.14622579	0.13390540	0.32842606	0.18694095	0.44632244	0.47879288	0.19737249	0.30887166	0.12480189	0.11184293	0.29858862	0.08541266	0.28960510	0.07206140	0.17266225	0.14740021	0.04034361	0.18714035	0.25689299	0.07840756	0.29349238	0.02940455	0.11406873	0.20692731	0.02835496	0.00868008	0.13191988	0.03570122	0.04306219	0.25310000	0.11477355	0.14992982	0.13396017	0.14475978	0.08215755	-0.11338803	0.29795521	0.13116267	0.28672658	0.09660872	0.15368039	0.24093040	0.19902224	0.13745903	0.11610371	-0.04226432	0.05872288	-0.01136071	0.04968061	-0.04617125	-0.02851134	-0.00720017	0.02449560	0.03770213	-0.11029027	0.05634591	0.27522833	0.20715839	0.54780947	0.37574419	1.05993630	0.35593107	0.37071462	0.46177289	0.40850117	0.36541295	0.23783137	0.22084035	0.20730742	0.29559392	0.20241245	0.15329926	0.49418330	0.60144602	0.18668678	0.35584688	0.09464273	0.16272260	-0.04701930	-0.16119387	0.13884835	0.00443800	0.11936378	0.16903415	-0.00189178	-0.03065465	0.00123194	0.32827287	0.18160114	-0.18955178	-0.33196722	0.13558718	0.22071983	0.05877099	-0.03603911	-0.03133657	-0.09659095	-0.07547908	-0.19238143	-0.20604530	0.09996960	-0.13038148	-0.02402521	-0.07486410	-0.03775319	-0.11584073	0.27028589	0.02097838	0.08891618	-0.06175719	-0.09091762	0.13595522	0.17944904	-0.08713972	0.12268367	0.02987675	0.00183996	0.28423696	-0.09439474	0.15896548	-0.05338923	0.07663464	0.25751759	0.01186155	-0.15447346	-0.31542600	-0.39086825	-0.02671591	-0.19429751	-0.09978413	0.02142439	0.05031217	0.09339120	0.29388655	0.43971052	0.20829501	0.14084417	0.27194227	0.13032012	0.17455268	0.18755400	0.26577095	0.06558206	0.09296890	0.20824210	0.12285811	0.02221413	0.04941579	-0.14128913	-0.21799653	-0.04428194	0.00670304	-0.22392821	0.03789268	-0.01911246	0.01954195	0.01621685	0.08229522	0.06260120	0.00620825	-0.02206608	0.09784555	0.00538562	0.04749325	0.06027942	-0.10072063	0.11305087	0.25041679	0.12440537	0.12494238	0.12251723	0.07340414	0.04766431	0.10715684	0.14305703	-0.15443229	0.17948879	0.06761124	0.11462020	-0.02297510	0.00595676	-0.06698357	-0.07825838	-0.11939985	-0.03023700	-0.00286885	-0.01470070	-0.11119618	-0.02575918	0.02892843	-0.03626416	0.00287053	-0.04681801	-0.04952348	0.08813182	0.28508421	0.07070410	0.18545186	0.29339198	0.20065734	0.35441228	0.31970944	0.13305847	0.35195765	0.14315229	0.39753985	0.01668206	0.09698018	0.48364320	-0.01091256	0.04431343	0.31458811	0.00178896	0.18089998	0.08298200	-0.00161842	0.05226096	0.28623133	0.32786441	0.14451534	0.03051151	0.07029208	0.12952722	0.23901652	-0.01674890	0.06167528	0.05559462	0.03598058	-0.08476439	0.14253136	0.33323924	0.13396756	0.09190251	0.13109213	-0.09788460	0.18655026	0.00044493	0.06160874	0.07491987	0.18561676	0.44418124	0.44170415	0.16250897	0.06629130	0.19254129	0.18664098	-0.06294692	0.30162191	-0.09946882	-0.17287216	-0.05163167	0.02077663	-0.13885183	-0.01776820	-0.04383531	-0.09933058	-0.04465392	-0.10170667	0.04165149	-0.08824571	0.24704460	0.14406919	0.49255198	0.46100395	-0.11726921	0.14591932	0.22134564	0.11526191	0.35547462	0.22979641	0.19961399	0.23689205	0.21901856	0.27303831	0.37090368	0.31004258	0.47086270	0.16925411	-0.04033646	0.10441296	0.20303235	0.09450530	0.05428597	0.37478010	0.10889633	-0.07099237	-0.17492538	0.03579490	-0.26498703	-0.01514940	0.19707352	-0.14353684	0.04544475	-0.13997842	-0.12601290	0.23401289	0.06536726	-0.27107130	-0.25240248	-0.35644365	0.05062227	0.21107505	-0.22414949	-0.12039953	-0.00242861	-0.22967010	-0.26178084	0.10941057	-0.03782442	0.05011968	0.14876805	-0.18898108	-0.03088919	0.09600072	-0.05359867	0.04583077	0.05837605	-0.15377562	0.06073089	0.23921265	-0.17632226	-0.07066520	-0.12800067	-0.37877477	0.02089673	0.01214013	0.01452007	-0.26375041	-0.24687977	-0.07417345	-0.10461105	0.24409268	0.05808541	0.04623478	-0.02421922	0.17169641	-0.13211200	-0.10538552	0.06761208	0.00117477	0.11528043	0.01196236	0.11413959	0.02377613	-0.04988780	-0.00545652	-0.09687248	0.00340001	0.22899177	0.08538777	-0.01775338	0.14384050	-0.08865449	-0.01602665	0.08001887	-0.00192466	0.06006271	0.09285936	0.06315183	0.04032266	-0.02744692	-0.09504322	0.01423383	0.01688325	0.18316388	0.03942181	-0.04916868	0.04315191	0.09325572	0.11448888	-0.00644123	-0.05733710	0.07346028	0.08627493	0.05085353	0.00900140	0.12865726	-0.03481432	0.14343187	0.13037749	0.07525457	0.03357847	0.16931097	0.00486355	0.16833311	0.01682674	0.00685763	0.10587609	0.16996769	-0.04201191	-0.01304241	0.19156116	0.16821975	0.12898449	0.14292041	0.12599326	-0.06570728	0.05096325	0.12400076	0.11925997
17Networks_LH_ContA_IPS_5	0.06944057	-0.01349971	0.04047917	0.07856177	0.12321813	0.10296199	0.19321229	0.17937667	0.18984089	0.07869756	0.10580502	0.11238391	-0.05209915	-0.00218951	0.10873898	-0.07686158	0.01889467	0.19223260	0.04603800	0.03782960	-0.01282448	0.02873343	0.14830845	0.15148221	0.08821139	0.10337871	0.17799465	0.07840271	0.25421469	0.13555099	0.13872355	-0.01063256	0.12419919	0.10988219	0.03912407	0.21722973	0.01254655	-0.01683775	0.19483194	0.14418732	0.16190550	0.12926416	0.12630361	-0.13153047	0.02968902	0.08709504	0.01747430	0.14423873	0.03249485	0.10831641	0.00714409	0.09378938	0.12894083	0.07305807	0.04641140	-0.00924638	0.08766550	-0.02544103	0.16425306	0.05655041	0.06515865	0.05909178	0.07686446	0.05928273	0.18810500	0.20839652	0.29454339	0.23586905	0.41312627	0.47591477	0.33770579	0.18954099	0.04847202	0.16184763	0.24493541	0.11514910	0.23052573	0.07513326	0.22594658	0.12680887	-0.07067661	0.15946625	0.24531606	0.09400961	0.18101477	0.06187122	0.19435135	0.15876284	0.01011203	0.04632782	0.10675533	-0.00718870	0.05631920	0.05213839	0.26699037	0.12295607	0.13743697	0.12471485	0.11327760	0.05184018	0.15473651	0.10817978	0.03661642	0.02951453	0.05413106	0.08099607	-0.09160048	0.05955762	0.02833583	-0.09085568	-0.04752047	-0.00200989	-0.00115849	-0.06334415	-0.02176472	-0.02090175	-0.02488910	-0.02400726	-0.02454944	0.05383700	0.14656221	0.21498803	0.27994121	0.24605241	0.35593107	0.93942184	0.18649232	0.15984237	0.12917858	0.17255627	0.11529031	0.15784782	0.10926328	0.06519547	-0.05573723	0.01506495	0.18438925	0.34001760	0.12139865	0.12791299	-0.03890336	0.05117610	0.02428051	0.03158091	0.26907178	0.15487332	0.09288846	-0.00126282	-0.01978311	-0.12250037	-0.06220132	0.07062518	-0.07452334	-0.22483957	-0.22595237	0.06518265	0.04276956	0.07432425	0.05318268	0.02786022	-0.12609406	-0.10762151	-0.07070313	-0.12402006	-0.03212029	-0.14251327	-0.05248133	-0.13260885	-0.13305636	-0.17768874	0.05893819	0.01432364	0.01713225	0.03178881	-0.09814737	-0.02344576	0.04441148	-0.03904068	0.11516511	0.00188207	0.01718384	0.18299899	-0.05254446	-0.04549401	-0.09153697	-0.04821107	0.13269608	-0.01390772	-0.12052236	-0.28161123	-0.20280028	0.02324689	0.01166426	0.01694729	0.02534583	0.00248213	-0.01055615	0.15817011	0.24418469	0.14894564	0.02198481	0.09894687	0.08925497	0.02584682	0.10297959	0.12478297	0.07197443	0.12347709	0.21452682	0.02264781	0.08863547	0.05371227	-0.09589035	-0.11944907	0.00840530	0.08089265	-0.10227105	0.06152760	0.05966309	0.07591834	-0.00456485	0.09206888	-0.03859412	0.10432257	0.06587605	0.09037518	0.02039869	0.09566600	0.16838624	0.01832295	0.07490586	0.22195951	0.08852468	0.12412891	0.17164448	0.13268653	0.08066209	0.05100136	0.18883117	0.03347835	0.02887564	-0.00864806	0.21903393	-0.10904877	-0.01103258	-0.02928468	0.00683170	0.02543405	0.04692641	-0.06849509	0.08234548	0.01279547	0.03748421	0.03967223	0.03273792	-0.06361613	0.05600145	-0.00055619	0.09385072	0.07988863	-0.01355775	0.22372930	0.11932353	0.25265473	0.35530092	0.41843745	0.19039315	0.30743267	0.23701284	0.42778118	0.05591045	0.11977783	0.25491153	-0.00762085	0.09530465	0.34912093	0.05432007	0.20116445	0.20520890	0.03048935	0.10096872	0.27349793	0.34630300	0.09459188	0.03143723	0.06653050	0.02420400	0.12987514	-0.07258264	-0.02836851	0.01552760	0.02341428	-0.00464925	0.07773478	0.18125094	0.10436546	0.07568403	0.15279605	-0.06238241	0.20428859	-0.00862546	0.08899440	0.00169499	0.14074960	0.18514460	0.23225186	0.06997021	0.02201912	0.18379726	0.18530329	-0.05148757	0.20260937	-0.02754799	-0.14752580	-0.04494413	0.05251358	-0.13829760	-0.11685837	-0.07927765	-0.08229481	-0.09566489	-0.13616619	0.04255580	-0.09405992	0.28803413	0.19681756	0.34354958	0.42892359	-0.01484096	0.00778589	-0.02390293	0.14834316	0.21277058	0.24219889	0.07719822	-0.00719413	0.08607184	0.21750794	0.20103564	0.21109129	0.42550829	0.03442524	-0.07161477	0.05880176	0.07485415	-0.04893572	0.00285040	0.15810545	-0.01350841	0.03238695	0.13346368	0.20055114	-0.09189135	0.11981383	0.32625558	0.01153125	0.00060991	-0.14322584	-0.04343256	0.05574708	-0.15450335	-0.18870746	-0.25765236	-0.15595286	0.04366874	0.08221862	-0.07229944	-0.14905795	-0.17718119	-0.18395114	-0.14745586	-0.07040536	-0.15690174	0.03551679	0.09543455	-0.12585059	-0.06631056	-0.04568152	0.03074121	-0.00123963	0.06786968	-0.14424674	0.00391989	0.11957467	-0.15235935	0.10524779	-0.06791820	-0.20302894	0.02856606	0.00704232	-0.02018878	-0.15522484	-0.07828355	0.00805084	-0.08568301	0.10823067	0.03882524	0.03964696	0.02002826	0.23009891	-0.14141118	-0.14014379	0.03510284	0.00334065	0.11238583	0.09850426	0.12933932	0.01564662	-0.08968989	0.08525931	0.08271999	-0.07710855	0.18701132	0.10845134	0.11239718	0.16595737	-0.12789773	-0.14090263	0.00208876	0.01772835	0.06813201	0.06232350	0.06605838	0.03094054	-0.00856392	-0.01280439	-0.11857334	0.03170686	0.06099320	0.02418348	0.07803382	0.13802249	-0.01978523	0.07124491	-0.01657246	0.04417101	0.03904690	0.10871493	0.08826747	0.01484125	0.03996403	-0.01851398	-0.03429572	-0.00846659	0.01663749	-0.04192138	-0.01513938	-0.15937708	0.11218403	0.01797517	-0.03961538	-0.02055723	0.08437838	-0.04057015	0.07259482	0.03605092	0.13620084	0.03320313	-0.01149579	0.05825183	0.04827839	-0.01612214	-0.05866719	-0.03376781
17Networks_LH_ContA_PFCd_1	0.29843040	0.09757059	0.25476612	0.27297836	0.20393761	0.17900925	0.24120358	0.06634057	0.07731619	0.10702627	-0.04066347	-0.01309746	0.02719738	0.05064258	0.18983287	-0.02356954	-0.01939960	-0.00889078	0.11210113	-0.03948103	0.12763288	0.05656280	0.09953015	0.31672203	0.02099578	0.03284092	0.15271529	0.10523666	0.07582717	0.09842388	-0.06176661	0.02807062	0.23820302	0.13105114	0.16400722	0.20399717	-0.10055290	0.04429636	0.35221033	0.36868988	0.09357201	-0.08202959	0.13033217	-0.18846842	0.07480988	0.15956383	-0.06131065	0.08948098	-0.16787071	0.02092905	-0.04254216	0.03126587	0.12225746	0.15722731	-0.05556281	-0.00375706	0.06039949	-0.00382580	0.13047892	0.22688562	0.08494389	0.37015269	0.10637387	0.16285908	0.19694674	0.02962202	0.23065856	0.07513370	0.28682800	0.36987629	0.25013035	0.24624323	0.18397302	0.19441064	0.43694934	0.17422619	0.10458671	0.02609020	0.26932093	0.04162200	-0.00280701	0.41970398	0.36762579	0.23909608	0.48145499	0.26874659	0.32433750	0.21887468	0.01101023	-0.10845294	0.04832660	-0.04549815	-0.01883052	0.18854516	0.20199963	0.12694815	0.29999680	0.32274187	0.34364868	0.00820253	0.31945360	0.25815813	0.33192725	0.10726614	0.20521521	0.04202377	0.18681372	0.31411839	0.20011906	-0.16258415	0.01445990	0.18617276	0.16696492	-0.18463121	-0.10230337	-0.02736981	-0.03013528	0.05005389	-0.06571494	0.04410156	-0.01232555	0.17124823	0.48076168	0.30316445	0.37071462	0.18649232	1.07134845	0.29473057	0.15980148	0.28183755	0.32320755	0.27058982	0.31285779	0.37738611	0.04113207	0.29256793	0.38413718	0.22252975	0.39816432	0.33841234	0.22211024	0.32149021	0.29258321	-0.01519866	0.20966816	0.15764017	0.17020157	0.18789471	0.10454092	0.11918549	0.30852313	0.44456645	0.32843366	-0.01642748	-0.07278009	0.04683986	0.13357635	0.25949170	0.25478943	0.28529775	0.18092691	0.13029946	0.13285975	0.08571485	0.31860896	0.20617915	-0.11371747	-0.14420073	0.11325906	-0.00357806	0.16662755	-0.02145676	0.17586080	0.14846760	0.16716705	0.14500692	0.33886638	0.07802543	0.21579047	0.47212007	0.16264015	0.41792863	0.02059629	0.10758506	0.15471934	0.14641880	0.26449764	0.12744028	0.11257469	-0.02897328	-0.04706948	0.15161969	-0.04977777	0.03029676	0.01322451	0.09535244	-0.00440163	0.12022541	0.19925753	0.14639141	0.22914935	0.29745579	0.29456632	0.22358338	0.16450794	0.31025426	0.17979281	0.05404290	0.06672932	0.00589038	0.00215253	-0.00161757	-0.01120449	-0.13637395	0.13096297	0.07269190	-0.13897813	0.00372040	0.04544488	0.12112045	0.09294620	0.06659061	0.11079086	0.09287565	0.14701126	0.10296547	0.04092747	-0.07205890	0.11689375	-0.07502652	-0.02641612	0.27312216	-0.02232006	-0.01267503	0.15478545	0.00778450	-0.14834403	0.09709692	0.07637605	-0.17418485	0.21118585	0.15998732	0.18394074	0.01536738	-0.04647330	-0.15747589	-0.20029208	-0.19863825	0.04599664	-0.10556087	0.10526805	-0.15239720	-0.12816029	0.02027481	0.00000001	-0.06806435	-0.05000243	-0.06249254	0.29709103	0.29849652	0.07329557	0.06565426	0.09653547	0.25652381	0.19146566	0.05719782	0.14924251	0.02203083	0.11975413	0.23695117	-0.02572854	0.17061630	0.27360825	-0.11561949	0.15857093	0.27939199	0.05035525	0.08317431	0.25438133	0.10052434	0.01970611	0.44720318	0.28536493	0.32591031	0.11323081	-0.09273655	0.03718327	0.28589061	-0.15635317	-0.02087451	-0.01484123	-0.16643797	-0.13166757	0.00899607	0.22513018	0.22246255	-0.02390436	0.16416868	0.01996556	0.16384490	-0.03390603	0.21383497	0.43951168	0.10653206	0.27424593	0.29761007	0.26292398	0.28178077	0.17543126	0.05470442	0.09645661	0.34862238	0.14110279	-0.04851589	-0.02954066	-0.06054717	-0.03528442	0.13228456	-0.03668668	-0.10162403	-0.02086751	-0.06429416	0.02469416	0.17619763	0.12609490	0.12933353	0.21930737	0.27656625	0.12618974	0.22792090	0.13336178	0.29088466	0.26425300	0.20526045	0.09945626	0.16414118	0.19812804	0.11114584	0.28813826	0.24762807	0.18773351	0.30141012	0.13210017	0.17960935	0.21536661	0.06566300	0.10360071	0.32451043	0.24651821	0.22462353	0.00051200	0.15636293	0.08075881	0.26993804	0.22732828	0.01531143	-0.04425849	0.01234575	0.02044325	0.20919123	0.19449558	-0.08218161	-0.09165249	-0.05910672	-0.16081690	0.23465482	-0.03669132	0.05426634	0.06941233	-0.01975970	0.01999698	0.24501670	0.09981346	0.04509105	-0.08483944	-0.02358071	0.21671893	0.10263013	0.31547841	0.13306477	0.23851510	-0.08937893	0.22935564	0.25192904	0.08751694	0.11333310	0.21803133	-0.04585377	0.04092682	0.11224811	-0.04852711	-0.13466578	-0.02241531	0.11767358	-0.17279438	-0.07353882	0.09975978	0.03814886	0.08333065	0.08239780	-0.15531818	-0.10874405	0.00233842	-0.05361174	0.18781570	-0.08476124	0.00956376	0.05240267	-0.04111477	-0.14273045	-0.03518747	-0.18397469	0.11690537	-0.04189293	-0.06214672	0.30333319	-0.06417637	0.03730029	0.09253772	0.06257736	0.03077868	-0.07635065	-0.05329341	-0.11071202	0.00837012	-0.13338945	-0.16406310	0.03175491	0.03512835	-0.17150416	-0.05306422	0.11362676	0.08867111	0.06187113	0.05552053	-0.03633619	-0.06226710	0.00279940	0.04034590	-0.02794326	0.06152476	0.01581170	0.04850601	0.09615774	0.02950417	-0.05467244	0.10448294	-0.04279690	0.16590369	0.03212017	-0.02893642	0.06793194	0.23356138	0.02581085	-0.04332776	0.21484032	0.20996897	0.27303587	0.23565450	0.22134882	0.00580242	0.18333062	0.25784273	0.11503647
17Networks_LH_ContA_PFClv_1	0.11343499	0.11908938	-0.04450990	-0.05039904	0.16672842	0.14951911	0.13244280	0.12447461	0.18500051	0.04241678	-0.00006525	0.01550740	-0.06648491	-0.02909894	0.05203432	-0.01261438	-0.01099844	-0.02816342	0.00205952	0.12326465	0.00076744	0.04583382	0.11132252	0.03987101	0.05195549	-0.06451782	-0.07124276	-0.05038657	-0.08621244	0.01382440	-0.05204813	0.00679008	-0.12518569	-0.10046472	-0.11848016	-0.02084674	-0.09366987	0.00761052	0.16406556	0.00106450	-0.00607260	-0.05224888	-0.03189422	-0.12374876	0.08643700	0.20641806	0.22055118	0.06316270	-0.13424712	0.11626695	0.02241678	0.00499400	0.07754428	-0.00496843	-0.09238122	-0.05858812	-0.00564859	0.01408727	0.03405587	0.11910070	0.06560640	0.14130275	0.03229525	0.23193727	0.03929912	-0.00583153	0.21680773	-0.07372546	0.22102137	0.25327140	0.04905608	0.07427043	0.09407462	-0.05273619	0.10692694	-0.10070175	0.10294102	-0.12062921	0.08963650	0.00616997	0.11768102	0.21715435	0.13442066	0.05368499	0.26967785	0.15071930	0.22122826	0.15731519	0.15554051	0.04620151	0.17157081	0.06150955	0.01228351	0.44462093	0.14895549	-0.04024956	0.06993130	0.13015073	0.18192009	0.00749866	0.17949860	0.04465525	0.37014786	0.20429998	0.38729868	0.28270315	0.35393219	0.32218467	0.06467801	0.26127977	0.20340385	-0.01092115	0.03867487	-0.21146088	0.09224694	0.06230646	-0.02397704	0.16173902	0.13074961	0.12835879	0.23286536	0.16150772	0.48033792	0.30327045	0.46177289	0.15984237	0.29473057	1.14014943	0.34545768	0.40326763	0.47939636	0.46306566	0.29598922	0.23247447	0.25808004	0.19237004	0.48401798	0.46792440	0.23509910	0.64936204	0.28439919	0.24002157	0.18108890	-0.36415372	0.01180215	-0.07248896	-0.13059382	0.00216911	0.09880565	0.09389329	0.01563878	0.48025987	0.31960729	-0.32546812	-0.34334429	0.04484720	0.05186408	0.00811209	-0.11763720	-0.12674088	-0.03910755	-0.12314047	-0.01774213	0.01716291	0.13593586	0.01352742	0.15695020	-0.10882818	0.01482169	-0.12972673	0.39670845	0.04049020	0.13736477	-0.01659588	0.03303457	0.22847346	0.24486926	0.13527064	0.20814981	0.12209818	0.08797140	0.34874217	0.13168763	0.45126341	0.19489260	0.46218521	0.60528645	0.18926106	0.00632483	-0.18588175	-0.14433706	0.02532859	-0.03974831	0.04531283	0.11625958	-0.06979894	0.13224938	0.32637702	0.40505209	0.29540996	0.08425244	0.08747159	0.06147243	0.10830966	0.14056993	0.15908398	0.08656185	0.03445412	0.12458573	0.00972294	-0.18141956	-0.01046450	-0.07624733	-0.12605122	0.07147202	-0.10665235	-0.10082548	-0.19808153	-0.06155888	0.09562203	-0.02819470	0.03054148	0.05328768	0.05041630	-0.04443483	0.02115632	-0.07728233	0.02497854	-0.05715759	-0.18665594	-0.06028631	0.11416245	-0.07329119	0.06272950	-0.02519706	0.03591109	-0.05583342	-0.06902712	0.00614853	-0.10425064	0.09875252	-0.09152985	-0.05361093	0.06273909	0.11652946	0.12762234	0.02269730	0.18292611	-0.00586413	-0.09708741	0.17944654	0.13274148	-0.00243173	0.12819206	0.12790263	0.09906070	-0.01079234	-0.01365061	0.10100994	0.16290450	-0.08240178	0.07269023	0.06632880	0.02413271	0.11525380	0.02160370	0.02080184	0.00339196	0.01056338	0.07388482	-0.06336648	0.06896656	0.41009035	-0.02034580	-0.00156112	0.03173236	-0.03439734	-0.02121485	-0.02037035	-0.03147770	0.10851645	0.12140488	0.09188651	0.03871554	0.11144384	-0.01365082	0.19722968	0.30656470	-0.08277158	0.14934944	0.12732537	0.19313262	0.00131323	0.11898224	0.39022729	0.02543195	0.12966135	-0.07580653	-0.02068441	-0.06572632	-0.03925711	-0.08134856	-0.06081919	0.11448155	0.58056763	0.36310860	0.16982831	-0.06495558	0.22436544	0.15828082	-0.02251854	0.23291384	-0.06241952	-0.01442948	0.02481014	0.08001826	-0.00592610	0.04623686	-0.06348134	-0.15285409	0.03790431	-0.04331311	0.03882001	0.06595970	0.04322484	0.04371340	0.22358439	0.14073121	-0.18583381	0.39522214	0.34133829	0.19222394	0.35687822	0.23914672	0.19723153	0.17493408	0.35204263	0.00568915	0.18945362	0.17282137	0.12921993	0.09497965	0.01976649	0.12959362	0.21775096	0.38698176	0.12902626	0.44510910	0.15995769	-0.02376962	-0.28609833	-0.23677052	-0.34905684	-0.09164763	-0.14053655	-0.34549487	-0.11710581	-0.19020521	-0.20181829	0.17626972	0.04172406	-0.15054051	-0.41440778	-0.38191540	-0.24679550	-0.00991144	-0.27721339	-0.09097797	0.04791495	-0.11731651	-0.22117887	0.13194367	-0.07048858	-0.02759189	0.18589482	-0.08394557	-0.07261345	0.21385852	0.02091812	0.08085388	0.00952042	-0.02292730	0.22936154	0.31481039	-0.15376840	-0.19440276	-0.07044390	-0.32369439	0.06175197	0.04195717	-0.01670923	-0.30448484	-0.27744245	-0.13700886	-0.16646241	0.01804151	-0.07322394	0.08502111	-0.16072407	-0.00425978	-0.03729801	-0.02798821	0.07050558	0.15514812	0.09743677	0.12321400	0.18930768	0.03556904	-0.06778561	0.00495651	0.10323047	-0.03671959	0.21574300	0.19911678	0.03246828	0.11828434	0.01412063	-0.16103765	0.18956616	0.16477311	0.04328944	0.06117450	0.18490650	0.02861538	-0.06057510	-0.09667730	-0.10109554	0.04648399	0.19810273	0.18938821	0.02513011	0.05789926	0.00197407	0.02102087	0.03779936	-0.06457312	0.13136641	-0.08766334	0.05725174	0.06734006	0.08736518	-0.10874094	-0.00493033	-0.01801756	0.01102848	-0.00251874	0.16778171	0.02212895	0.16378626	-0.08475462	-0.14585243	0.11192451	0.04835529	-0.03417046	-0.06958622	0.19091681	0.23644688	0.04223413	0.01897925	0.08831417	-0.03314179	0.06676810	0.12219902	-0.02998550
17Networks_LH_ContA_PFClv_2	-0.02402201	-0.02906971	-0.14541528	-0.08081120	0.11513156	0.02755861	0.08005699	0.16991915	0.15111960	0.17899740	0.14461697	0.21151539	-0.03553227	-0.09318470	-0.04228399	-0.04311802	0.05386682	-0.00660537	0.03055283	0.09018640	0.10374213	0.08059065	0.13421025	-0.02174488	0.02740898	0.01368303	0.10035069	0.23157428	-0.02246242	0.06007365	0.01931825	0.05193881	0.14265783	0.16063261	0.13635279	0.03632584	0.16609767	-0.11824330	0.01876850	0.07126899	0.09627859	0.00095346	0.01615498	-0.04368197	0.07421846	0.07095295	0.27025812	0.03542946	0.03170388	0.05602199	-0.05060872	-0.01889426	0.02678880	0.01571895	-0.02327972	0.04223222	-0.08133186	0.11652176	-0.00475766	0.00450257	0.08508121	0.00535038	0.02297913	0.10315551	0.07798521	0.00681605	0.20204563	0.04679748	0.19026931	0.17852963	0.13677922	0.14083106	0.12192324	0.12999562	0.10225479	0.01635960	0.13116834	0.16408487	0.21624615	0.21629663	-0.00399529	-0.14589171	-0.04415779	-0.14181047	0.07684397	0.07692746	-0.02242787	0.18172063	0.16596721	0.02294572	0.18054938	0.13430212	0.03848684	-0.00105499	0.00622996	0.06572701	0.06199037	-0.06247350	-0.17199559	-0.10178181	0.31519189	0.16152196	0.12054095	0.16741783	0.08770884	0.01933572	0.18733411	-0.03156228	-0.10485047	-0.05853146	-0.09266756	-0.06773194	-0.19200597	-0.05525540	-0.03956499	-0.04764482	-0.10077605	0.02172435	-0.07994602	0.06057971	0.21997261	-0.01492888	0.24996083	0.02295308	0.40850117	0.12917858	0.15980148	0.34545768	0.90390522	0.24286157	-0.01513651	-0.04227003	0.15366864	-0.03727263	0.04198827	-0.15200368	0.07501322	0.31912892	-0.00972689	0.03953320	-0.13083037	0.01779966	-0.26464946	-0.16896644	0.10658912	-0.04536211	-0.01274262	0.07713305	-0.26651898	-0.19427503	-0.13020761	0.12600670	0.03389289	-0.16174013	-0.27962654	-0.08033965	-0.13551639	-0.19424643	-0.18135215	-0.16549440	-0.13675768	-0.17369632	-0.20158786	-0.15065165	-0.15519055	-0.16343613	-0.16460777	-0.17546497	-0.17874721	-0.11457306	-0.07147678	-0.20276987	-0.01050682	-0.31304480	-0.24503987	0.03597120	0.05682996	0.05045347	-0.01226335	-0.16412990	-0.00112731	-0.10995057	-0.13436409	0.08163289	-0.28098470	-0.12349404	-0.00194098	-0.09577074	0.00404130	-0.16937740	-0.19272401	0.00718819	-0.03028930	-0.00197203	0.13562223	0.03506142	-0.07171049	0.07961172	0.28067130	0.17068029	0.00799595	-0.08293093	-0.07607785	0.00756282	0.02233015	-0.02183461	-0.07118727	0.09126293	0.15828468	0.06708638	0.09133781	0.16140677	-0.05897660	-0.06528938	-0.15042253	-0.12083355	-0.01130771	0.02532446	0.02520414	0.12053633	0.07829946	0.02467385	0.10889977	-0.00448856	-0.05129363	-0.01264298	-0.00862688	0.00745936	-0.07212430	0.04916408	0.13057635	0.15473317	0.04475541	0.08131334	0.02381080	0.00950706	0.13501713	0.02089096	0.07533019	-0.03954413	0.08469903	0.03362532	-0.09646143	0.06810113	-0.03045551	-0.04925831	-0.04566853	-0.08959543	-0.00315077	-0.03805480	-0.02010180	-0.06737283	-0.07303417	0.06929082	0.00502715	-0.06650969	-0.13238500	-0.04219610	0.07486257	0.03775253	-0.10231252	0.01606611	0.10399248	0.01047250	0.09944845	0.22019353	0.04924853	0.27964478	0.11694364	0.16366312	0.05140672	0.10519724	0.18200898	-0.02342859	0.01565800	0.10286698	-0.03914993	0.10836044	0.12400784	0.08104315	0.01963526	0.01855103	0.10636917	0.08511614	0.09155190	0.06806288	0.13804039	0.03393900	0.00082572	0.18019618	0.05115957	0.06893759	0.03481499	0.04535430	0.19928379	-0.06756080	-0.02157918	0.07392892	-0.04999113	0.16714657	0.18334930	-0.04806130	0.05484850	0.13830781	0.31162573	0.36238386	0.13643395	0.11991507	0.18795001	0.20252647	0.00737337	0.18382326	-0.05516891	0.00851521	-0.16249789	0.01544653	-0.06118223	-0.17034820	-0.01177456	-0.10673648	0.04225412	-0.07030598	0.06607561	-0.05070115	0.16723469	-0.01200033	0.33549762	0.16821963	0.02890965	-0.01530028	0.07932648	0.07997033	0.21577004	0.07728051	0.18142249	0.05267905	0.05350600	0.17714824	0.21574576	0.23548833	0.25169122	0.18892426	-0.03686735	-0.08962053	0.23496584	0.03304739	-0.01608275	0.27075378	-0.02365481	-0.14800271	-0.10726842	0.00281174	-0.16807951	-0.05460448	0.09876897	-0.19608290	-0.05230023	-0.17052191	-0.20743717	0.08575424	0.10535602	0.00029596	-0.16831461	-0.21240561	-0.10298116	-0.07482829	-0.24779089	-0.18790932	-0.07965284	-0.09421141	-0.24702521	0.14740380	0.03082705	-0.07184251	0.04004393	-0.21820900	-0.15556852	0.04067457	-0.18365222	0.18315443	-0.14134030	0.08180479	0.00961613	0.06374292	-0.16149626	-0.12446643	-0.09461906	-0.17582557	0.08121913	0.05461923	-0.02127771	-0.14454888	-0.13911246	-0.08772798	-0.20661604	0.22239576	0.10054423	0.10243482	-0.17697276	0.08458569	-0.00704021	-0.05972973	-0.01614797	-0.00198585	-0.06453856	0.04493694	0.06292533	-0.08388775	0.01406100	-0.04898811	-0.10299267	0.03749734	0.11876011	0.01893032	0.02948439	-0.01082744	-0.00378177	0.03478155	0.11773843	0.11090759	-0.06482195	-0.02671241	0.03681157	0.00067930	0.01590601	0.09005388	0.00040375	0.01523049	0.13241622	-0.04188273	-0.06627948	0.02889026	0.02853769	0.11081733	0.04097376	0.01788569	0.11662811	0.06429306	0.04334060	-0.04698244	-0.04270659	-0.02696377	0.06773240	0.06468570	0.04795321	0.02818115	0.16728015	0.05047036	0.04605583	0.02691983	-0.02916799	0.04398448	0.15637047	0.06193660	0.04351812	0.03485839	0.01526005	0.05182708	-0.11885927	-0.13983117	-0.17893366	-0.14332972	-0.05419457	-0.03680973
17Networks_LH_ContA_PFCl_1	0.11708791	0.09864532	0.02231222	0.02273772	0.12937144	0.16008224	0.13151800	0.28754427	0.18947373	0.08212013	0.13283849	0.10350666	0.03355527	0.00490164	0.01316795	0.01643864	0.00429432	-0.00648739	0.07388681	0.19681796	0.07742422	0.14800512	0.25950505	0.08068283	0.14961546	0.06381221	0.18118127	0.24647768	0.10783593	0.13020886	0.18185393	0.17899353	0.16339317	0.21757540	0.17342546	0.23432113	0.20876010	0.06491575	0.27380730	0.25432890	0.17086869	0.00028446	0.19377190	-0.00020427	0.19877628	0.14741679	0.25733394	0.12174560	0.03337195	0.18182437	0.03799642	0.06093841	0.22560455	0.22363707	-0.09799518	-0.05091833	-0.08682873	0.12446192	0.02856046	0.05256311	0.14014156	0.09615313	0.15686235	0.20133895	0.18795249	0.16840331	0.24564539	0.05578535	0.20454094	0.26772288	0.19082580	0.18426190	0.19076597	0.15392697	0.25233261	0.10469922	0.23685731	0.03424731	0.17530278	0.03149084	0.08579938	0.23706552	0.07869161	0.04404630	0.39519647	0.22352278	0.23544621	0.20900763	0.10444947	0.03710020	0.17198004	0.10716241	0.13583701	0.32253587	0.16041961	0.00643070	0.19971256	0.26161597	0.21627553	0.13507743	0.12974837	0.12754868	0.13327927	0.10035922	0.24643087	0.11360424	0.08279405	0.16568935	-0.01350645	-0.07993894	0.00029833	-0.01377332	0.10402423	-0.06989656	0.00193927	-0.02845676	0.06085669	0.06257026	-0.04519000	0.10376904	0.19953518	0.03599142	0.33892091	0.07387848	0.36541295	0.17255627	0.28183755	0.40326763	0.24286157	0.85753081	0.19744430	0.27729155	0.27712481	0.03547098	0.13211605	0.02630788	0.18080903	0.28033097	0.12152771	0.22322295	0.06017591	0.04690357	0.18041116	-0.19425746	0.06390023	-0.07457881	-0.03096461	0.02775055	0.01629272	-0.02971409	0.01957587	0.24622589	0.10522540	-0.25688250	-0.24509271	-0.03059657	-0.03799845	0.09763598	-0.10642789	-0.05061748	0.02322042	-0.01386754	0.06387016	0.07753315	0.00983724	0.02326776	0.01980726	-0.02386014	-0.01562288	-0.04762624	0.15408401	0.01690499	0.08562951	-0.05431946	0.08740563	0.02160021	0.13073349	0.15467254	0.08256368	0.18141321	0.08114090	0.10963119	0.04380775	0.15633664	0.07945518	0.14186104	0.24810088	0.03912500	0.12639323	-0.10502128	-0.08616503	0.03708527	0.05090930	0.09175534	0.14906310	0.08294240	0.13934277	0.29149878	0.27054475	0.20679604	0.17951639	0.06516851	0.15467188	0.07106912	0.09863384	0.11314008	0.08629640	0.21437846	0.18841306	0.09874518	0.10428491	0.15114032	0.09424846	0.01820840	0.02304003	-0.06317762	-0.03965132	-0.08889673	0.01113612	0.19100644	0.05691988	-0.00239025	0.10607850	0.15716094	0.07088924	0.15488403	-0.00500105	0.17571476	0.11660497	0.11508868	0.08614229	0.19275458	0.09618302	0.22422948	0.25876248	0.24507047	0.07976586	0.07889230	0.15611111	0.06254214	0.22887051	0.06097750	0.05807864	0.00412636	0.16165236	0.14523646	-0.01233210	0.15485674	0.15908782	-0.07833567	0.14778112	0.07476325	0.05567158	0.20005146	0.23975033	0.06274138	-0.09217420	-0.01681186	0.24553829	0.12945760	0.01100545	0.18733762	0.12734395	0.10839503	0.24213681	0.08439835	0.03669178	0.22346470	0.10662807	0.19692387	0.10042410	0.12327441	0.25440775	0.08368750	0.18019957	0.22708936	0.02334265	0.05339695	0.12199367	0.05331190	0.09963871	0.19914087	0.20449319	0.17971117	0.20060692	0.18940812	0.21582233	0.22932824	-0.06737022	0.01893501	0.09059626	0.12240125	0.07315184	0.17847375	0.39507600	0.21510057	0.13855136	-0.02285696	-0.00396826	0.12370333	0.15079491	0.11598705	0.12583158	0.13699882	0.26187697	0.21598131	0.13279229	0.01932876	0.04161638	0.20973575	-0.00144880	0.29878683	-0.08621068	-0.10186120	-0.07571878	-0.02225368	0.00948118	0.03709202	-0.06509041	0.04570069	-0.03913084	-0.02104011	0.00548009	0.07004216	0.11278341	0.14813962	0.27809264	0.17714306	-0.03825015	0.08448753	0.26986009	0.15163509	0.44138732	0.17798798	0.20847113	0.10935795	0.16534775	0.10701588	0.10637408	0.22886863	0.10622716	0.10329417	0.02779316	0.03612514	0.17240365	0.04630705	-0.08492105	0.13434769	0.02060731	0.12951936	-0.09984421	-0.03700054	-0.21684185	0.05904625	0.01309635	-0.23829013	-0.05353093	-0.01950866	-0.05640331	-0.00062907	0.03584476	-0.11738691	-0.24107418	-0.25172487	-0.16720271	0.11850663	-0.20334257	-0.06654206	0.04159603	-0.05656867	-0.11568679	0.07054390	-0.02699973	0.03410313	0.09053530	-0.05040095	-0.00004466	0.07064434	0.15980205	0.06165893	0.06523309	-0.09596385	0.03750189	0.16753646	-0.05744571	-0.09443342	0.02441356	-0.16405740	0.02328417	0.12732330	-0.08558329	-0.10893541	-0.12487364	0.08767985	0.02432304	0.12738357	0.12904116	0.21052743	0.00631377	0.12187876	0.01718675	-0.02950937	0.02294138	0.07664930	0.10701088	0.02936937	0.19580949	0.09190926	-0.01344193	-0.18094807	0.08672717	-0.00071313	0.25722182	0.20210449	0.06154595	0.15660651	-0.04459252	-0.00146310	0.08003757	0.08155718	0.02080666	0.01729253	0.08756134	0.06875542	-0.09404005	-0.12906337	0.06102917	0.09020948	0.21894085	0.09901737	0.03503227	0.03724438	0.11537444	0.19895744	0.09795373	-0.03398068	0.11070175	0.12318908	0.11153433	0.10091906	0.09869731	0.04352657	0.06818065	0.09675383	0.01412981	0.08867181	0.08261869	0.10903397	0.12758625	0.07218592	0.07900778	0.15017459	0.15872557	0.11891695	0.03459869	0.17373485	0.08658969	0.07635942	0.07220542	0.08989602	0.01943234	0.01767072	0.06643050	0.00241770
17Networks_LH_ContA_PFCl_2	0.21311199	0.20363484	0.18079203	0.10820160	0.12357124	0.06401356	0.16968619	-0.02345963	0.09519831	-0.06900460	-0.04479124	-0.11466939	-0.01305987	0.08926328	0.19783586	0.10159740	0.02087190	0.06328264	0.12184855	0.03699653	0.12923964	-0.00950550	0.08838685	0.23208152	0.08252694	0.09757029	-0.05255433	-0.13912202	0.01083231	-0.02936183	-0.04319815	0.11740909	-0.03497289	-0.02986623	-0.00165434	0.02552461	-0.02786411	0.23621546	0.32459477	0.01282510	0.14924461	-0.00252410	0.13672033	-0.00634824	0.06375651	0.22236292	0.00856479	0.15761152	-0.04089898	0.13803571	0.01353456	0.00467997	0.08407227	-0.01332656	0.02864700	-0.02052185	0.16682140	0.08669294	0.21283040	0.17179506	0.04043754	0.26828341	0.00108443	0.12719416	0.11147516	0.04562997	0.31219118	0.00324756	0.12566595	0.22578089	0.01704913	0.16267418	0.04719249	0.04104656	0.14229872	0.01640296	0.03361768	-0.06146478	0.03520945	0.05973835	0.17414832	0.64226789	0.51939875	0.37669674	0.42444465	0.07817027	0.22977288	-0.06331104	-0.04190524	-0.07262817	0.01470815	-0.12393839	-0.04584654	0.31251493	0.14799715	-0.09644125	0.05734948	0.25167035	0.45107603	0.19929347	0.02774076	-0.00977335	0.32939113	0.07710623	0.26345125	0.21986385	0.22303051	0.65422033	0.16276308	0.12964425	0.22418561	0.18825075	0.43071260	-0.05785975	0.09931336	0.04115352	0.02347544	0.17758672	0.02664747	-0.02894757	0.11508115	0.49706879	0.18150165	0.52582476	0.23783137	0.11529031	0.32320755	0.47939636	-0.01513651	0.19744430	1.05213073	0.69215190	0.14008739	0.35926835	0.31193342	0.54098267	0.47767150	0.25946697	0.60257072	0.69704338	0.57186820	0.38947415	0.45278980	0.15083864	0.13324460	0.24652890	0.07243461	0.06048652	0.51180458	0.58469309	0.39915792	0.56774485	0.61475435	0.14489402	0.30837193	0.39646698	0.30562844	0.33833505	0.50220923	0.37954637	0.35113658	0.28325318	0.29188144	0.23857882	0.58467406	0.30062992	0.13917420	0.21901934	0.35489239	0.13538408	0.62747589	0.31318392	0.23071229	0.40805542	0.38244309	0.37364561	0.33955155	0.08192806	0.36617945	0.38493028	0.30678305	0.72392039	0.15454846	0.24176341	0.38488375	0.43599806	0.60998143	0.49409535	0.13653080	0.24172480	0.31139178	0.13426457	0.06592574	0.14385849	-0.01374007	-0.06858903	0.29227302	0.13974963	0.17351040	0.04120189	0.15559549	0.32326317	0.29764463	0.17990342	0.23945100	0.41866489	0.28728303	0.11518862	0.16187278	0.02456033	-0.05721444	0.05299633	0.01909582	0.02911737	0.11825538	0.05020307	-0.08875371	-0.00927022	-0.07064008	0.09332814	0.08586529	0.15325169	0.13896916	0.11842483	0.11026154	0.06178928	0.07624569	0.09377205	0.18596980	-0.07054582	-0.00078499	0.20985467	0.09356312	0.05389584	0.09434146	0.04492605	-0.05775009	0.10806327	0.02701055	-0.06935502	0.14820426	-0.05704982	0.04586543	0.01921648	0.13807716	0.08586815	0.11055742	0.14830841	0.00712457	-0.00861649	0.19747407	0.14856543	0.04391452	0.13758849	0.07425186	0.17668568	0.15230529	0.10076306	0.12758311	0.19313797	0.13868763	0.09006001	0.03662017	0.22568221	0.08174789	0.01448291	0.10843439	-0.14247809	0.03894442	0.01775817	-0.02528042	0.14568665	0.31778390	0.11006473	0.04332301	0.11830094	-0.00448738	0.02088422	-0.04382727	-0.00264559	0.05017081	0.24835455	0.12121704	0.01647940	-0.02377559	0.03040400	-0.02751994	0.22289480	-0.25253609	-0.06059949	-0.01050742	0.02496117	-0.15760099	0.09892101	0.09304366	0.18651811	0.09095428	0.01439440	0.01234407	-0.11926929	-0.14975180	-0.02692847	-0.03616263	-0.08379850	0.13727056	0.18554401	0.13213674	0.04938625	0.14602441	-0.12865386	0.13433268	0.21367185	-0.07070706	-0.14582208	0.14128640	-0.08494761	0.06812403	0.32714371	-0.00870966	0.00508978	-0.00873859	0.09948873	-0.01126970	0.10917444	0.12935754	0.11688135	0.13553839	0.17663273	0.11596442	0.46557848	0.14218840	0.32043086	0.11657298	0.28515487	0.16607649	0.21687857	0.31965887	-0.17152302	0.18632386	-0.04925540	0.06531210	0.11322263	0.16332347	0.37750243	0.25128971	0.19697810	0.05437721	0.11715572	0.29223699	0.04229394	0.17065211	-0.03399103	0.23419716	0.12405712	0.06321462	-0.00633382	0.07945315	0.18787679	0.10806251	0.40831647	0.12436547	0.14895841	-0.00710310	0.24548682	0.03985386	0.10620330	0.21810122	0.29265485	0.25347427	0.11915703	0.13424525	0.14284368	-0.10129919	0.07721284	0.05938930	0.11663607	0.11822067	0.33156885	0.23463196	0.09665059	0.04531159	-0.07662906	0.05496553	0.10344377	0.24483794	0.26296652	0.26924695	0.21611303	0.10742893	0.21942332	-0.00152073	0.02673745	-0.02599234	-0.02782877	-0.04453648	-0.20339038	-0.30296270	-0.12191551	-0.00961326	-0.23464464	0.05616963	0.12530595	0.07192414	0.02517062	0.26328348	0.15225386	0.25315112	0.27390859	0.02803332	0.09185587	0.21311843	-0.09924664	0.15697496	0.18031784	0.00879058	0.22455700	0.11866054	0.04531569	0.12156070	-0.00800299	0.11583882	0.14954618	0.19639435	0.13170917	0.03883801	-0.00876997	-0.06724005	0.11389179	0.13932793	0.18713346	0.07810253	0.20475560	0.18002185	0.14128349	0.19248205	0.14386685	-0.03249794	0.10025589	0.15667542	0.06323863	0.23835914	0.11014107	0.10823593	0.15728087	0.08812953	0.07165033	0.13364266	0.00101440	0.33834278	0.11088292	0.00563627	0.11445218	0.20442113	0.08202949	-0.00211921	0.25168095	0.41217315	0.27150480	0.39356345	0.42513929	0.33286858	0.27890238	0.34713105	0.22531483
17Networks_LH_ContA_PFCl_3	0.21553481	0.25447729	0.23056853	0.09414050	0.13674307	0.15730111	0.17636682	-0.02953058	0.12907793	-0.07481049	-0.03244259	-0.11232812	0.04610303	0.14556709	0.21466295	0.21865331	-0.00334487	0.10749286	0.06722936	0.04935646	0.06935308	0.01558878	0.08259541	0.19188265	0.16643373	0.07358292	-0.01131578	-0.18512451	0.08218132	0.03719527	0.13888006	0.16304209	-0.03891880	-0.01689494	-0.07627837	0.11613513	0.00312107	0.26903714	0.45394398	0.03207692	0.13145541	0.03773210	0.23436580	0.00009568	0.18003317	0.29146587	-0.02558245	0.22199959	0.06622203	0.17653760	0.05379307	0.01214064	0.16461036	0.07014201	-0.01263770	-0.10278054	0.11012441	0.06798934	0.14104681	0.16194794	0.06312851	0.30643428	0.07160207	0.10754433	0.03945669	0.05377212	0.23054548	0.01388264	0.07345515	0.20809227	-0.04338306	0.08145088	0.03539374	0.00278130	0.12011816	0.03207324	0.03511598	-0.16184756	-0.02312064	-0.00930194	0.21446826	0.60203045	0.38855866	0.34496608	0.42723544	0.18644672	0.21275972	-0.06455813	-0.01751627	0.02145975	0.02807321	-0.14111168	0.03658629	0.29822384	0.22363858	-0.05680395	0.08497122	0.36934960	0.45029419	0.25667706	0.01607459	0.00783745	0.23990034	0.01476229	0.26852976	0.17206289	0.14332853	0.72131663	0.14518925	0.05467905	0.21041869	0.23958541	0.53200617	0.08263642	0.15430047	0.06906409	0.15117064	0.11466191	-0.03127421	-0.01845392	0.11465769	0.40816458	0.12061298	0.43263215	0.22084035	0.15784782	0.27058982	0.46306566	-0.04227003	0.27729155	0.69215190	1.15935103	0.18672485	0.25037842	0.36366960	0.48303677	0.39250748	0.24485624	0.50807358	0.64083222	0.50286503	0.29821401	0.56006982	0.06630059	0.03948275	0.03941410	0.07449795	0.06818333	0.57449138	0.58404055	0.39202790	0.56288253	0.52834720	0.14532010	0.27936931	0.36981742	0.29578468	0.45780336	0.37302886	0.34312132	0.45133166	0.35327020	0.42165699	0.37431991	0.51437741	0.34863854	0.15429265	0.34832567	0.41574978	0.23110268	0.63525261	0.28205806	0.27139003	0.32646264	0.51458868	0.39985715	0.34618920	0.14320626	0.35888802	0.37135899	0.29948412	0.67059366	0.30626859	0.25244722	0.45308204	0.43601497	0.57171382	0.50367241	0.23242462	0.24007444	0.28757023	0.10832982	0.17347830	0.21517172	0.02364387	-0.06585692	0.27147710	0.18631847	0.19847164	0.16058750	0.16537445	0.34422845	0.32947008	0.18332795	0.27335160	0.38887547	0.35026293	0.11305060	0.09439407	0.02446545	-0.00339036	0.02555373	0.09638696	0.03978651	0.17049343	0.09087962	-0.02147668	0.01539335	-0.03683967	0.13887764	0.09260239	0.14035183	0.11334330	0.09231072	0.08529729	0.11132950	0.01604838	0.21641815	0.19441105	-0.00795000	-0.02764656	0.12454101	0.10149180	0.20683573	0.07919467	0.20041619	0.00341499	0.12353814	0.10237598	-0.03639609	0.24693440	-0.06935375	0.11637758	-0.01259163	0.15394405	0.11419615	0.08432606	0.22103741	0.09267168	0.05349954	0.31927814	0.09111303	0.07337714	0.14341229	0.10737945	0.13547058	0.12847078	0.08741448	0.07690567	0.19975389	0.16240184	0.04560260	-0.03265543	0.18809609	0.11485499	-0.00026840	0.02182859	-0.08447775	-0.04455954	0.00510769	0.04874607	0.06361016	0.28844825	0.05292128	0.08364344	0.04398544	0.03337889	-0.01382765	-0.08113089	0.02715142	0.14658919	0.23070365	0.08716144	0.00811638	0.05410664	0.13105282	-0.01953867	0.22577307	-0.24827624	-0.12190564	0.00731037	0.02438675	-0.16626826	0.12166562	0.09718293	0.26020486	0.12261504	-0.01152973	0.08697050	-0.11874367	-0.11011656	0.02623741	-0.12425983	-0.04496735	0.10808706	0.06670957	0.16800566	-0.00718948	0.03060091	-0.17220550	0.12064587	0.19844634	-0.09229312	-0.17204194	0.08041462	-0.12144721	0.11114542	0.33083783	0.00611606	0.14744858	-0.10350680	0.15812632	-0.08537340	0.12352228	0.09207413	0.03913182	0.08829843	0.14831074	-0.07232541	0.30956701	0.18097483	0.18728130	0.10801592	0.28273097	0.25475283	0.25430308	0.33945819	-0.20390295	0.06282085	-0.03664423	0.05153212	-0.04459674	0.09710252	0.32074140	0.21185788	0.23484628	-0.05524230	0.06513700	0.24511715	0.11665521	0.06864153	-0.07522985	0.12972248	0.08936553	-0.12131954	-0.02990425	-0.03717725	0.30817115	0.05399267	0.35539653	0.07310523	0.11408020	-0.02464268	0.17672487	0.06360546	0.21935811	0.23624728	0.36498237	0.26405651	0.21168207	0.25679090	0.08869550	-0.12201549	0.07597008	0.15306971	0.11172892	0.18070068	0.34583810	0.28844503	0.10723238	0.13803098	-0.09713107	0.06185172	0.03460662	0.28438982	0.23946778	0.25722839	0.17776277	0.07192842	0.17228573	-0.09358992	0.16828493	-0.01859977	0.04561174	-0.04004213	-0.26124379	-0.24757419	-0.09006251	-0.04322773	-0.19950172	0.09404446	0.20870152	-0.00036380	0.03312491	0.24723783	0.11944578	0.24823884	0.22759613	-0.06160746	-0.00856182	0.22524348	-0.07184620	0.08521683	0.20136394	0.00720034	0.18030851	0.11481683	0.08658720	0.04973341	0.03358784	0.08315251	0.18273328	0.13474383	0.10941585	-0.08875213	-0.14602770	-0.02334567	0.09874949	0.07381020	0.18233716	-0.01168362	0.14952779	0.09591124	0.13729667	0.17837544	0.10062558	0.07546890	0.08725830	0.12245175	0.08346544	0.19798957	0.07664235	0.06011926	0.13303379	0.00705554	0.08311335	0.02047602	-0.05360395	0.29330763	0.08423418	0.00191042	0.07280288	0.09707370	0.06704731	-0.06449082	0.26878737	0.32505573	0.24824586	0.39918186	0.35746363	0.40898075	0.30671064	0.37104773	0.26460335
17Networks_LH_ContA_Cingm_1	0.13657442	0.17552305	-0.01901536	0.08838535	0.21205473	0.26122647	0.21892726	0.22559868	0.24829520	0.16435303	0.14310156	0.09376027	0.16127297	0.08965253	0.13417910	0.14272622	-0.03516698	0.09589231	0.09290743	0.20754092	0.10586557	0.25552182	0.20977710	0.13685458	0.32501844	0.13398569	0.19666391	0.09913354	0.30347300	0.32133225	0.18507574	0.26309128	0.27537430	0.23747965	0.13962973	0.28690634	0.17930440	0.03344439	0.23762594	0.39441249	0.27721838	0.02101296	0.13575189	-0.01996340	0.22367631	0.25820836	0.31960619	0.26370831	-0.08839483	0.26673605	0.24829123	0.29235126	0.35717080	0.29573838	0.06858919	-0.00676176	0.05671195	0.10276110	0.14347979	0.17926536	0.18367472	0.17711571	0.15757051	0.07751723	0.02825833	0.03888674	0.04218272	-0.02864387	0.15907382	0.11690676	0.11917725	0.14421702	0.25547006	0.17854722	0.16202696	0.19015144	0.15272457	0.10575670	0.21525161	0.17286890	0.05875255	0.25539317	0.09448117	0.18221294	0.36186523	0.38650099	0.30480937	0.25395853	0.25963550	0.17137729	0.34898695	0.27092736	0.35885600	0.39083979	0.30125507	0.26704758	0.22012383	0.45360592	0.39024075	0.24474558	0.30797613	0.24356108	0.11920983	0.27056385	0.38440692	0.08569715	0.12854714	0.30648012	0.09565748	0.03727129	0.00932389	0.06473464	0.15312068	-0.03993300	0.01042621	0.01634313	0.10038266	0.15271933	0.02965100	0.12982179	0.02706433	-0.07771745	0.28946044	0.05706320	0.20730742	0.10926328	0.31285779	0.29598922	0.15366864	0.27712481	0.14008739	0.18672485	0.79019351	0.08968874	0.07344032	0.08785874	0.17885949	0.09470136	0.03389313	0.14817143	0.08668776	0.20112841	0.24850229	-0.01968946	0.08993029	-0.09575426	0.10083759	0.23155192	0.00712390	-0.01256566	0.05432841	0.17652398	0.03405596	-0.14538855	-0.14051629	-0.03957859	0.11233279	0.25277681	-0.01833780	0.05684951	0.10377581	0.12894789	0.21285569	0.27938264	0.05884763	0.31221997	0.07875950	0.00850219	0.08617717	0.02704418	0.12975365	0.08493371	0.02964754	0.01328342	0.17231970	0.07148677	0.25517518	0.04806556	-0.00125295	0.21918227	0.04541168	0.10954573	0.18304043	0.14456742	0.13404441	0.17883728	0.23122923	-0.05081947	0.14903467	-0.03342077	-0.03591599	0.14596392	0.04170925	0.12409339	0.17772114	0.12283105	0.12898687	0.27323591	0.12936851	0.29200586	0.16442108	0.12177848	0.16818439	0.15230235	0.11084342	0.09079268	0.18279177	0.17809023	0.16994734	0.11447597	0.05926634	0.10015685	0.08662184	0.02034291	0.16710164	0.11920098	0.00722757	-0.08531531	0.12562924	0.26227044	0.11691768	0.11401654	0.15639771	0.21618332	0.14216443	0.33926383	0.05337018	0.32139295	0.10364125	0.10825591	0.10249826	0.18808781	0.04885596	0.13667213	0.21037401	0.09387608	0.09191231	0.15774747	0.17430766	0.02669444	0.16750904	0.04363825	0.14087928	0.07415481	0.19176060	0.17796556	0.07815356	0.15229837	0.18912181	0.08661317	0.30617686	0.22555163	0.20221345	0.29974646	0.35392380	0.12619385	0.02946531	0.11037821	0.26289136	0.10512548	0.00048080	0.13332417	0.01416758	0.04078003	0.14796446	0.06445027	0.15271993	0.09964735	0.08608129	0.19461890	0.13848533	0.07375821	0.18138561	0.08588603	0.17674530	0.13592557	0.13800465	0.09547724	0.17221552	0.17709895	0.15559495	0.28596481	0.17964980	0.20106730	0.35380856	0.25019200	0.24250399	0.36259787	0.05842935	0.16381392	0.25777904	0.24200410	0.18727134	0.35866698	0.37511241	0.42505626	0.19715347	0.16445251	0.19966265	0.24220986	0.13952891	0.27689601	0.28720471	0.26287039	0.25147604	0.18546479	0.34860211	0.25365393	0.21211189	0.39404697	0.30358210	0.47236055	0.06383176	0.03590532	-0.02914478	-0.03513435	0.05308643	0.03871727	-0.01450443	0.02587993	0.01009749	0.01626942	0.06924478	0.10662925	0.02117287	0.06969042	0.12729445	0.08540799	-0.04215261	0.17510515	0.31463759	0.20050945	0.31986078	0.25457774	0.16877134	0.08849867	0.08971228	0.14401517	0.18082093	0.28504291	0.14885507	0.19962326	0.15053780	0.08713878	0.03473744	0.07201630	0.06662721	0.28048574	0.20837042	0.27674741	0.00627841	0.20272853	-0.14634906	0.21073587	0.07710865	-0.08402826	0.08255781	-0.00212806	-0.02652970	0.06181150	0.09290628	-0.04731238	-0.13793720	-0.17496930	-0.00932864	0.24058269	-0.02484616	-0.01199138	0.18548238	0.15800832	0.12279408	0.24914289	0.26535717	0.07469286	0.09724931	0.00367070	0.19348362	0.11787095	0.26118678	0.06014029	0.14005531	-0.00691020	0.26762692	0.32144179	-0.09226505	-0.11275273	0.11905642	-0.07144507	0.08472071	0.08514928	-0.11735138	-0.06532579	-0.04349262	0.21277676	0.06615603	0.11401749	0.26640230	0.33523891	0.03399486	0.25785258	0.03329864	0.05958498	-0.01378708	0.08331157	0.20210694	0.12085869	0.22488983	0.22147776	0.02417038	-0.07420234	0.05343033	-0.03680330	0.27049102	0.24423492	0.03127926	0.21082453	-0.00133639	0.02458679	0.06827594	0.13825904	0.08898378	0.07468989	0.24013595	0.19936230	-0.06631093	-0.05931554	0.00129759	0.01488562	0.22620520	0.14372729	0.09412106	0.11792539	0.10624797	0.07550499	0.12522015	0.04547800	0.12425056	0.11558167	0.21454138	0.15814486	0.08887858	-0.00618603	0.09247477	0.05305335	0.04047078	0.06672112	0.04450385	0.07432437	0.15792507	0.05461974	0.12224089	0.09973167	0.14840954	0.11489609	0.11960942	0.28466293	0.08292484	0.09954945	0.09794918	0.06105440	-0.02182323	0.08140312	0.12581645	0.11171687
17Networks_LH_ContB_Temp_1	0.38538727	0.10554225	0.44192811	0.48536720	0.24235953	0.21941829	0.33553055	0.07440254	0.10225689	0.24906532	-0.15546050	-0.15131542	-0.01789100	0.07890292	0.26081705	-0.08303620	0.03525976	0.01307098	0.05551554	-0.15107247	-0.03080066	-0.01460141	-0.06805879	0.14459802	0.00575840	-0.00844900	-0.11575825	-0.17552618	-0.00477785	-0.00889077	-0.19148642	-0.05436018	0.07825591	0.01033572	-0.11217291	-0.04700389	-0.26797949	0.24868389	0.25569636	0.11761465	-0.08052521	-0.12123230	0.02853381	0.00602088	-0.02060159	0.10659477	-0.15856418	0.12213720	-0.07062342	-0.14806588	-0.08340654	-0.05734647	-0.04491901	-0.00681137	-0.14205150	-0.16875741	-0.03037532	-0.19531338	-0.01017112	0.30761762	-0.00572258	0.62892393	0.18295569	0.25701295	0.02589270	0.02648745	0.08090781	0.06127916	0.08261726	0.22606319	-0.03161993	0.04493751	0.05343972	-0.02464410	0.28908616	0.13788967	0.01596034	-0.12058625	-0.11327657	-0.03618299	0.19499921	0.27702526	0.31818357	0.05412772	0.15290467	0.05317784	0.17006797	0.06894251	-0.08740567	-0.09315056	0.00665034	-0.02775291	-0.03035395	0.12807681	0.07909398	0.05245941	0.05619087	0.26633893	0.14796645	0.03411184	0.08912395	0.08289081	0.24876848	-0.09265751	-0.01690518	0.16121875	0.38601492	0.26273818	0.48153368	0.18748998	0.26592184	0.30554352	0.33247596	-0.16224510	-0.03517317	0.07667457	-0.06979763	0.15843042	0.06173123	-0.00526296	0.10305285	0.32150990	0.22895153	0.36291465	0.29559392	0.06519547	0.37738611	0.23247447	-0.03727263	0.03547098	0.35926835	0.25037842	0.08968874	1.11660412	0.31730997	0.31158675	0.40088561	0.19328071	0.42636725	0.48194369	0.46124151	0.38691825	0.18027694	0.00378043	-0.03965972	0.01442414	0.13458424	0.02547133	0.30849707	0.36106330	0.22050457	0.46233065	0.37413502	0.17976052	0.05949905	0.25773030	0.33406039	0.35516984	0.24791477	0.17286604	0.15648569	0.20342251	0.08238439	0.00249120	0.56442741	0.11286270	0.03073116	-0.00332031	0.37733139	0.07707150	0.50728828	0.25287945	0.22611656	0.26456708	0.24069109	0.34288185	0.35080737	0.06568662	0.30683286	0.22628382	0.16591619	0.49821760	0.10110234	0.28758279	0.32605665	0.26073882	0.21662787	0.29674357	-0.01928725	0.07218383	-0.04304366	0.00834032	-0.13035488	-0.08920003	-0.08932783	0.02480749	0.11815241	0.06430686	0.12983544	0.10249300	0.30345531	0.45410761	0.28526840	0.36099223	0.22735454	0.34773170	0.32574097	0.05839829	0.11939070	0.14141290	-0.10386918	-0.06267047	-0.05227414	-0.04437911	0.17701298	0.19318582	-0.12548871	0.06998962	0.05686377	-0.05536700	0.04221477	0.14817971	0.04507897	-0.14873487	0.04902596	-0.08133247	0.00311660	-0.14548531	0.05218479	-0.19424556	-0.02612222	0.10538354	-0.05235363	-0.18375032	-0.08642933	-0.15318301	-0.24312247	0.01422629	-0.00718685	-0.19113954	0.16227224	0.04779484	0.12536434	0.08608190	-0.01881604	-0.20354960	-0.07092017	-0.04067892	-0.04941096	-0.04434457	0.10164576	-0.08001549	-0.00291943	-0.08109016	-0.07648703	-0.05424471	-0.05044166	-0.22873028	0.12507497	0.46826534	0.32376169	0.11098023	0.10574949	0.09287778	0.08092898	0.07130015	0.06359626	0.00726976	-0.08117547	0.06065402	-0.10500639	0.01706169	0.34964489	-0.22659352	-0.09029704	0.10677200	-0.05396119	-0.06616762	-0.04629749	-0.03676355	0.01935947	0.33696866	-0.01096824	-0.02125178	-0.07361354	-0.14689443	-0.18633556	0.20922636	0.02089244	-0.08765495	-0.10224117	-0.07311386	-0.16114846	0.05805308	-0.00361200	0.11902667	-0.09440272	0.14801904	-0.04924824	-0.09837067	-0.09956928	0.25006577	0.14666659	-0.05304450	0.13914110	0.11243671	0.13747598	0.04730207	0.07477759	-0.14807465	0.03318115	0.04245368	0.15286752	0.04737056	0.23339010	0.07318587	-0.02314062	0.15387401	0.12569039	-0.13517596	0.09057409	0.10302898	0.08106999	0.19372975	0.10952766	0.09019011	0.03174005	0.05180786	-0.08761576	0.28336749	0.03749111	0.01799175	-0.03737762	0.00104724	0.04305514	0.34314828	0.31051519	-0.05748366	0.16219687	0.03536917	0.07301214	0.12741285	0.06489045	0.27665266	0.16289466	0.23564148	0.21148429	0.22917690	0.32576163	0.04448130	-0.18103135	-0.06181807	0.06012614	-0.04418212	-0.00275820	0.06110175	-0.01022926	0.15814047	0.12032346	0.30976506	0.07254606	-0.03154259	-0.03192850	-0.05398633	0.03090943	0.28090154	0.03043119	0.21382727	0.13048789	0.01101046	0.05521188	0.19489962	0.01782171	0.12384985	0.07362132	0.10680677	0.20539866	0.24569828	0.23168698	0.19297975	0.34536362	0.10607403	0.26901125	0.14658704	0.14561711	0.05913611	0.11997854	-0.08561721	-0.08184791	0.02272413	0.14683426	-0.15312693	-0.14231274	-0.03765703	-0.15787104	-0.07643211	-0.01612748	-0.03728615	0.10922202	-0.02962028	-0.08904331	-0.04233167	0.10157544	-0.00714394	0.22171000	-0.02059271	-0.07205630	0.19358347	0.01888916	0.01320946	-0.04722326	-0.19199029	-0.04198980	-0.02967521	-0.08547955	0.17538791	0.04041294	-0.05898426	0.17596070	0.06275703	0.21599929	-0.13707333	-0.08164577	0.00648992	0.21624734	-0.00913508	-0.17141959	-0.00922198	-0.06814436	-0.08366231	-0.04585116	-0.02414047	0.18762817	-0.04381867	-0.05903112	0.14545466	-0.05023379	-0.01385492	0.10191912	0.07957116	0.23959318	0.01798270	0.13250843	0.20308684	0.33778870	0.04658163	0.22057363	0.00299508	0.19617999	-0.01398031	0.00314063	0.12874426	0.16687030	-0.00596210	-0.07483354	0.16939645	0.25656654	0.30859600	0.32807535	0.42220487	0.17281764	0.35603717	0.46770026	0.24938632
17Networks_LH_ContB_Temp_2	0.24610649	0.26220037	0.07838362	0.15039103	0.16709140	0.22351118	0.22795373	0.04888601	0.17649313	-0.06300086	-0.01240937	0.02689812	0.10014348	0.06757958	0.22024849	0.05821131	-0.09466648	-0.04327857	-0.03147147	0.04657562	-0.09251014	-0.07240434	0.05469060	-0.07699719	0.05094101	-0.04322890	-0.19290227	-0.20337407	-0.02254357	-0.10220407	0.00944311	0.05874049	-0.06867288	-0.01215324	-0.04013638	0.01114246	0.04104216	0.29562834	0.20958932	0.06156333	0.05513222	0.06295757	0.11787510	-0.00405512	0.14289219	0.11097876	-0.00861347	0.02220605	0.06570643	0.06622019	-0.00772337	-0.00353366	0.07152405	0.01082417	-0.11786976	-0.26140163	-0.03275525	-0.03164654	-0.05842141	0.28160557	0.19256131	0.36085440	0.20845169	0.18236786	-0.12761296	-0.07257617	0.17594993	0.04497326	0.00309390	0.05700037	-0.06140329	0.00038774	-0.07589085	-0.10871049	-0.03171079	0.03568653	-0.00175747	-0.01030338	-0.13461633	-0.04069171	0.24545750	0.20612374	0.15485766	0.10241666	0.08479569	0.09876359	-0.01797065	-0.08727735	0.06759421	0.07594223	-0.04216448	-0.09962887	-0.02300362	0.12353147	-0.00363105	-0.09672220	-0.01755632	0.15044791	0.10237752	0.09622646	-0.06255316	-0.05654507	0.14020270	-0.10314582	0.08016087	0.07029971	0.09851552	0.26966330	0.09619711	0.05716341	0.07667094	0.14765647	0.22616083	0.09080051	0.15291483	0.10675926	0.12044666	0.13222369	0.02668569	-0.06502419	0.23769273	0.22519288	-0.00553684	0.21386727	0.20241245	-0.05573723	0.04113207	0.25808004	0.04198827	0.13211605	0.31193342	0.36366960	0.07344032	0.31730997	0.92453120	0.17557641	0.24874172	0.20159909	0.20033465	0.37335439	0.28655581	0.14333493	0.09411331	-0.13142383	-0.12867615	-0.07369077	0.01230344	-0.06264515	0.30498836	0.43528879	0.17922871	0.38958600	0.33625680	0.13602918	0.08373761	0.30164930	0.21863973	0.19654538	0.06227327	0.08536047	0.15454175	0.15069139	0.07094001	0.10681520	0.35699528	0.02755027	0.07720547	0.25993110	0.28934914	0.23870301	0.55213797	0.23752689	0.24842388	0.06781012	0.26360817	0.36434991	0.19025507	0.03508494	0.13386335	0.05735623	0.08010269	0.27450102	0.17917548	0.16982639	0.26212315	0.22469069	0.22440410	0.32865026	0.16558708	0.16352583	0.08044600	0.08288135	0.18229058	0.15150196	-0.00246220	-0.00444405	0.31246746	0.25801194	0.15820702	0.15498128	0.27439958	0.20717018	0.18818316	0.19368301	0.25532127	0.16101729	0.26445954	0.14755168	0.16406398	0.07287437	-0.02225002	0.04839465	0.17593753	0.06862879	0.16534916	-0.04672834	0.02590984	-0.06733702	-0.13276691	-0.08183615	-0.08289138	-0.04545168	0.00921428	-0.01485675	-0.03959066	0.01678824	-0.05793638	0.04628736	0.06677051	-0.02979868	0.08053216	0.08712070	0.00805172	0.10490033	0.08364734	0.14115479	-0.03039530	0.07756983	0.05513538	-0.07607793	0.26705261	0.02427577	0.16199396	0.10168418	0.08938507	0.05570436	-0.07317312	0.04796188	0.05521469	-0.04665069	0.08673920	-0.05489237	0.06106046	0.01108379	0.01147744	0.03461593	0.00164293	0.01038268	0.13592522	0.33889839	0.28561793	0.10907600	0.04591959	-0.02944014	0.04867902	0.04101364	0.01614046	0.03451136	-0.05319839	-0.07107722	0.07640743	0.04338276	0.36002336	0.01545020	-0.08284410	-0.00128935	0.00532537	-0.00438469	-0.14934739	0.03436198	0.20909065	0.10213891	-0.01839196	-0.03576979	-0.01664146	0.08765721	-0.01625607	0.11946094	0.03339687	-0.08727782	0.06086165	0.02626289	-0.20893803	0.04049013	0.02963794	0.09116232	0.02303291	0.01334486	-0.00728457	-0.14303628	0.02819314	0.09426129	-0.06235082	-0.00263556	0.02607031	0.03829777	0.07983297	-0.09668422	-0.09509271	-0.20727272	-0.01249013	-0.08386178	-0.15973305	-0.03106849	0.01847791	-0.12545173	0.17914853	0.14407059	0.07463364	0.12698213	-0.09933981	0.11752462	-0.02362486	0.08902375	0.12537532	0.03207882	0.05643662	0.04810147	-0.17344752	0.08696082	0.08547626	-0.06196002	0.01017239	0.01599102	0.18342098	0.34976136	0.41179794	-0.02294863	0.05338270	-0.01121929	-0.04312471	0.00139860	-0.00665610	0.18483732	0.14080758	0.15603101	-0.07156248	0.00282592	0.14512846	-0.15930566	-0.24246529	-0.25732378	0.00336297	-0.11085338	-0.23955818	-0.03336493	-0.02171437	0.22316704	0.05686973	0.27443983	0.07137224	0.03696256	0.00104513	0.02026337	0.13477638	0.13977749	0.01080387	0.20958751	0.17625801	0.06371466	0.00497857	0.12369534	-0.06662750	0.11590832	0.14538233	-0.08788407	0.07531219	0.35094193	0.02563311	0.13844166	0.11281688	0.02826183	0.03175061	-0.06683704	0.16962723	0.02490979	0.12142615	-0.01531766	0.06501640	0.23068257	0.00386269	0.15379982	-0.09967310	0.01529608	-0.00052262	-0.01548679	-0.11984629	-0.00837910	0.05295905	-0.09688700	0.17879715	0.20298506	0.14603777	0.08231003	0.20229030	0.02122112	0.13573493	0.17479161	-0.02901912	-0.13118107	0.06525624	-0.04773198	0.06483853	0.09427749	-0.10015498	0.09877453	0.15027666	0.13949225	0.07288659	0.16280249	0.16888983	0.01564480	0.00966387	0.03872809	-0.10153123	-0.01394637	0.01627693	0.02421760	0.01070103	0.01404576	-0.06184968	-0.02313338	0.24876129	0.15931642	0.15249899	0.09339557	0.07677811	0.22874988	0.19354320	0.09098599	0.22087653	0.19645181	0.28632658	0.19328090	0.05183388	0.14065419	0.07401673	0.15620108	0.24462060	0.10823442	0.07293046	0.17020176	0.16364364	0.07300991	0.08383677	0.21507264	0.34152793	0.22504288	0.32988602	0.35827441	0.31157001	0.25564891	0.27992425	0.29505064
17Networks_LH_ContB_IPL_1	0.22511387	0.15866123	0.16187338	0.12421455	0.13789379	0.03358825	0.15412832	-0.06083512	0.08511584	0.08672311	0.04778460	-0.03876237	-0.01103885	0.08878800	0.24387754	0.04893390	-0.07848318	0.14027510	0.15736502	-0.03987396	0.22237630	-0.00329787	0.11873723	0.25956543	0.15269565	0.12840804	0.01182054	-0.15769448	0.10639696	0.09431828	0.03631300	0.12224387	0.07368228	0.06865370	0.00979779	0.01150574	-0.03679090	0.17728139	0.30688685	0.04448966	0.18113246	-0.01642470	0.12670653	-0.03685927	0.05441957	0.21243914	-0.14772750	0.07823841	-0.07070704	0.04900868	0.11414623	0.07065495	0.02669163	0.01836233	0.16461123	0.14686265	0.33859369	0.08248102	0.32725903	0.18372579	-0.03439792	0.23932025	-0.04600945	0.08498184	0.12121994	-0.07322880	0.18114372	-0.04379896	0.13881060	0.10386875	-0.06140553	0.17342637	0.00748217	0.08856910	0.07637505	0.11708953	-0.04507363	0.00684640	0.05129323	0.07734926	0.10587336	0.53078199	0.45607536	0.28670762	0.30777380	0.06704566	0.17948118	-0.06214087	-0.14735454	-0.11927532	-0.11871557	-0.17127454	-0.06472676	0.17378704	0.18083327	0.12199429	0.16578588	0.23098796	0.35182078	0.13603275	0.14147846	0.06725294	0.39908311	0.05874117	0.08331281	0.10863677	0.21078811	0.51854817	0.18550563	0.06032701	0.15106915	0.10225882	0.48718077	0.04332486	0.06271073	0.06228654	0.13374459	0.00333090	-0.06249315	-0.19004349	0.03104762	0.31232333	0.21055059	0.50203851	0.15329926	0.01506495	0.29256793	0.19237004	-0.15200368	0.02630788	0.54098267	0.48303677	0.08785874	0.31158675	0.17557641	1.01662616	0.57001637	0.22970438	0.49014092	0.51813839	0.63119053	0.53260976	0.51942341	0.26372182	0.10683615	0.28921571	0.20881877	0.16966086	0.58491810	0.62413426	0.52876814	0.46379657	0.55549297	0.23687937	0.40488517	0.37714878	0.44507916	0.34634831	0.62367587	0.61866729	0.26256785	0.29886143	0.31452062	0.22461324	0.68435380	0.35090935	0.04875381	0.33602486	0.32435940	0.07000719	0.55826139	0.38358585	0.33605346	0.54561617	0.38296979	0.41092597	0.44698581	0.04156632	0.33049330	0.38310653	0.34109508	0.77097563	0.15032418	0.18020611	0.40785102	0.32335824	0.41264411	0.44182877	-0.01060347	0.14248138	0.25263795	0.04505428	-0.07346119	0.01743161	-0.19733741	-0.08152265	0.24022837	0.06332215	0.09236149	-0.01042067	0.16531435	0.32702488	0.33508035	0.10934737	0.13558013	0.43742696	0.22719485	0.10822892	0.10384221	0.07911708	0.05132577	0.14807285	-0.01871633	-0.12186680	0.08324838	0.14592673	-0.11400733	0.05773067	-0.07307947	0.08557056	0.16651326	0.20801309	0.20325463	0.18895491	0.20403442	0.11951073	0.15157477	0.13776964	0.29996960	-0.08619986	0.04788042	0.20451739	0.18754812	0.11358604	0.00920492	0.05123332	-0.00660874	0.22847307	0.15448843	-0.11109614	0.16684552	0.01125278	0.12684801	-0.04325621	0.08749854	0.01911379	0.16224746	0.03174884	-0.07628392	0.09565823	0.17725182	0.06170255	0.08454441	-0.03512764	-0.02495549	0.12212272	0.28866040	0.14597077	0.03508808	0.13552860	0.22884928	0.10198620	0.15834739	0.30151583	0.06660123	-0.03981047	0.10081475	-0.13017093	0.04679016	-0.05615387	0.03641897	0.12082000	0.19571455	0.04372198	0.02589596	0.04031382	0.06924991	-0.02288601	0.03048027	0.06337494	0.12259708	0.23035541	0.04985564	-0.01449677	-0.06342320	-0.11458864	-0.07893784	0.22066069	-0.13672798	-0.11521493	-0.05990717	-0.05461543	-0.17397431	0.03011482	-0.13827786	0.21433192	0.08647144	0.15396387	0.06430022	0.01757605	-0.11797352	-0.05439630	0.08433522	-0.03863641	-0.03378972	0.08103969	0.22247677	0.15927868	0.05347490	-0.19125404	0.16848139	0.17217825	0.00922404	-0.19003742	0.14528408	-0.12837802	0.00948159	0.32585447	-0.00394679	0.10799934	-0.00315106	0.11468579	-0.05417145	0.11479366	0.07198991	0.01514407	0.04835970	0.12416889	0.17860330	0.39703083	0.09555575	0.22033133	-0.06195385	0.27529723	0.01748199	0.26181628	0.21798161	-0.06446733	0.33586671	-0.08312946	0.13103463	0.15430896	0.32539138	0.48109784	0.18053339	0.01069927	0.00472157	0.09255817	0.37003434	0.19509697	0.22626700	0.14582997	0.41352279	0.29285962	0.09847538	0.11151434	0.10462215	0.33821010	0.31958900	0.46223496	0.27305320	0.22830181	0.14918864	0.29150879	0.15528127	0.17921921	0.38234712	0.27067366	0.23564526	0.10785551	0.25878894	0.26969253	-0.03126536	0.21589718	0.12425983	0.11268053	0.30209963	0.30412017	0.34652229	0.09248142	0.14690440	-0.18069774	0.08500336	0.07212808	0.34537811	0.35840088	0.17261884	0.21431835	-0.01897911	0.13940417	-0.12124200	0.07282673	0.11075641	0.07076569	0.05288169	-0.06581688	-0.12365907	-0.12340735	0.24764126	-0.10399073	-0.07406625	0.13039193	0.06111549	-0.11125992	0.11703858	0.02867233	0.04737930	0.12231181	-0.11096691	-0.00629696	0.18869118	-0.08400202	-0.05548066	0.10526300	-0.18084530	0.09155658	0.02423017	0.09910696	-0.02531310	-0.15893173	0.10355298	0.08721836	0.06031350	0.03740192	-0.11117677	-0.13606393	0.01247943	0.03345804	-0.02199833	0.17020274	-0.06606180	0.18403298	0.14786126	0.09695518	0.17753825	0.02744522	-0.07805735	0.07233350	0.13291985	-0.06146261	0.26887774	0.16947804	0.14001004	0.21553794	0.13241618	0.07959375	0.11091390	-0.01894240	0.22368491	0.09760229	0.05134929	0.06218956	0.19070772	0.04736393	-0.07580224	0.22671945	0.35478258	0.35971606	0.43492219	0.41730478	0.32547443	0.36357039	0.42932558	0.35305632
17Networks_LH_ContB_IPL_2	0.22846038	0.01848909	0.08860791	0.03690790	0.20207481	0.14602255	0.18821803	0.15338192	0.21370224	0.22023026	0.01645343	-0.03582006	-0.04811705	0.06033850	0.16789345	-0.08504613	-0.06124487	0.12735382	0.12941292	0.04278384	0.13954760	0.01012202	0.17483369	0.17593037	0.09375265	0.06720253	-0.03821359	-0.08518571	0.00080080	0.10476942	0.00015228	0.07785916	-0.00554148	-0.02740241	-0.12226956	0.01421234	-0.11453275	0.11264451	0.22317689	0.04561901	0.08477334	-0.07214081	0.08224169	-0.06003116	0.07750735	0.24543393	0.02076446	0.15635175	-0.12407286	-0.03532814	0.06384554	0.11184897	0.01283121	-0.02829252	0.12535633	0.12678330	0.27361004	0.04688617	0.26052027	0.12694048	-0.01345851	0.22795424	-0.07530466	0.16444225	0.09726069	0.00167687	0.17150742	0.04850854	0.39640494	0.27950253	0.02894109	0.19975538	0.02540284	0.02730010	0.07342458	0.01321770	0.07722115	-0.04268149	0.02535169	0.00345299	0.11086123	0.44978794	0.37684233	0.23701865	0.33596901	0.06905013	0.28766755	0.10830195	0.01439781	-0.01091699	0.13307367	0.03313896	0.01168692	0.41516057	0.18503728	0.16779867	0.14653759	0.21002037	0.31340912	0.02957900	0.29168819	0.08543182	0.46352699	0.22048812	0.26374320	0.41872301	0.26074784	0.37311585	0.13408548	0.07990799	0.09399560	0.00263353	0.20026164	-0.03965476	0.06756404	0.09433974	0.06407362	0.05260805	-0.03870327	-0.08146318	0.25282074	0.23802987	0.56331085	0.50604626	0.49418330	0.18438925	0.38413718	0.48401798	0.07501322	0.18080903	0.47767150	0.39250748	0.17885949	0.40088561	0.24874172	0.57001637	1.05969473	0.51405133	0.31734371	0.63864155	0.45884559	0.50727115	0.34508875	-0.08292513	0.04994952	0.06575144	0.15206643	0.14325402	0.35874558	0.27940797	0.20468590	0.46688529	0.40508827	-0.16422420	-0.14844526	0.18124927	0.35481075	0.13879022	0.17107128	0.20363321	-0.10771703	0.00181121	0.05208785	-0.03090024	0.45047248	0.15407818	0.01263957	0.09337857	0.09157881	-0.14835958	0.57564672	0.32108066	0.21318980	0.38520902	0.13187981	0.29303953	0.39144956	-0.05967123	0.25339097	0.30396233	0.16110491	0.67337201	0.10627221	0.29622786	0.28962026	0.38089631	0.53598326	0.19421165	-0.20860229	-0.26633040	-0.23865846	-0.09424112	-0.17360176	-0.06114951	-0.01660142	-0.01117961	0.26331686	0.28981625	0.35480071	0.17408229	0.09263496	0.32061216	0.16474394	0.11676620	0.19376957	0.34115551	0.11670041	0.06149666	0.16755117	0.11388898	-0.05845775	0.06844247	-0.08681557	-0.28857238	-0.00050626	0.08720992	-0.16612429	-0.01989233	-0.05901461	0.05484302	0.06639182	0.16306911	0.14251125	0.10440066	0.13245500	0.15101963	0.07611169	0.11354632	0.16065156	-0.22541342	0.00076721	0.21263199	0.07379272	0.08706354	0.01140397	-0.00443399	-0.06998672	0.13069360	0.07934256	-0.14936481	0.09251584	-0.01899645	0.08714918	-0.05268143	0.05858160	0.10372719	0.10532230	0.04700264	-0.11508443	0.10025485	0.10563630	0.08040082	0.09085440	0.00173705	-0.04921007	0.11709386	0.22183284	0.10861148	0.02654498	0.13828592	0.06581120	0.12064881	0.23021461	0.17579756	0.14448283	0.08719498	0.15506645	0.01441961	0.06352308	0.15997271	-0.05380547	0.04328137	0.43253969	0.03343300	-0.02686654	0.09386196	0.00740064	-0.03648794	0.00766517	-0.04862598	0.05982960	0.23962660	0.14495784	0.07725522	0.02573514	-0.04335423	0.09875224	0.36602738	-0.02435689	0.03476856	0.02403254	0.11262272	-0.03337251	0.19437809	0.12107391	0.19277933	0.17900441	0.14413196	0.01604131	0.06032140	-0.02886663	-0.07014881	0.10004482	0.14633240	0.28857951	0.30642091	0.22817684	0.03235589	0.17158567	0.09776198	0.07226601	0.27648290	-0.08992593	-0.22620865	0.04156138	-0.03207650	-0.09785222	0.04113835	-0.02117243	-0.02028935	-0.00664414	0.01948787	0.06329512	-0.00662751	0.07329123	0.04161386	0.29159478	0.29014987	-0.10298952	0.35143949	0.25061165	0.16132729	0.15781694	0.27554924	0.01043217	0.25729077	0.24653007	0.14042721	0.40963363	0.11561514	0.27591368	0.16279036	0.19441921	0.29453009	0.19739232	0.07436578	0.01261324	0.30129319	0.25410283	0.12071657	-0.12583453	-0.03331419	-0.16939918	-0.01557379	0.03815754	-0.12162176	0.04790836	0.03794111	0.09095230	0.33455036	0.07492452	-0.18632486	-0.27436634	-0.27980502	-0.03537291	0.12424420	-0.08652868	-0.08869296	0.03945295	-0.20003408	-0.09734330	0.26812919	-0.04527786	0.08166291	0.19911066	-0.02231522	0.20854977	0.22059100	0.10865706	-0.00670469	0.10158946	-0.20896943	0.16965350	0.28423002	-0.09044098	-0.07604256	-0.07508544	-0.33503298	-0.00708439	0.03675556	-0.02633958	-0.27197935	-0.18640427	-0.05637555	0.02861492	0.16839495	-0.04311264	-0.02697889	0.15126072	0.08313573	-0.12726634	0.01027159	0.16755212	0.03835845	0.13551106	0.07588777	0.13389805	0.11474258	-0.08141210	-0.00391504	0.08184937	-0.06280512	0.15209309	0.20632177	-0.07146708	0.18049206	-0.02773289	-0.03972368	0.09236602	-0.08454317	0.11505732	0.16630221	0.12707905	0.06174123	-0.10681160	-0.13671416	-0.04200571	-0.03074293	0.14716250	0.26662527	0.02121997	0.20709041	0.06400200	0.06420516	0.07825885	-0.02025242	-0.02463970	0.04241812	0.11774525	-0.01991070	0.19256018	0.03602708	0.11765815	0.15038094	0.06771946	-0.01620023	0.09242418	-0.12600512	0.14870114	0.01058406	-0.02253979	0.02944534	0.13951047	-0.06920696	-0.10307799	0.20262763	0.36414022	0.23637389	0.25443432	0.27264695	0.09182495	0.19577489	0.31319736	0.16951934
17Networks_LH_ContB_IPL_3	0.07458520	-0.07809688	-0.02310596	-0.09057152	0.04217477	-0.00487154	0.05228546	0.12432853	0.09389285	0.04389659	0.00789374	0.03410640	-0.27171052	-0.11025487	-0.00388986	-0.17567474	-0.10269624	-0.04756369	0.01949354	-0.03155914	0.01385833	-0.03302555	0.16182008	0.01887937	-0.03197679	-0.02358881	-0.02255883	0.01156824	-0.01914651	-0.04024864	-0.02754013	-0.00250604	-0.03394460	0.03624817	-0.01199871	0.00562459	0.04379883	0.03908144	0.17605329	-0.01983770	0.00382687	-0.01090449	-0.00395665	-0.14488720	-0.07032116	0.09761364	0.06325138	-0.05674816	-0.01201698	-0.02651994	-0.06493663	-0.09054450	-0.08821227	-0.11150780	0.00180362	-0.02427507	0.07828071	0.05985125	0.09654498	0.03088238	-0.06711052	0.09349551	-0.05817247	0.16559196	0.17817247	0.03096096	0.39130924	0.14334747	0.46913584	0.41758589	0.14626281	0.18646861	-0.04245266	0.03406956	0.13516528	-0.04911424	0.14286429	-0.02861514	0.05600707	-0.07218105	0.00407302	0.13208970	0.28406976	0.06307858	0.15663063	-0.15259390	0.02875343	-0.00199608	-0.05731223	-0.13362344	-0.00519650	-0.08798617	-0.12766872	0.17012232	0.02737165	-0.02041342	0.11178493	-0.06094248	0.01171277	-0.13289918	0.15685182	0.01898366	0.26556795	0.10292885	0.09071647	0.25359994	0.11779227	0.14491390	0.00435399	-0.06922342	-0.09346667	-0.09715400	0.03852492	-0.04355616	-0.02253223	-0.00166394	0.04327000	0.01932734	-0.13714575	-0.13033726	0.32711288	0.27577893	0.48288325	0.42052585	0.60144602	0.34001760	0.22252975	0.46792440	0.31912892	0.28033097	0.25946697	0.24485624	0.09470136	0.19328071	0.20159909	0.22970438	0.51405133	1.03853888	0.22075861	0.37661037	0.13300707	0.18628037	-0.02482062	-0.13019203	0.16799877	0.08902658	0.05986679	0.09224813	0.03694868	0.00385262	0.01095863	0.30214386	0.20544199	-0.27065628	-0.32837182	0.12339472	0.16251615	-0.07595182	-0.00344666	-0.03994932	-0.20827804	-0.19691377	-0.22586277	-0.26312539	0.08512417	-0.16648062	-0.15038899	-0.04561083	-0.14320395	-0.22613576	0.32884044	0.01730289	0.10239486	-0.04198756	-0.15369018	0.11840642	0.12215169	-0.05052634	0.15408691	-0.04449282	0.04497161	0.30850653	-0.20176184	0.03034738	-0.11065647	-0.04045587	0.28760882	0.06942958	-0.24758381	-0.34381563	-0.33584624	-0.14213627	-0.14572002	-0.13665908	-0.06033737	-0.14587863	0.01820012	0.21656242	0.51424132	0.04560546	0.07369533	0.13926287	0.06730356	0.00175930	0.03545769	0.19765794	-0.02716027	0.00624984	0.17571267	-0.03022715	-0.02852819	0.01244298	-0.16202302	-0.26203696	-0.09494482	-0.12130893	-0.19546976	-0.08366263	-0.09055557	-0.03786930	-0.08969922	-0.03573427	-0.00973451	0.04741727	-0.02622783	-0.04229263	-0.01481521	-0.03451525	0.01156703	-0.18696550	-0.01426697	0.22454494	0.01399729	0.11543127	0.04821281	0.05128315	0.00646627	-0.00702482	0.02528737	-0.15117684	0.11844408	-0.04603894	0.12752464	-0.15938168	-0.05701903	-0.00268060	-0.01284396	-0.05327505	-0.18594658	-0.05985435	-0.05168651	-0.07980719	-0.11800370	-0.07034926	-0.13049339	-0.07287468	0.04069193	-0.02751749	-0.03869212	0.16317042	0.06409629	0.16383438	0.34697874	0.20220239	0.20339531	0.32669020	0.12346683	0.30776973	0.10327736	0.30055208	-0.05394763	0.03532405	0.46618190	-0.02991879	-0.00079020	0.20830635	-0.01379846	0.04630501	0.02308303	-0.12820919	0.07071097	0.18490449	0.25110876	0.02845693	-0.13522402	-0.06071761	0.03330460	0.13915213	-0.05449182	0.02362463	-0.04970365	0.02687979	-0.20228981	0.03239194	0.14061930	-0.09085823	0.04013101	0.04863216	-0.14537211	0.05085516	0.01822394	-0.19347834	-0.05587233	0.08729994	0.36461453	0.40982297	0.03149969	-0.10485535	0.17345189	0.11530572	-0.09857086	0.19767080	-0.17984644	-0.28780106	-0.15895813	-0.04931658	-0.18535365	-0.02424153	-0.09887858	-0.03215446	-0.15631557	-0.10496157	-0.02528754	-0.02661392	0.29366510	0.12797121	0.52736694	0.38871777	-0.08149824	0.15254588	0.15270254	0.12986789	0.28170390	0.24746097	0.11971070	0.23318556	0.22999748	0.26945464	0.41228239	0.17477552	0.49367160	0.13394469	-0.07044431	0.13994322	0.23410469	0.05174786	-0.08986301	0.24660720	0.01817419	-0.12990692	-0.06289044	-0.01380417	-0.23085387	-0.04661057	0.22714895	-0.14770825	0.05825669	-0.15012700	-0.09342112	0.23942446	0.00774378	-0.19593423	-0.37926311	-0.31692675	-0.01835340	0.02568434	-0.24426612	-0.22905549	-0.08707957	-0.32672681	-0.35277227	0.04371212	-0.17962649	0.04856863	0.15955477	-0.27014506	-0.13354391	0.08101807	-0.10304278	-0.00265151	-0.06177907	-0.21377255	-0.04371526	0.11042347	-0.18194419	-0.02476767	-0.24009148	-0.35945634	-0.04735607	0.04586762	-0.14359311	-0.28603922	-0.24153655	-0.17251606	-0.05361703	0.26525817	-0.09320780	-0.07075896	-0.00851853	0.05134408	-0.12000762	-0.10826237	0.04172331	0.02387901	0.01885508	0.00340893	0.06754224	0.00017139	-0.11447733	-0.05136394	0.03364145	-0.03801592	0.06776420	0.07604667	-0.05647202	0.00472700	-0.12455492	-0.02091422	0.02795228	-0.08816732	0.04502540	0.02130885	0.11454430	-0.00826536	-0.10686516	-0.11978180	-0.00981969	0.08234757	0.04701623	0.11026352	-0.09807829	0.01043874	0.02824684	0.11364521	0.00511940	-0.04502587	0.01983761	0.08698690	0.06551023	-0.00655034	0.09299268	0.01507352	0.07083179	0.10837282	-0.02182374	-0.04581588	0.07116796	-0.07518284	0.09462346	0.01572274	-0.04683798	0.08440386	0.16083183	-0.02676865	-0.02938758	0.14554263	0.26864348	0.09735821	0.10510025	0.14475232	0.00813026	0.03779101	0.08146656	0.03404643
17Networks_LH_ContB_PFCd_1	0.24595428	0.21304016	0.29496739	0.28806814	0.14846006	0.02556277	0.22018083	-0.14601149	-0.01342890	-0.01871367	-0.09494090	-0.12548158	-0.09167920	0.01649039	0.20879211	0.07616370	0.06840778	0.00332065	0.08677218	-0.15491119	0.12730557	-0.09043843	0.03805288	0.16526860	-0.08291800	0.06617199	-0.00853380	-0.07454364	-0.00435152	-0.12309493	-0.14740446	-0.06490421	0.11426781	0.03057535	-0.00374185	0.07575153	-0.10693471	0.22080209	0.30404244	-0.00717526	-0.02121519	-0.00526103	0.08959854	-0.12192681	-0.16058034	0.09152508	-0.16596429	-0.14101666	-0.09497817	-0.08658209	-0.16988153	-0.15976432	-0.11358259	-0.11175430	-0.08803103	-0.04033710	0.02649730	0.01138250	0.05358386	0.26738578	-0.02174544	0.42320515	0.06789778	0.11150319	0.19930798	0.00336803	0.31705436	-0.02330798	0.07375736	0.20653204	0.07216692	0.12811212	-0.00297682	0.02307359	0.20829039	0.04712056	-0.02184931	-0.18762758	0.02993288	-0.00839717	0.03159079	0.48552155	0.55623073	0.22210057	0.29640146	-0.09166385	0.04452254	-0.15623464	-0.22887314	-0.26234241	-0.23606660	-0.28719053	-0.20847929	-0.01684978	0.01708016	-0.17929454	0.09372350	0.11285618	0.24716981	0.20596566	-0.00030972	0.04778202	0.32071528	-0.04077485	-0.06103379	0.07906114	0.28505513	0.48871047	0.16023486	0.04931208	0.16343129	0.17155545	0.39635377	-0.13704293	0.00436437	-0.06136759	0.04564977	0.10991313	0.00290856	-0.10081238	0.01631266	0.48892580	0.10499463	0.46236569	0.18668678	0.12139865	0.39816432	0.23509910	-0.00972689	0.12152771	0.60257072	0.50807358	0.03389313	0.42636725	0.20033465	0.49014092	0.31734371	0.22075861	1.04838172	0.47297024	0.53351843	0.36247194	0.28270950	0.23588856	0.11339823	0.39176540	0.15841220	0.06950845	0.45033091	0.60634195	0.62726618	0.49295004	0.67606893	0.35146876	0.43241786	0.45919327	0.26411178	0.37240317	0.63508031	0.48621105	0.39170607	0.24634927	0.20706295	0.14197959	0.60743148	0.17718264	0.05436349	0.07869124	0.32714317	0.15726203	0.46519994	0.15483447	0.30725239	0.37778812	0.35926662	0.40900498	0.31649203	0.14923220	0.51489057	0.33114585	0.41742378	0.72226708	0.00108631	0.17194401	0.27544081	0.21140893	0.28688906	0.56918100	0.12899248	0.30597072	0.33021899	0.14144542	0.04377307	0.00473481	-0.17308238	-0.08838567	0.06069200	-0.12001590	0.06976738	-0.15088535	0.19695652	0.39231942	0.38045516	0.29287063	0.22414780	0.48936024	0.33609410	0.04406426	0.10683092	-0.07220658	0.01867530	0.05908649	-0.04787675	0.01371824	0.12025365	0.06804028	-0.12508277	0.14601596	-0.11635817	-0.01300523	0.14825763	0.07148024	0.08840650	0.01852680	0.09406257	-0.10101036	0.06935020	-0.12029472	0.16237672	-0.02203731	-0.12462607	0.12287548	0.06148811	-0.09677329	-0.00377454	0.02531818	-0.12447164	-0.00649478	-0.05389360	0.00907387	0.08912294	-0.16813515	0.05807676	-0.07665248	-0.12313965	-0.26541725	-0.14846598	-0.13835037	-0.10682081	-0.12992088	-0.05597325	-0.15961975	-0.15741661	-0.06598880	-0.14105296	-0.02101447	0.00176671	-0.06003215	0.10006147	0.35403313	0.26683979	-0.00641722	0.04834506	0.29621201	0.06615621	0.02908516	0.04278219	-0.05688619	0.00967209	-0.03701524	-0.12302503	0.12117840	0.28151673	-0.03470403	-0.01141103	0.14668202	-0.04504913	-0.07937618	0.01790531	-0.10428861	-0.09286941	0.27762052	0.08090918	-0.10448148	-0.25675430	-0.24216737	-0.26627988	-0.00617648	-0.28785125	-0.19386413	-0.23200481	-0.23577663	-0.36088645	-0.09099622	-0.12225790	-0.00825510	-0.13022787	-0.03081363	-0.12117353	-0.12313838	-0.19657952	-0.06753692	0.07397501	-0.25773407	0.05123188	0.11740694	0.06199929	0.14367765	0.02726550	-0.34618983	0.00033261	0.04414695	0.01183414	-0.11137794	0.08771856	-0.02618289	-0.02095310	0.36235588	0.04509331	-0.10122387	0.00272868	0.01313913	-0.03565571	0.21030623	0.21661654	0.10517594	0.10983834	0.13621295	0.38191795	0.30142972	0.00687729	0.24574036	-0.04267904	0.19308852	0.14579618	0.15416187	0.29062732	-0.17288320	0.11388701	-0.14657806	0.08307123	0.17265951	0.10618278	0.40465284	0.34634230	0.23516580	0.07686393	0.03267359	0.22128322	-0.02968880	0.21203859	0.04007364	0.51812362	0.19948414	0.20478508	0.16986361	0.01793798	0.17809187	0.19634757	0.39480775	0.27300378	0.32030935	0.26522691	0.42143654	0.13651192	0.19198183	0.31748675	0.28487467	0.17337655	0.11369856	0.13849938	0.08284409	-0.16380461	0.04900922	-0.03874237	0.07303846	0.06526944	0.36238130	0.25342614	0.17212836	0.23322850	-0.04355556	-0.02516277	-0.04579657	0.45539831	0.48053587	0.27048455	0.34326058	0.07369074	0.17969917	-0.03718660	0.08343653	0.02900096	-0.07758649	-0.15362459	-0.25443009	-0.35503320	-0.32658262	0.02134918	-0.31031937	-0.04272014	0.05302134	-0.03147521	-0.07299786	0.18082481	0.01063913	0.03493521	0.09753192	-0.05392374	0.04377515	0.10125291	-0.19313283	0.01359832	-0.03971514	-0.03302427	0.08015735	0.08546958	0.11241956	0.07439675	-0.06092007	0.07531085	0.02926806	-0.03728786	-0.03189823	0.04163471	0.01122221	-0.16921168	0.03361356	-0.07652026	-0.06631142	-0.12309682	0.03248770	0.17968945	0.05013757	0.07944480	0.06081159	-0.12383070	-0.01916094	0.05474672	0.09605375	0.18451654	0.14788481	0.03804839	0.16283900	0.21478661	0.09826918	0.21693024	0.08688461	0.34331742	0.12810822	-0.00612630	0.04852374	0.24871770	0.07424001	-0.02056013	0.21769200	0.29360502	0.37457358	0.38404304	0.46096603	0.36421411	0.36064173	0.40486769	0.27740433
17Networks_LH_ContB_PFClv_1	0.25923497	0.13832338	0.12331768	0.11275084	0.17413419	0.14234295	0.20595077	0.05904935	0.15811094	0.03185282	-0.07059820	-0.11632973	-0.05834143	0.03919412	0.16887186	-0.00326157	-0.06338393	0.07355658	0.01658645	-0.00476290	0.03956435	-0.09251907	0.07741568	0.17073741	0.03657828	0.03760311	-0.10244544	-0.23750645	-0.07898673	0.02593443	-0.06068831	0.07213740	-0.08311816	-0.05594833	-0.15426139	0.00377908	-0.14922233	0.22173874	0.28960218	-0.00955616	0.05863774	-0.00960833	0.04232483	-0.04444085	0.04976326	0.15238580	0.00909631	0.15076985	-0.13041425	0.03922784	0.01048094	0.05134136	0.01011842	0.01096128	0.02643812	-0.05399073	0.16256875	-0.02974292	0.20950456	0.22876783	0.03798995	0.33504919	-0.02079802	0.24431411	0.02584821	-0.02640740	0.16745022	-0.03756193	0.19682999	0.24766438	-0.02269366	0.14568877	0.05248421	-0.02855584	0.12355450	-0.02349534	0.05047559	-0.07859797	-0.00627603	0.01273858	0.19340298	0.52026862	0.41093119	0.25462335	0.36959492	0.11877998	0.26772415	0.09067486	-0.00831999	-0.05043308	0.09615599	-0.01358936	-0.03196829	0.38284065	0.08987473	0.01013042	0.05187299	0.20467544	0.33331012	0.16518486	0.14990103	0.01503501	0.41569901	0.02917686	0.29638037	0.31179329	0.41620861	0.56571626	0.23125340	0.22559684	0.36742701	0.14519073	0.37006268	-0.08576892	0.08123177	0.06148427	0.00780034	0.15511595	0.09401508	0.03461677	0.18053550	0.37962720	0.34623087	0.50239587	0.35584688	0.12791299	0.33841234	0.64936204	0.03953320	0.22322295	0.69704338	0.64083222	0.14817143	0.48194369	0.37335439	0.51813839	0.63864155	0.37661037	0.47297024	1.12314727	0.61372315	0.46667640	0.41247477	-0.12917137	-0.02069134	0.01895111	-0.05211764	-0.00703719	0.47115993	0.49211998	0.25210170	0.62023903	0.53983990	-0.05154508	0.01598776	0.28075014	0.32462666	0.24905200	0.24644955	0.16452449	0.14477572	0.15698002	0.16996176	0.15158085	0.57191164	0.18747003	0.15212035	0.16663284	0.33912545	-0.00825823	0.70728375	0.34335111	0.30479846	0.34619157	0.30097975	0.38923318	0.38164952	0.02443636	0.32346875	0.32329360	0.22934408	0.72590801	0.22681703	0.39560196	0.45601988	0.48590915	0.65569112	0.42752032	-0.03461262	-0.03209356	0.01083864	0.06418750	-0.01028884	0.05651974	0.00828771	-0.05890316	0.21734432	0.24829987	0.29107408	0.18904179	0.18540474	0.37584019	0.20606926	0.23079983	0.24306745	0.38783297	0.26271606	0.06110246	0.14760436	0.05655697	-0.15021448	-0.01589353	-0.05949945	-0.09621097	0.09262182	0.03447248	-0.10434174	-0.05466008	-0.09971598	-0.00422091	0.01599282	0.09027635	0.09569075	0.02958048	0.05899160	0.03336201	0.04865181	0.02970601	0.10545177	-0.20857132	0.02652602	0.24390261	0.03401794	0.05304954	0.02865078	0.05749853	-0.07809984	0.07143730	0.07773380	-0.09035627	0.16496767	-0.09154386	0.09095808	-0.00043864	0.04959678	0.06017634	0.09096463	0.14792572	-0.00685483	-0.00278318	0.23123265	0.12029412	0.04135149	0.07809637	0.06614993	0.12834111	0.16691363	0.08708163	0.18907784	0.27404437	0.08312503	0.13694329	0.05565362	0.15968015	0.07453550	-0.03586440	0.07873490	-0.14457727	0.01334448	0.06757053	0.00277964	0.11276442	0.42433939	-0.03326379	-0.03165283	0.07686892	-0.05315489	-0.00527995	-0.09487857	0.00902951	0.12114405	0.25315007	0.11686288	0.00317910	0.02813283	-0.02471884	0.05668479	0.34152324	-0.15246555	-0.03918812	-0.02087270	0.06326237	-0.11848624	0.14717217	0.07139129	0.10223660	0.02295412	-0.04988930	-0.03793545	-0.14897837	-0.10322737	-0.05082300	-0.08710478	0.00595680	0.27091458	0.20147537	0.20616776	-0.05951837	0.10687960	-0.10202808	0.03672482	0.13343479	-0.00655475	-0.10417194	0.18285807	0.02272041	0.04044839	0.21425380	0.01988772	-0.03225418	-0.03947234	0.04663732	-0.03198160	0.04019790	0.01484363	0.10768839	0.11346664	0.21154079	-0.12834494	0.44337367	0.18320030	0.19350312	0.14352572	0.26535631	0.08276468	0.28212150	0.36709325	-0.12697582	0.20658478	0.05052775	0.07544221	0.04090776	0.11889438	0.32513640	0.20085715	0.27689627	0.14320617	0.27925612	0.32821071	-0.00683914	-0.17496888	-0.19584428	-0.06150737	-0.09797945	-0.12914226	-0.20007699	-0.08492466	0.09965328	0.00871806	0.34289819	0.02246785	-0.07029149	-0.26266878	-0.09567604	-0.11365559	0.09175431	-0.01255184	0.16355341	0.07968863	-0.01549294	-0.00002061	0.18050353	-0.14037198	0.10483951	0.18129536	0.03823274	0.15884915	0.30902631	0.14706830	0.11403812	0.12083313	-0.08546347	0.16005877	0.17177596	0.04416509	0.03647198	0.04816345	-0.18064978	0.01107429	0.07677052	0.07715524	-0.13655760	-0.17101789	-0.08481328	-0.11143439	-0.14250554	-0.19271785	-0.06922004	-0.01630111	-0.11510178	-0.06844314	-0.00044040	0.08905886	0.02096342	0.22121787	0.11509756	0.24836242	0.16199472	-0.04006815	0.03034715	0.24709810	-0.09976035	0.11763451	0.20132152	-0.02116327	0.25673789	0.00953391	-0.11196664	0.08393922	0.05814402	0.09990321	0.11456173	0.13884168	0.09170158	0.03798953	-0.08478974	-0.06951619	0.09375772	0.10795146	0.21443100	0.10104571	0.20342892	0.13541034	0.02349567	0.10160718	0.01169084	-0.00995701	0.01793116	0.07003296	0.06021445	0.26244530	0.03195950	0.05812918	0.11693288	0.12917409	0.05788671	0.21985908	0.04498664	0.33894167	-0.01848263	-0.10540316	0.07950031	0.10714291	-0.03608182	-0.04727304	0.22431402	0.41668098	0.26892683	0.31097690	0.41180403	0.25645755	0.28106973	0.37951520	0.20031012
17Networks_LH_ContB_PFClv_2	0.38345596	0.21276812	0.25710109	0.22135966	0.22476323	0.15058498	0.18698402	0.00694862	0.02239226	0.07686577	0.01016778	-0.10482979	-0.02908022	0.14202969	0.28082228	0.09832686	-0.02401688	0.09866927	0.11574343	-0.05232850	0.16109053	0.01638592	0.11066689	0.16407337	0.02068529	0.14222614	-0.11050663	-0.31645338	0.01621383	-0.03617651	-0.03825245	0.10238281	-0.05452530	-0.07340989	-0.06307919	-0.03456018	-0.09458254	0.33312193	0.27206411	0.05172283	0.10875438	-0.06798071	0.15227322	-0.02353884	0.13258606	0.16189828	-0.13134722	0.11057315	-0.11238505	0.01058073	0.12171800	0.16658764	0.04133963	0.10529721	0.14716772	0.04730281	0.27294927	-0.04232700	0.30296674	0.26566179	0.04126057	0.42413191	0.03300420	0.25178370	0.15725557	-0.05153697	0.04551992	-0.07909934	-0.01017030	0.05379232	-0.10095881	0.05976699	0.00437290	-0.00617175	0.05197778	0.01723275	-0.11592992	-0.11650570	0.02625109	0.07550731	0.28738516	0.40449883	0.37481564	0.20056116	0.22623456	0.10760627	0.17532491	-0.00697853	-0.08430187	-0.02969362	-0.04682241	-0.05895831	-0.03693472	0.19330299	0.10563197	0.05608830	0.14229966	0.25033448	0.39255609	0.20232667	0.16336645	0.18867180	0.46966978	-0.04958136	0.14257950	0.08780377	0.33013186	0.53332241	0.27025060	0.11438688	0.28413667	0.19645331	0.57877668	0.07098629	0.12554745	0.11337611	0.07763717	0.13694919	0.03878553	-0.07555531	0.05403580	0.22547860	0.14475516	0.34624559	0.09464273	-0.03890336	0.22211024	0.28439919	-0.13083037	0.06017591	0.57186820	0.50286503	0.08668776	0.46124151	0.28655581	0.63119053	0.45884559	0.13300707	0.53351843	0.61372315	1.18428920	0.72337460	0.54357014	0.04098633	-0.04605274	0.19445085	0.06587908	-0.04310521	0.52926064	0.65368744	0.61534648	0.49902094	0.56839676	0.20521294	0.32625568	0.35729079	0.41447745	0.45659627	0.47773686	0.45648220	0.34520064	0.34682300	0.56324301	0.41952522	0.88509384	0.40635142	0.15432504	0.38242020	0.44933927	0.07533038	0.53969189	0.40453320	0.36957682	0.49822674	0.58911756	0.51871710	0.56344613	0.06181686	0.36605995	0.40660279	0.36408586	0.74824672	0.22622009	0.24065879	0.45826552	0.39785585	0.40267657	0.45894776	0.02733706	0.15086733	0.20697153	0.10789942	-0.05857176	0.03871157	-0.19110469	-0.07941058	0.10431882	0.07085859	0.14030944	0.05794152	0.21629943	0.39075100	0.40970074	0.33689693	0.28022588	0.40271254	0.38609856	0.06652618	0.02165955	0.11067314	0.06332597	0.09884474	0.00074960	-0.04817917	0.22320208	0.11983456	-0.07311417	0.00279707	-0.11337554	-0.04481971	0.17657620	0.03825380	0.15047848	0.09583160	0.19031336	0.06515431	0.12377770	0.03580860	0.25329826	-0.21145609	0.05651753	0.13301205	0.13105072	0.06201140	-0.06461169	0.03727357	-0.02181402	0.21678896	0.13908441	-0.15122299	0.23811178	-0.02185494	0.07513553	0.07912791	0.10323003	0.00211057	0.10494837	0.07096925	-0.02318995	0.02094293	0.19795601	0.07138018	0.14913376	-0.04339171	0.03485714	0.11095395	0.30246169	0.13793618	0.08189414	0.26386089	0.25652700	0.08389937	0.01998786	0.24092329	-0.01064145	-0.11713139	0.00915435	-0.14839508	-0.04184237	-0.06442999	0.01480619	0.06776873	0.27561210	-0.05118924	-0.12588080	-0.03650196	-0.06144267	-0.15961709	-0.02267954	0.03710405	0.12946073	0.19803326	-0.01172943	-0.06725380	-0.10098854	-0.15482624	-0.22201996	0.21328639	-0.18964944	-0.13337981	-0.07049742	-0.06169232	-0.18462358	0.03648982	-0.15675229	0.18094060	-0.01152145	-0.00893351	0.00306161	-0.07976928	-0.08753536	-0.01767732	0.00656385	-0.09312792	0.01005766	0.08403023	0.30107645	0.16865749	-0.00681791	-0.25697345	0.17055867	0.11063190	0.12999952	-0.06489647	0.18260181	-0.07883614	0.15320359	0.27790969	0.06068917	0.15143592	0.01469899	0.17372027	-0.04605314	0.18923790	0.00321016	-0.04647121	-0.03617254	0.03819325	0.12226070	0.39684326	0.05190763	0.14208833	-0.08176518	0.17306896	0.07422698	0.28771031	0.22100928	-0.20131263	0.14261834	-0.11766727	-0.02749676	0.14802530	0.28386266	0.43351991	0.17220470	0.02743112	0.11182076	0.12566690	0.55881344	0.13261895	-0.08738384	-0.14251700	0.30792477	0.02896425	-0.08638473	-0.04191479	-0.03246265	0.35744996	0.21910097	0.36207286	0.23555709	0.21680370	0.08305019	0.14791598	-0.00819585	0.21163403	0.28161402	0.31116598	0.37034714	0.23908240	0.36899892	0.29611867	0.09640476	0.14459872	0.07884583	0.11176591	0.29654859	0.37438161	0.40102105	0.16554370	0.23953180	-0.08652025	0.07515744	-0.02297838	0.32581966	0.27545682	0.12646764	0.05066541	0.00285954	0.09277572	-0.05067260	-0.02940707	-0.01463719	-0.06119030	-0.11619783	-0.21084045	-0.19226131	-0.16860491	0.12195562	-0.13546293	-0.00295477	0.08270321	0.03763020	-0.02504418	0.22890599	0.01198120	0.08068599	0.16958295	0.00032302	0.04382181	0.22429350	-0.12901156	-0.07404663	0.10272034	-0.01841197	0.12829776	0.06820150	-0.02303553	0.07824235	-0.06225626	0.16192130	0.06111833	-0.02919365	0.09317900	0.13397733	-0.01262358	-0.06929769	0.07037390	-0.08316546	0.12935581	0.07898801	0.04239571	0.17062612	0.04557808	0.10544784	0.00812014	-0.06140809	0.02006891	0.13601006	0.05650242	0.34784514	0.18225419	0.17171157	0.23187451	0.26717279	0.17385558	0.20146611	0.10345110	0.30558790	0.05522820	-0.04634795	0.09770412	0.15748678	0.02530920	-0.04303293	0.22337171	0.34877589	0.37351114	0.50200978	0.53235016	0.43933092	0.48157595	0.58695672	0.40335284
17Networks_LH_ContB_PFClv_3	0.36991500	0.10592280	0.18578443	0.16371878	0.29791500	0.15709618	0.22562951	0.05701390	0.12697044	0.28630207	0.11752628	0.00192799	-0.03036736	0.14667653	0.25623532	0.00448291	-0.09550538	0.14609463	0.13248413	0.00504571	0.24554526	0.12535454	0.21032667	0.22051377	0.05980750	0.08215510	-0.10018780	-0.26420518	0.01030318	0.00580714	-0.05700424	0.05919823	0.01657570	-0.01498362	-0.03362790	-0.04431124	-0.07377714	0.22098145	0.28314478	0.13677254	0.12320677	-0.08075965	0.17906902	-0.03736965	0.22433839	0.17337176	-0.05681507	0.13723117	-0.14816736	0.00382650	0.17809889	0.19531439	0.09549299	0.11735633	0.17522086	0.05199286	0.27902253	-0.01389483	0.33292424	0.21857829	0.11880802	0.34133422	-0.00615535	0.21073322	0.19615292	-0.00269604	0.00619125	-0.08387935	0.15867983	0.06446721	0.00408322	0.14732610	0.02676070	-0.00207705	0.01640574	0.01951212	-0.12641335	0.00733831	0.21088883	0.18670802	0.20783007	0.39636943	0.28787389	0.18439082	0.22044026	0.18575572	0.31069108	0.06819725	0.00610397	0.01977598	0.06191939	-0.02639264	0.03365134	0.24038548	0.14068024	0.19618955	0.24068913	0.26102359	0.38475879	0.09528667	0.46603040	0.40360312	0.48506557	0.10597921	0.19996154	0.20409944	0.28225679	0.47430502	0.18090079	0.00102139	0.09141268	0.11837407	0.41290690	0.04543638	0.00122584	0.08545521	0.01563719	0.06238942	-0.02402984	-0.10138147	0.05331809	0.11271996	0.31384880	0.30253229	0.16272260	0.05117610	0.32149021	0.24002157	0.01779966	0.04690357	0.38947415	0.29821401	0.20112841	0.38691825	0.14333493	0.53260976	0.50727115	0.18628037	0.36247194	0.46667640	0.72337460	1.15147924	0.44760991	0.02678048	0.04549824	0.24403645	0.18034806	0.14341160	0.35367059	0.36599562	0.47458907	0.48287737	0.43959815	0.02952136	0.09096097	0.22222829	0.44621771	0.33736644	0.40813612	0.42240725	0.08239334	0.15339830	0.46296443	0.30931265	0.81233535	0.42942210	-0.02514369	0.25350247	0.18872917	-0.10215839	0.37897874	0.27767966	0.21636415	0.42200156	0.41688593	0.39808669	0.67133993	0.04199692	0.31590336	0.45657015	0.31099479	0.61730157	0.14093166	0.10739881	0.24384242	0.30121392	0.36158360	0.23312233	-0.12155002	-0.16852772	-0.06333657	0.06346343	-0.14769166	-0.01728273	-0.12491121	-0.05945207	0.13274558	0.13481574	0.18383243	0.14329604	0.18099339	0.31916426	0.33524033	0.26702349	0.20874314	0.35271809	0.30651897	0.10902601	0.13121303	0.17166238	0.13456683	0.22003884	-0.07766991	-0.16170117	0.16332289	0.11900348	-0.15430622	0.04426831	-0.02611707	0.11221534	0.22100467	0.14072212	0.24160768	0.07399263	0.13931014	0.02754004	0.10094599	0.01109141	0.13688910	-0.21557809	0.12254569	0.25539739	0.08237158	0.03198577	-0.06385549	-0.04710744	0.00125275	0.22169162	0.17386685	-0.28983403	0.25039211	0.07885750	0.13773406	0.00045188	0.07961115	-0.01730093	0.08606571	-0.01523451	-0.05722070	0.01391800	0.16357294	0.08575919	0.09253870	0.04033993	0.04574688	-0.00357553	0.23785464	0.05830264	0.13581229	0.18344692	0.19071954	0.11720660	0.07811083	0.30426691	0.06250023	0.08024986	0.10165534	-0.05640474	0.03513264	0.11147931	0.03375778	0.11410327	0.26495620	-0.07806108	-0.08381951	0.00228579	-0.06527192	-0.10960855	0.15845479	0.11015934	0.12948956	0.22428493	0.01850887	0.04615705	0.01921813	-0.06897734	-0.13079509	0.32820441	-0.08366507	-0.00235266	-0.05185690	0.04750369	-0.10119614	0.09692690	-0.07499541	0.22657435	-0.00663274	0.14542045	0.06718202	0.08094699	0.00678475	-0.05414864	0.22540502	0.09576850	0.06334833	0.23438181	0.46694269	0.41901964	0.14817806	0.04702578	0.31337063	0.33173523	0.08242201	-0.07417839	0.00803021	-0.15478114	0.05720315	0.15620110	-0.03401992	0.09465844	-0.09617506	0.06851163	-0.04154046	0.13924539	0.00811874	-0.15837840	0.05893201	0.13606718	0.01121382	0.31017389	0.09392350	0.19572782	-0.01192791	0.23563326	-0.01041536	0.21269491	0.10134080	0.07473457	0.30380127	-0.00099873	0.16857850	0.29841482	0.33340344	0.33514172	0.19899541	-0.08547155	0.07314159	0.21654220	0.52164503	0.24709669	-0.07389729	0.05500659	0.19349080	0.09410155	0.13833099	-0.03935856	0.01494938	0.20404948	0.23254322	0.34734664	0.21013917	0.14579291	-0.04929124	-0.04213159	-0.00320273	0.18670415	0.14225365	0.01127955	0.29711519	0.11930318	0.27496802	0.49938188	0.27140973	0.13648981	0.08038567	-0.05312506	0.41757301	0.28922902	0.31841664	0.24194898	0.20796553	-0.12282059	0.20093647	0.15540310	0.09741733	0.12675032	0.00266826	-0.17675389	0.04793406	0.01610481	-0.10782513	-0.15529693	-0.05145705	0.03112230	-0.12849807	0.00198671	0.07473095	-0.00173139	0.24113526	0.11487606	-0.09662723	-0.00934325	0.00154815	-0.06823554	0.16488147	0.03102585	0.07189403	0.12111993	-0.02488570	0.00636248	0.11848652	-0.11915016	-0.06491671	0.01671552	-0.01047829	0.19231989	-0.09337378	-0.07753085	0.05194241	-0.11936359	0.07891819	0.03340300	0.03347778	0.10521583	0.09089038	-0.02857376	-0.01881182	-0.00576254	-0.08732024	0.02297418	0.15615101	0.14523366	0.11257605	0.03788621	0.07748798	-0.00251478	-0.00609154	0.07971951	0.17637450	0.00641170	0.22232598	0.17091058	0.15410931	0.18783905	0.21045927	0.08847391	0.23850855	-0.00854173	0.20375896	0.01459008	-0.09676782	0.04192429	0.27417253	-0.02525238	0.02244416	0.29058810	0.28646944	0.36700254	0.37857173	0.33475111	0.24452894	0.39345966	0.51437372	0.32383830
17Networks_LH_ContB_PFCmp_1	0.31557930	0.27142693	0.22405887	0.19966374	0.12639726	0.23175082	0.16932100	0.11224226	0.17642256	0.07962867	0.14142547	-0.06709185	0.20293350	0.23296729	0.26269893	0.33082620	0.01155494	0.15129072	0.18933418	0.11646332	0.16664712	0.15175089	0.15826469	0.36864495	0.39233009	0.34417164	0.23900866	-0.01318081	0.29848624	0.27830318	0.29636479	0.34882523	0.14292578	0.08468818	-0.00610270	0.24679086	0.00606323	0.39859463	0.41874713	0.29379466	0.30155850	0.08074923	0.33149144	0.17122940	0.42448033	0.28745489	0.08694361	0.43367533	0.01459841	0.22951914	0.42197402	0.44292297	0.47237334	0.35354116	0.30947361	0.20739711	0.48939154	0.17511034	0.48876256	0.14092488	0.13518184	0.25470914	0.10505010	0.14168218	0.01033705	-0.05474739	0.01136761	0.02364521	0.04471963	0.11447858	0.07885333	0.08335355	0.12647273	0.20307968	0.16022705	0.24384687	0.02023016	-0.02104162	0.04929361	-0.03366088	0.32342192	0.64454891	0.36188058	0.39487158	0.47335118	0.39365906	0.39780612	0.10108440	0.02187848	0.17683056	0.10772072	0.10344805	0.34243370	0.41229899	0.47873615	0.15523324	0.33784306	0.58746970	0.76856498	0.39596751	0.13364563	0.18743807	0.22452135	0.11609741	0.35409840	0.04100520	-0.03319349	0.60953342	0.18768851	-0.02060610	0.15418424	0.34011729	0.61374955	0.18315677	0.17345324	0.18352184	0.17521656	0.04391500	-0.02713573	-0.14258003	0.07760216	0.01061224	0.22696096	0.18314779	-0.04701930	0.02428051	0.29258321	0.18108890	-0.26464946	0.18041116	0.45278980	0.56006982	0.24850229	0.18027694	0.09411331	0.51942341	0.34508875	-0.02482062	0.28270950	0.41247477	0.54357014	0.44760991	1.27103787	0.01651461	0.00402679	0.06251859	0.11938486	0.06937913	0.59246243	0.49565895	0.50046322	0.36776144	0.32901415	0.12089364	0.20311780	0.12244639	0.30485709	0.58260797	0.26820507	0.40732648	0.43458562	0.46701503	0.74997300	0.64790149	0.59484331	0.62678326	0.18112355	0.49219912	0.48115024	0.22213571	0.38021011	0.43234452	0.31668310	0.51399411	0.79788063	0.33779395	0.46601231	0.15762345	0.21512958	0.65969586	0.32363921	0.63386508	0.44898571	0.13293843	0.59660131	0.46598678	0.44093363	0.27565430	0.09591517	0.17680985	0.24251184	0.09791601	0.07578851	0.10307680	0.01563011	0.20763523	0.25220856	0.15532418	0.05803055	0.17896940	0.18166164	0.18186130	0.41096448	0.06383031	0.06722408	0.28790581	0.26561753	0.28412467	0.10112150	0.21399895	0.07857062	0.10036611	0.18625725	0.02506420	0.21576759	0.28837908	0.03273424	-0.02594318	0.06385092	0.25533973	0.13099728	0.20465056	0.24463813	0.41122804	0.46701535	0.47693742	0.25757319	0.43933777	0.45940328	0.08651457	0.10074369	0.25110513	0.27707311	0.30554843	0.19040118	0.39155635	-0.04266225	0.38390941	0.25004010	0.08915554	0.29835553	0.12422996	0.29028155	0.02249025	0.32920054	0.32639250	0.32454653	0.27774997	0.23050110	0.17976867	0.42930022	0.36719460	0.40543520	0.16111224	0.26941772	0.36085844	0.51472310	0.35688475	0.17498264	0.08610614	0.16714384	0.15974422	-0.11110724	0.17482417	0.08638952	-0.15195210	0.11748329	-0.09468495	0.08930166	0.10045339	0.12487356	0.09521524	0.12261038	0.22257576	0.29360957	0.11949872	0.20213825	0.06261619	0.12049132	0.18032418	0.26855791	0.34021580	0.16444273	0.13759760	0.25159223	0.13992791	0.10370961	0.50381958	-0.13339517	-0.10201426	0.08434974	0.23550606	0.12000815	0.30149212	0.10113038	0.56111857	0.35262655	0.11428986	0.36063640	0.04394338	0.05975630	0.23761343	0.08822308	0.14579137	0.04577837	-0.07014346	0.24826827	0.15594382	-0.05479968	-0.02080925	0.33924111	0.35458052	0.11181826	-0.10272812	0.19218446	-0.18105526	0.21239109	0.32063047	-0.00959255	0.33661656	-0.00739400	0.26505160	0.02847364	0.17656006	-0.04501346	0.07677574	-0.03524439	0.08509981	-0.07318368	0.36523501	0.26095103	0.20187622	0.14933774	0.32494437	0.15561086	0.15580025	0.06625542	-0.19929050	0.02709329	0.03433726	-0.08002948	0.00826194	0.29183304	0.43014035	0.06626584	-0.05612290	-0.11995812	-0.01338208	0.37604453	0.65004039	0.05220336	0.02645339	0.13887926	0.25357993	-0.12951672	0.03028292	-0.01474304	0.41017170	0.15680925	0.22589601	0.10847513	0.07188243	-0.00458832	0.07383358	-0.06483419	0.29991826	0.23495046	0.28337786	0.29262545	0.30909883	0.53111293	0.15451008	0.23754386	0.10406478	0.11097392	0.20179335	0.52623393	0.35985321	0.69133207	-0.00156203	0.33257532	-0.15790833	0.22175728	0.18180475	0.29097882	0.16152143	0.19107677	0.08296432	-0.08337176	0.09717192	-0.13123821	0.12438748	0.10967523	0.25308560	0.15090399	-0.19094808	0.12331903	0.15304832	0.18487557	0.00482740	0.10538916	0.17702297	0.07197098	0.06376852	0.28165280	-0.02012225	0.25178605	0.32336704	-0.09741377	-0.10222851	0.29739937	-0.04069924	0.05827628	0.34093071	0.13284945	0.34062594	0.06348250	0.00357010	0.06073872	-0.04858821	0.22744733	0.18027496	0.23261509	0.14775045	-0.09953763	-0.21349369	0.06998733	0.00151394	0.02662878	0.26544097	0.16829997	0.25919807	0.05822791	0.16332828	0.24735765	0.03327344	-0.05073288	0.08636347	0.16405143	-0.01710666	0.24895803	0.08582593	0.07177758	0.16208755	0.04722235	0.10231002	-0.06762957	-0.13596466	0.13900834	0.12057971	0.13400393	0.08456158	0.05482376	0.12464353	-0.09210398	0.18718467	0.24265109	0.28210892	0.45077872	0.34709105	0.38762450	0.37804637	0.45595095	0.28537792
17Networks_LH_ContC_pCun_1	-0.09503437	0.03199614	0.01276081	0.07954332	-0.03049211	-0.11082555	-0.02149406	-0.08343798	-0.04184760	0.07971222	0.10544098	0.06660476	0.06009986	0.16936948	0.10937514	0.19342298	0.06865692	0.21819714	0.19910014	0.09927018	0.21337429	0.15376653	-0.00964848	0.26055959	0.17369315	0.14234810	0.15370766	0.10348255	0.23164027	0.19249729	0.18763031	0.20209045	0.28800362	0.29897777	0.20633724	0.19565719	0.22792182	-0.06005996	0.10516015	0.10639024	0.30804807	0.18524108	0.12603331	0.06944560	-0.10272620	-0.06253851	0.05566731	0.05918125	-0.01376162	0.12443979	0.12392254	0.08923142	0.03604161	0.01404357	0.12417268	0.09506834	0.06382005	0.14516139	0.13242132	0.02932255	0.02656160	-0.03625136	-0.05035838	-0.15362508	0.11155822	0.10659270	0.12015824	-0.01992066	0.05961322	-0.07983957	-0.00037308	0.17210805	0.05277538	0.15358817	0.00485912	0.16650040	0.09928571	0.28114402	0.18750347	0.23393981	-0.17452368	0.20623827	0.23479669	0.20598235	0.12612200	-0.01089925	-0.05463314	-0.07823756	-0.01520426	-0.08391010	-0.04291295	0.00069584	0.06844922	-0.17478032	0.00303825	0.14414625	0.00414135	0.10891479	0.07753221	0.14251567	0.00939781	-0.00893495	-0.09952768	0.13502003	-0.05548723	-0.10665910	-0.03590442	0.13985517	0.03918745	0.04231208	-0.08086709	0.03030507	0.28997648	0.01099629	-0.01493736	-0.05449456	0.06551464	-0.02892599	0.00397237	-0.08019228	-0.15149605	0.29889471	-0.17779229	0.20319389	-0.16119387	0.03158091	-0.01519866	-0.36415372	-0.16896644	-0.19425746	0.15083864	0.06630059	-0.01968946	0.00378043	-0.13142383	0.26372182	-0.08292513	-0.13019203	0.23588856	-0.12917137	0.04098633	0.02678048	0.01651461	1.14829959	0.51751920	0.35992969	0.33674274	0.32997037	0.13899904	0.18746101	0.20848945	-0.11716860	0.06846678	0.34097980	0.54738186	0.25554487	0.23264296	0.12373951	0.64638503	0.45471705	0.16181451	0.18498793	0.09312628	0.07666105	0.07496112	0.20931910	0.00543851	0.16766168	0.12393630	0.11670326	0.04418226	0.15803555	0.05430759	0.26393390	-0.01943307	-0.10663072	-0.03510848	-0.04020046	0.06728634	-0.01767916	0.14351178	0.14187731	-0.02401444	-0.11243776	0.04490112	-0.16965847	-0.08522329	0.16299760	0.14191571	0.32172644	0.46040943	0.07504745	0.13366613	0.13045242	-0.00320363	-0.04891179	0.12799224	-0.14804723	-0.22196462	-0.21871155	0.06347266	0.09274427	0.15400422	-0.02481183	-0.06493122	0.06150195	0.13101805	0.11178617	0.03600786	0.05139404	0.20031038	0.15573750	0.05942270	0.20896230	0.01517122	0.08884727	0.11342565	0.09848524	0.12583836	0.14401461	0.22050359	0.19210355	0.11478321	0.12131673	0.10067817	0.09085596	0.22107329	0.24899830	0.28982419	0.29783521	0.18246195	0.20084990	0.32776055	0.03332284	0.24896393	-0.02661870	0.22504844	0.25817252	0.13245081	0.18275531	-0.03808110	0.01113416	0.02157303	0.00529651	0.08556015	0.00786349	0.19063500	0.00598658	0.02214501	0.17057367	0.06040790	0.09431778	0.14527599	0.12835977	0.03666517	-0.05200138	0.04515770	0.05850398	0.09801592	-0.08108086	0.15745518	0.08548229	0.10186264	0.23367766	0.01076917	0.17951343	0.24539588	0.06583274	0.16790179	0.06799853	0.18833854	0.21049714	-0.13518536	0.14871417	0.15948305	0.13021718	0.15237340	0.20305565	0.13913561	0.19093066	-0.04448268	0.17284035	0.12776491	0.03371351	0.04614953	0.06841734	-0.06827205	-0.14332663	-0.03867717	-0.01777427	0.08378193	-0.00608899	-0.03216201	0.11025565	-0.11749179	0.14464500	-0.01567612	0.24381230	0.02851493	0.17369178	0.05265953	0.09606660	0.13293256	-0.01195827	-0.22932940	-0.06460270	-0.02619701	0.16887448	0.11432736	0.06640705	0.18036032	0.14111596	-0.00808557	-0.06228313	0.02973303	-0.07348349	0.03852175	0.13635121	0.00830352	0.02237262	0.11961718	0.05734177	0.02564297	0.05836395	0.16780124	0.12192824	0.09657502	0.05363943	0.45777687	0.04290250	-0.13176647	0.16333716	-0.11741525	0.06658721	-0.02019065	-0.04511622	-0.01979730	0.07963284	0.18982926	0.02334482	0.25190861	0.12443886	0.10247844	0.17491959	-0.04353892	-0.07488589	0.01960588	-0.08544161	0.07936152	0.00997302	0.80684412	0.67412648	0.56111877	0.34478501	0.55228362	0.47986070	0.41434111	0.19231963	0.29347465	0.14825349	0.16470565	0.35299376	0.39262930	0.63482937	0.40142890	0.07390403	0.46498252	0.18165821	0.12863052	0.17516210	0.18777530	0.03806905	0.01731873	0.16708606	-0.04042020	0.22077323	0.01141160	-0.09812254	0.07782700	0.00873265	-0.09281126	0.02004106	-0.00967210	-0.03366668	0.22709438	0.43319757	0.35782208	0.64112684	-0.04707092	0.26722266	-0.03595158	0.31942625	0.33253441	0.22797480	0.23890348	0.09902913	0.02124860	-0.04595001	0.21562364	0.01372450	0.06455227	0.20378341	-0.01296459	-0.11604950	0.08439687	0.08851936	-0.01167573	0.18606900	0.12672105	0.22413401	-0.01735227	0.03565645	-0.04681832	-0.03099983	-0.03812738	-0.02406569	0.10887981	0.29081089	-0.05118200	-0.09317512	-0.01733710	0.07158380	0.04406304	0.09771048	0.09109018	0.20183800	0.05082604	0.03928582	0.05563669	-0.01062168	-0.06351869	0.12716489	0.14188798	0.09166249	0.11341362	0.14669938	-0.13674492	0.14508310	0.10167482	-0.00105108	0.02454004	0.12017804	0.06015712	0.12647372	0.09690575	-0.02878124	-0.04268342	-0.01798805	0.08843560	0.19558752	0.18420942	-0.04493405	0.03006834	0.15211773	-0.03121702	0.06438263	0.11897834	0.15826092	0.17405652	0.05624153	0.17996790	0.04216276	0.03821343	0.09362813
17Networks_LH_ContC_pCun_2	0.02746997	0.04291157	-0.01091587	0.04747056	0.07899477	0.04979350	0.05049770	0.13983642	0.10401881	0.11645459	0.17622725	0.18041811	0.00894373	0.13981638	0.13087006	0.05658038	0.07593533	0.19161119	0.18499109	0.20071717	0.14755364	0.19207021	0.14419922	0.29526633	0.15568806	0.10607957	0.24961437	0.20376324	0.27686325	0.16359093	0.14854574	0.12842469	0.27399758	0.26903852	0.28643826	0.20273288	0.10455075	-0.12890167	0.12172275	0.24702184	0.30113727	0.12036776	0.13048084	-0.05083425	-0.04205499	-0.08998891	0.17103272	0.07124657	-0.10139408	0.21226257	0.18410758	0.17971540	0.10493629	0.08365552	0.12134558	0.09228538	0.06631708	0.15825974	0.18177114	-0.07428369	0.16650462	-0.10195603	0.05063055	-0.00671391	0.29915898	0.15103499	0.28671298	0.19929023	0.35909923	0.23732640	0.31229380	0.25818892	0.09837829	0.23595034	0.17517903	0.17416524	0.19534979	0.32020298	0.43428225	0.25302628	-0.12154018	0.24371342	0.19080486	0.18008966	0.21680353	0.08712395	0.16104176	0.07975447	0.20233151	-0.02347461	0.08711204	0.10119018	0.11493138	-0.00137315	0.22951061	0.17996655	0.21055700	0.09012202	0.13380135	0.03460456	0.16519752	0.13210753	-0.04899765	0.21887278	0.13026961	-0.08754630	-0.05160159	-0.01780434	-0.00901173	0.05801240	-0.02503537	0.03538504	0.09192110	-0.08445828	-0.03339011	-0.00187919	-0.02990102	0.05412858	0.02848770	0.03679175	-0.04196222	0.22107070	0.20132350	0.24424909	0.13884835	0.26907178	0.20966816	0.01180215	0.10658912	0.06390023	0.13324460	0.03948275	0.08993029	-0.03965972	-0.12867615	0.10683615	0.04994952	0.16799877	0.11339823	-0.02069134	-0.04605274	0.04549824	0.00402679	0.51751920	1.02144706	0.43370226	0.14426713	0.22504882	-0.04723283	-0.07316292	0.03990127	-0.02548715	-0.00299140	-0.06371566	0.07227392	0.02096985	0.02602659	-0.01193180	0.31944609	0.24388397	-0.05082488	-0.10235650	0.01055271	-0.06903907	-0.07748996	0.03161941	-0.02773750	-0.04255043	-0.14875516	-0.08787729	-0.07192454	0.03906145	-0.00419292	0.08422587	-0.13350672	-0.13884513	-0.01236487	0.01221840	0.01218523	0.05496294	0.01843364	0.06611184	-0.03762224	-0.01681391	-0.01851340	-0.04702614	0.07495290	0.02649722	0.07094628	-0.03146107	0.18391308	0.18892284	0.15220364	0.18279401	0.15062560	0.00517150	0.08457998	0.05455761	0.03268861	-0.01042317	0.05611236	-0.02026045	0.12147158	-0.09128094	0.02259608	-0.02041951	0.05275923	0.17402365	0.15254642	0.09129158	0.15051526	0.15723810	0.00545448	0.11432721	0.00068826	0.00004198	0.01574959	-0.06069804	0.14996482	0.19998009	0.12519409	0.19823729	0.14990788	0.15283732	0.10763527	0.15557253	0.12297910	0.21401474	0.25702894	0.16981720	0.16300471	0.31799651	0.20031882	0.13783269	0.32596534	0.04780078	0.13679464	0.19381660	0.18117418	0.08119321	0.08310014	0.16468451	0.11648875	0.02463546	0.06338065	0.02825451	0.17712107	-0.01460557	-0.00130838	0.04273172	0.03562682	0.16709863	0.14935480	0.14472064	0.08187854	-0.04504105	0.03800483	0.00872068	0.29366422	-0.03971832	0.01306420	0.19420155	0.12660156	0.33022420	0.25591051	0.31705703	0.44639873	0.25910745	0.43799902	0.36942511	0.22303165	0.34226093	0.02416317	0.13111243	0.28391214	0.30312295	0.17416939	0.26663017	0.33309581	0.23168964	0.04289759	0.24772662	0.31057194	0.28113262	0.16251842	0.08931080	0.17078630	0.07303635	-0.02352478	0.09392502	0.13167168	0.13742570	0.10227128	0.14931157	0.16482882	0.13842205	0.13731261	0.23092628	0.03521363	0.30762472	0.13613937	0.09118931	0.22731688	0.20525501	0.07261727	0.15097762	0.04565550	0.17774623	0.18741042	0.27354913	0.03903778	0.21431118	-0.03864252	-0.05741948	-0.03391701	-0.02762726	0.04260535	0.01019049	-0.02132493	-0.06096179	0.09682819	-0.02854625	0.08397334	0.05730269	0.24471744	0.21181004	0.25548887	0.28691516	0.22415370	0.09989635	-0.01685298	0.26474671	0.18396694	0.09677737	0.04151397	-0.09441137	0.05267148	0.25194446	0.28406678	0.23490100	0.37441719	0.14146368	-0.01612673	0.08574962	-0.01402735	-0.03809606	-0.03007736	0.10694868	0.08190532	0.09293501	0.59457135	0.59485195	0.21081914	0.30380438	0.65751836	0.23704098	0.23339663	-0.06659458	0.10861054	0.05386263	0.08983814	0.05985841	-0.06509316	0.20629943	0.09165832	-0.02282615	0.08277992	-0.10156369	-0.02927445	-0.06324069	-0.07799868	0.05807010	-0.06973716	0.12061369	-0.00425384	0.07817572	0.01842203	-0.14921545	0.03748100	-0.03068580	-0.04015795	-0.02521709	0.10591242	0.10548302	0.01523832	0.26121846	0.14676154	0.20519088	-0.03672016	0.27475069	0.03337987	0.08472634	0.16191063	0.22719409	0.08553440	0.15486540	0.18413126	0.15463589	0.16311548	0.19113002	0.05853369	0.02401717	0.02312023	0.03827060	0.03704092	-0.00217277	0.04730481	0.08245778	0.07055483	0.08826576	0.09528204	-0.00189032	0.15252538	-0.08226066	0.01825922	0.09968302	0.03952756	0.13346765	0.04920196	0.04369533	-0.04384589	-0.00301288	0.00693254	0.03230001	0.02730315	0.17250029	-0.01095475	0.03773541	0.11816916	-0.07595796	-0.07748322	0.10253310	0.05711895	0.06679531	0.06126778	0.08289876	-0.01328901	0.15505209	0.06280174	-0.07189422	0.03201798	-0.02277725	0.04653013	0.07838995	0.02135312	-0.07284560	-0.01019919	-0.14626472	0.06211385	0.09954731	0.03232104	0.01290887	0.08973679	0.12778967	0.07393777	0.13834109	0.10756921	0.06774522	-0.00351328	-0.09061621	-0.00633178	-0.03487828	-0.04460693	-0.03242281
17Networks_LH_ContC_pCun_3	0.03791740	0.05315906	0.11061594	0.16851610	0.17184683	-0.00830489	0.13003027	-0.01881404	0.04562400	-0.02876481	0.08586877	0.02687327	-0.04883154	0.05923761	0.12835930	-0.00430142	0.09981667	0.09558540	0.14201454	-0.03603532	0.18044552	0.01198054	0.11027511	0.18468884	-0.13158620	0.01344648	-0.07344834	-0.01411446	0.03976090	-0.08278354	-0.13771229	-0.16790267	0.02738885	-0.03277029	0.16915781	-0.03546570	-0.05786985	0.02724636	0.10415234	0.02519682	0.15144830	0.01644009	-0.00764878	-0.14258645	-0.13193381	-0.03177871	-0.19894669	-0.12586078	-0.09639534	0.07117578	0.00747304	-0.08456190	-0.10839201	-0.18311286	0.04087726	0.06728484	0.06840459	-0.01484700	0.10466713	0.03860521	0.04962914	0.05302897	-0.00355681	0.12683107	0.42579919	0.04175587	0.35844922	0.23832912	0.19054528	0.09442216	0.27419937	0.22100872	-0.14075305	0.01685998	0.11464639	-0.01973340	-0.02250793	0.11943122	0.36018006	0.17579694	-0.07902813	0.23238814	0.40038562	0.31788159	0.03859101	-0.05934514	0.07916614	-0.11904504	-0.10067537	-0.15427266	-0.30482535	-0.31147031	-0.18899220	-0.20380342	0.06161615	0.09482470	0.31771419	-0.12860419	0.04386838	-0.02842158	0.01948622	0.16455939	0.21430624	0.05308925	-0.14728462	-0.09700075	-0.00672677	0.00067687	-0.10396140	-0.00725621	-0.04246296	-0.00164713	0.08392238	-0.16605339	-0.08386759	-0.15091388	-0.09350399	0.05920693	-0.03651309	-0.12065127	-0.06598267	0.36415084	0.08013627	0.33496669	0.00443800	0.15487332	0.15764017	-0.07248896	-0.04536211	-0.07457881	0.24652890	0.03941410	-0.09575426	0.01442414	-0.07369077	0.28921571	0.06575144	0.08902658	0.39176540	0.01895111	0.19445085	0.24403645	0.06251859	0.35992969	0.43370226	1.29878949	0.08007005	0.15375734	0.16115030	0.24740852	0.48433591	0.12594678	0.25492928	0.27363495	0.42296838	0.30902421	0.06600705	0.05258649	0.66001957	0.63918224	0.11400838	0.00932244	0.15686649	-0.00596577	0.26617984	0.04162004	-0.02344510	-0.07474797	-0.13035834	0.00724053	0.00719608	0.02233310	0.25202925	0.33963107	0.07617108	0.17361548	0.17926405	-0.06383799	0.10117905	0.10504641	0.17729193	0.26918789	-0.08061853	-0.09840080	0.05504143	0.13851009	0.01703427	0.39092642	0.02871986	0.19253812	0.38894127	0.17014402	0.11474276	0.02484936	-0.17634438	-0.08281698	0.00551612	-0.18860333	0.03667895	-0.08466752	-0.01378944	0.15081729	0.21773475	-0.02149279	0.10238948	0.30492688	0.14215452	0.06045689	0.19793670	-0.10879207	0.17165946	0.13151555	-0.09840351	-0.00578523	0.01752168	-0.08789664	-0.08098113	0.07625482	0.00123398	-0.03921134	0.14258212	0.01492652	0.02979385	0.02659594	0.01813077	-0.10815445	0.02744934	-0.15745840	0.12751694	-0.11049052	-0.03659285	0.14879008	0.05654572	-0.06999798	0.00467045	-0.03541497	-0.03265147	0.05466369	0.04738837	-0.06965063	-0.01528548	0.07789720	0.11310049	-0.03453471	-0.13266122	-0.21271670	0.00855183	-0.14475382	-0.12699662	-0.17752320	-0.17571525	-0.09747651	-0.13273087	-0.14334769	-0.20696274	-0.12510295	0.03638071	-0.07736194	0.12640953	0.06395701	0.19794006	0.02763312	0.11315760	0.52268284	0.16755709	0.16803422	0.34768948	0.14855557	0.31890799	0.07913729	0.00020713	0.21595391	0.00549778	-0.06454311	0.00449331	0.13388762	-0.02277974	0.03125024	0.37040211	0.02224024	0.03463529	0.07130260	0.09576333	-0.02803242	-0.16522536	-0.27493965	-0.10664796	-0.20495463	-0.05728086	-0.09181893	-0.12026018	-0.17513309	-0.23205637	-0.14399886	-0.24570913	-0.10957486	-0.09657961	0.15020468	0.00612561	0.28507462	-0.08288884	-0.15959941	0.13651761	-0.05057592	-0.07279626	0.02473159	-0.00701993	0.31864829	-0.00073889	-0.19175414	-0.11791363	-0.12629291	-0.00992687	-0.08225555	0.01793209	-0.02981191	-0.01076790	0.23537271	-0.01973437	-0.17314415	0.07761861	-0.07917645	-0.00912177	0.05387297	0.26394288	0.08058712	0.06038010	0.13989663	0.39085291	0.04921694	-0.21934008	0.25451014	-0.14135349	0.06281794	-0.11645655	-0.13106438	0.06283354	0.01061156	0.08901280	-0.07182301	0.14946328	0.05785775	0.07891982	0.23080062	0.06160315	0.04589278	-0.01288322	-0.10269588	0.06381254	0.02485642	0.46771659	0.22610985	0.68880510	0.38318469	0.60840880	0.31222867	0.11359953	0.00608154	0.23537850	0.18507426	0.27033153	0.24810740	0.31323069	0.56901790	0.17952497	-0.08230426	0.33571012	0.07643938	-0.03417353	-0.06773424	0.09164542	-0.03598251	-0.22900808	0.01775048	-0.14513881	0.00162301	0.13178438	0.03570666	0.05109074	-0.05508061	-0.05623979	-0.18064353	-0.03388227	-0.07900972	0.35489368	0.57225231	0.24121302	0.42821577	0.12421255	0.26711630	-0.10083442	0.13331846	0.24479634	-0.00954361	-0.09106400	-0.14119036	-0.16647227	-0.17630133	0.13192248	-0.14735798	-0.08685340	-0.03233210	-0.01666863	-0.11839583	0.07266984	-0.04670613	-0.05431706	-0.02817636	-0.19125149	0.00489846	0.02298563	-0.22793273	-0.08216257	-0.20844476	-0.12373740	-0.04500176	-0.05581048	0.13493591	-0.02755629	-0.19239115	-0.06592536	-0.01924884	-0.06035178	-0.11850516	-0.07341429	-0.01685363	-0.08491958	-0.05342420	-0.23722918	-0.25237885	-0.23282238	-0.08516367	0.13999369	0.09292895	0.07787242	0.14630515	-0.02106012	0.16255456	0.23439223	0.09546326	0.13095231	0.20940020	0.11189302	0.15240003	0.17383109	0.06795930	0.13019927	-0.07181590	0.22074217	0.21850916	0.01546414	0.07988505	0.30629242	0.25862950	0.20978089	0.30175501	0.14550386	0.28314744	0.19643533	0.19806504	0.22487955	0.24956274	0.16564672	0.15748661
17Networks_LH_ContC_Cingp_1	0.14677462	0.11999516	0.11463194	0.15282515	0.10795845	0.05241611	0.15054402	-0.04466932	0.09151497	0.11368406	0.10328352	0.10522291	0.10003776	0.17218610	0.21265933	0.06490088	0.00414383	0.10802584	0.11505240	0.01947523	0.13415241	0.07012799	0.06361344	0.13701309	0.18260249	0.16917843	0.12444366	0.10077566	0.19808640	0.12163162	0.14844672	0.14355121	0.28485034	0.21624329	0.13195243	0.20290742	0.16372724	0.04485228	0.16046488	0.22513347	0.26396289	0.07696451	0.21588880	0.07130774	0.12758995	0.20568482	0.04567379	0.14506352	0.11226741	0.01631954	0.14545851	0.13877164	0.12245379	0.05669377	0.14503528	0.11690553	0.19056407	0.15462864	0.21500656	0.14677577	0.09689289	0.19218289	0.04713556	0.04902700	-0.00036864	-0.00909263	0.09656860	0.00676008	0.14298700	0.03231720	0.03211724	0.18243524	0.09054576	0.18821972	0.06590624	0.15994597	0.07216068	0.12314067	0.07693096	0.13609364	0.02984740	0.17492581	0.20938610	0.17460640	0.17501462	0.03186156	0.03952280	0.02015337	0.01555688	-0.01915343	-0.07085998	0.02001283	0.06765142	-0.00725642	0.04480715	0.15413374	0.04637535	0.23620926	0.14653862	0.04764894	0.17719983	0.10860197	0.07892076	0.10740020	-0.00379039	0.02872292	0.00804861	0.19073336	0.19266775	-0.04780572	-0.07427712	0.10297935	0.20737491	0.09899083	0.02500787	0.05921284	0.16316807	0.04143304	0.02778994	-0.08567490	0.04228594	0.13586866	0.06093602	0.19993271	0.11936378	0.09288846	0.17020157	-0.13059382	-0.01274262	-0.03096461	0.07243461	0.07449795	0.10083759	0.13458424	0.01230344	0.20881877	0.15206643	0.05986679	0.15841220	-0.05211764	0.06587908	0.18034806	0.11938486	0.33674274	0.14426713	0.08007005	0.87468278	0.27297621	0.11416779	0.13610921	0.19288848	0.09206384	0.18654949	0.17941913	0.16868819	0.14783549	0.24106214	0.11606110	0.26778646	0.26153765	0.12220450	0.18037896	0.05306551	0.02160671	0.19645440	0.20146603	0.02788633	0.12361779	0.06401876	-0.02008414	0.06472342	0.00487706	0.07318269	0.12532581	0.07047362	0.07263358	0.15959329	0.00065541	0.15975666	0.10430786	0.13268611	0.21616092	0.05638792	-0.04057868	0.02297417	-0.05912302	-0.02583522	0.01378136	0.02888839	0.03702000	0.08500200	0.09153558	-0.00573941	0.03822919	-0.04120579	0.00028040	0.12287402	0.00556639	0.00601881	-0.02928292	0.16008796	0.14202688	0.24431195	0.09676842	0.07177627	0.22826645	0.14172729	0.17198007	0.05861133	0.11590964	0.19496819	0.14590022	0.16132439	0.05069960	0.10882802	0.15838137	-0.01633623	0.15024334	0.06953585	0.17246773	0.12721489	0.08960796	0.12320249	0.15201846	0.14493262	0.16472604	0.11011126	0.15509033	0.23258903	0.11848497	0.17851863	0.10458375	0.22198967	-0.00570426	0.10520441	0.03901583	0.08278025	0.27098516	0.15747555	-0.03603576	0.06131403	0.10587432	0.13024542	0.06223576	0.11156272	-0.05278663	0.11926190	-0.08936737	-0.05790274	0.18196591	0.09254301	0.01297407	0.13510666	0.05435200	0.00979899	0.02826494	0.14855922	0.08817120	0.11221271	0.14714083	0.22764181	0.00366726	0.11821398	0.13460750	0.03148270	0.11122178	0.10949651	0.13844015	0.05622264	0.04432011	0.12504867	0.08716193	0.13614834	0.07751316	0.04054757	0.07905301	0.08260600	0.02045914	0.14924293	0.07958178	0.05679428	0.23428665	0.10643407	0.03812139	0.03198271	0.09642541	-0.10030678	0.05633246	0.10178184	0.04701306	0.07862728	0.11070844	-0.00360339	0.15065359	0.04786909	0.21763229	0.05072226	0.20273618	0.08154945	0.15806734	0.03054356	0.16264603	0.20074360	0.02533154	-0.02717470	0.10007759	0.12238752	0.21680768	0.12421048	0.07674788	0.22713575	0.26719294	0.11425067	0.03692920	0.01754489	-0.03737252	0.02747689	0.11397299	0.04288500	0.08069716	0.05267868	0.06515271	0.07424026	0.11006736	0.14238112	-0.03624316	0.16186012	0.05086896	0.20417437	0.10363960	0.12503201	0.13421806	0.03619366	0.13196977	0.10046298	0.18116236	0.08334600	0.14673246	0.23195117	0.02345652	0.20974370	0.22032539	0.17163428	0.18734807	0.11377939	-0.01132758	0.05636989	0.10016810	0.12662168	0.09207502	0.23699508	0.31683591	0.21034772	0.20196272	0.25712149	0.29097627	0.27258036	0.16304642	0.21336663	0.22641453	0.15937345	0.19496775	0.17906533	0.16696573	0.27676172	0.21983672	0.22014428	0.11777110	0.19512471	0.09024242	0.11990167	0.17460865	0.17223865	0.13785930	-0.01942387	0.04084041	0.12450945	0.11415043	0.13729952	0.11387505	0.12061799	0.05033892	0.10589558	0.11251925	0.13363560	0.17694678	0.16756735	0.19511589	0.07869215	0.15019317	-0.03701440	0.14905236	0.11420953	0.19873374	0.12926278	0.11576237	0.06219873	-0.01518617	0.25176009	0.07915148	0.04240756	0.02264593	0.02536351	0.00318599	0.13439458	0.06099194	0.00315342	0.17701193	0.00643255	0.03123377	-0.01472909	0.07373995	-0.03481269	0.01925826	-0.06397448	0.06477582	0.09310042	0.17472507	0.02055841	-0.07340814	0.10784666	0.04508870	0.08803762	0.03151278	-0.02773332	-0.01849385	0.07116344	0.07968097	0.04319781	0.00159662	-0.06766146	0.12553229	0.22246914	0.18302173	0.22310704	0.04653804	-0.02455701	0.19014369	0.15870791	-0.00974729	0.14693538	0.18150743	0.19704078	0.20592134	0.16486816	0.14837899	0.05687206	0.11310837	0.14422414	0.21499839	0.22829385	0.08655506	0.17465200	0.09294624	0.02793001	0.10367021	0.18803222	0.24442614	0.27170422	0.19527914	0.20675560	0.20606367	0.20702569	0.30265031
17Networks_LH_ContC_Cingp_2	-0.08066441	-0.04309216	-0.00915754	-0.00507184	0.06272953	-0.01224791	0.04367994	0.01098080	0.10639139	0.07121095	0.11720103	0.09815605	-0.01447437	-0.00872199	-0.02177692	-0.03423821	-0.02453512	0.10348298	0.08490525	0.08820109	0.12906671	0.10158358	0.10696015	0.08616163	0.20841448	0.15247068	0.15409844	0.18294278	0.13330452	0.23032196	0.14644024	0.22449381	0.22994537	0.21762324	0.11617400	0.18212648	0.20363327	-0.04816648	0.14517754	0.16275510	0.24500826	0.06606660	0.04594156	0.01882291	-0.02580050	0.08377257	0.08460099	0.09087657	0.00071658	0.09529332	0.03234293	0.05847285	0.05084095	0.02178228	0.09201738	0.00817219	0.07021211	0.19134229	0.09794886	-0.00913016	-0.04769453	-0.01691933	-0.05460895	-0.10179750	0.05009545	0.09522526	0.10629486	-0.01099692	0.22328780	0.00207629	0.09372937	0.21977565	0.09803162	0.06954197	0.06473244	0.10079376	0.12230037	0.16834427	0.21646904	0.21885723	-0.06235360	0.26459748	0.13240296	0.18229749	0.20629355	0.09500008	0.10276729	0.03169250	0.03408798	0.01995410	0.13898780	0.14677644	0.17754413	0.14353399	0.09092267	0.25566456	0.11328778	0.15659282	0.14826034	0.05326713	0.29558870	0.09384180	0.02063430	0.22517417	0.14865874	0.05058921	0.08792270	0.13593507	0.01516591	-0.04025853	-0.04911596	0.03201514	0.09195909	0.09207538	-0.01789702	0.00216338	0.17534563	0.10284287	0.02243820	0.05242206	-0.03356364	0.05697157	0.13339275	0.17581895	0.16903415	-0.00126282	0.18789471	0.00216911	0.07713305	0.02775055	0.06048652	0.06818333	0.23155192	0.02547133	-0.06264515	0.16966086	0.14325402	0.09224813	0.06950845	-0.00703719	-0.04310521	0.14341160	0.06937913	0.32997037	0.22504882	0.15375734	0.27297621	0.84992809	-0.01009425	0.00889789	0.03681569	0.05005211	0.06564485	0.09198388	0.09700532	0.05910740	0.19101952	0.06138677	0.21911305	0.22197140	-0.00271047	0.07170561	0.04794137	0.03685411	0.04587451	0.23256219	0.01948222	0.10348292	0.03079745	-0.09185041	0.05599989	0.04413672	-0.07888740	0.04466872	-0.05896265	-0.07447752	0.05429813	-0.08646439	-0.00682733	0.13314620	0.03397450	0.12822704	0.00690564	-0.03590394	0.02336061	0.01566137	0.03800986	-0.06749822	-0.05755962	-0.01113780	0.01876598	-0.00110001	-0.04969126	-0.03091476	0.05210304	-0.04647596	0.12680831	0.07309088	0.03326341	0.01257987	-0.00953123	0.15516454	0.11005197	0.00890679	0.00656652	0.14979031	0.06746603	0.13205034	0.08551727	0.07395708	0.11338401	0.12712196	-0.01119031	-0.03614514	-0.07882109	-0.00858348	-0.04973841	0.11979404	0.09354276	0.18414170	0.12832359	0.08460543	0.15210714	0.08635226	0.04765154	0.19093604	0.12499364	0.17142692	0.06937059	0.12609672	0.09483376	0.17782047	0.12132998	0.05948795	0.15597343	0.00398567	0.19366751	0.17465809	0.05053917	0.02395707	0.08369123	0.10872705	0.00530389	-0.07544023	0.05835218	0.02315027	0.10091262	-0.03016980	-0.00296940	0.11425586	0.06674188	0.03867104	0.07368087	0.13613542	0.09716140	0.02398268	0.00486870	0.08373257	0.11295077	-0.01613112	0.05388400	0.04237875	0.08501878	0.12909346	0.12352352	0.20176889	0.21598331	0.20187498	0.16025997	0.15140533	0.07688277	0.13041623	0.05634635	0.08155294	0.09360327	0.12785807	0.14686250	0.14522863	0.12275060	0.13947826	0.00113086	0.14555204	0.11430237	0.08589461	0.20364846	0.13815998	0.15400959	0.09131297	0.05790538	0.01123979	0.08741113	0.10187582	0.11190255	0.18056597	0.10806043	0.17522543	0.11092096	0.21225000	0.08697607	0.22087745	0.11459265	0.04910101	0.22833422	0.14761775	0.12195546	0.12310661	0.11106521	0.25988901	0.17442137	0.27582521	0.21686131	0.32765783	0.05062223	-0.00417528	0.01133731	-0.01052884	0.00527801	-0.00368063	-0.01117973	0.08955168	0.04423367	0.08825546	0.09899645	0.01308607	0.12102058	-0.01234509	0.19185726	0.09829484	0.10680681	0.04742149	0.11272703	0.15910911	0.12029954	0.17014327	0.05385599	0.08304856	-0.03494733	0.20122755	0.23728805	0.12380178	0.27953235	0.15129869	0.12139135	0.04257859	0.04478001	-0.04206421	0.06442095	0.12888781	0.10626892	0.13563513	0.32134678	0.37021575	0.11237541	0.22522527	0.35382097	0.19931925	0.40482555	0.10298391	0.05461352	0.15214040	0.13498685	0.06849006	0.08511400	0.13515875	0.17651158	0.12374003	0.11543604	-0.04111911	0.06333740	0.04765529	0.03286516	0.14219008	0.14495048	0.07467108	-0.00431906	0.12318709	0.10809479	-0.02415930	-0.00058861	-0.01355511	-0.07096200	-0.07076192	0.09714148	0.13430348	-0.01607153	0.06790745	0.08770846	0.13812272	0.05111628	0.10136690	-0.05932602	0.05956011	0.02462263	0.14111346	0.14424825	0.18553828	0.18830326	0.15283415	0.12590156	0.18000547	0.06493905	0.07995824	0.06023141	-0.02239063	0.07149341	0.08430228	0.07100655	0.10165013	0.05772175	0.06371130	-0.04123146	-0.00058719	0.10924580	0.08244933	0.02361923	0.05687559	0.09103838	0.23516387	0.01634767	-0.06594106	-0.02313195	0.11221489	0.17137497	0.08740570	0.02122838	0.00020711	0.09765784	-0.00858338	0.17374323	0.07651396	-0.03463113	0.12438907	0.13605835	0.03512398	0.05870619	0.07035538	0.03276216	0.15532772	0.09963410	0.07045031	0.01162893	0.07539699	0.05250719	0.08207896	0.04416495	0.05049879	0.04864216	0.00755068	0.10485184	0.17552033	0.15611311	0.12075292	0.13723840	0.14468241	0.15017783	0.25093595	0.04459146	0.25179951	0.19387889	0.04502650	0.01907483	0.06361785	0.13230719	0.18458886
17Networks_LH_DefaultA_IPL_1	0.26116230	0.29740800	0.23238508	0.22758781	0.20604132	0.09488523	0.23411994	-0.05267480	0.11978972	0.03467893	0.03547833	-0.00042170	0.13391310	0.13901930	0.31302105	0.18010755	0.05697085	0.16737095	0.15014290	-0.00533741	0.16627141	0.01453567	0.04761104	0.22715506	0.15726689	0.12050883	-0.03491266	-0.20812605	0.08531607	-0.00993894	0.04150990	0.07902306	0.00937278	0.00960042	-0.09766157	-0.02741309	-0.09279164	0.36227016	0.30367349	-0.04378403	0.03132626	0.06152230	0.12452655	0.05106359	0.12738164	0.23645175	-0.15023344	0.12558408	0.03306375	0.06074224	0.02831078	0.01755939	0.07408718	0.02438245	0.04841614	0.02869195	0.20951185	0.07902608	0.17472756	0.21287393	0.07123596	0.31631487	0.09095228	0.12142211	-0.02240799	-0.00777508	0.12379185	0.04925055	-0.05966979	0.05523119	-0.07010256	0.05336627	-0.00649485	0.03314731	0.04652867	0.15362425	-0.02377207	-0.06834446	-0.08622625	-0.03193956	0.26877373	0.54300351	0.35126678	0.27686061	0.19969681	0.10439708	0.18789409	-0.14300159	-0.13833333	-0.06568453	-0.12688986	-0.17700497	-0.01482004	0.15563571	0.19718728	-0.03961565	0.07486910	0.28542424	0.34791984	0.26833792	-0.07961746	0.01348669	0.23870557	-0.03982556	0.03338525	0.06972218	0.14539641	0.52341967	0.15522633	0.12921487	0.21781713	0.19272168	0.53067330	0.05264499	0.11311145	0.07175221	0.11135455	0.09466208	0.00679348	-0.14480529	0.08796913	0.35111029	-0.04386736	0.36190655	-0.00189178	-0.01978311	0.10454092	0.09880565	-0.26651898	0.01629272	0.51180458	0.57449138	0.00712390	0.30849707	0.30498836	0.58491810	0.35874558	0.03694868	0.45033091	0.47115993	0.52926064	0.35367059	0.59246243	0.13899904	-0.04723283	0.16115030	0.11416779	-0.01009425	0.99818437	0.75594781	0.48270260	0.46839989	0.55343704	0.38943609	0.50624998	0.43430134	0.37751483	0.44002556	0.49470202	0.50634906	0.42834486	0.39028868	0.42763126	0.36901568	0.64024939	0.35893293	0.15598137	0.39722507	0.45286731	0.25055683	0.61544740	0.39289575	0.39652571	0.57789641	0.60009487	0.55761961	0.42504557	0.16171932	0.37387470	0.44438570	0.35184973	0.65792358	0.36570688	0.26327396	0.58319059	0.44850321	0.36523216	0.56902362	0.08534433	0.33840806	0.34618030	0.09758670	0.08276137	0.10684945	-0.14155056	-0.01401058	0.36375412	0.00037477	-0.01330329	0.02588456	0.17816913	0.28742407	0.37105613	0.13127439	0.24922231	0.39076499	0.29691881	0.14703901	0.11352362	0.09189436	0.06970649	0.11102368	0.08239274	0.01354187	0.11306323	0.22413688	-0.04971913	0.15986193	-0.03063195	0.08394037	0.14945057	0.26008065	0.20155161	0.10670482	0.13143156	0.10191619	0.02482954	0.15396710	0.23284026	0.00418043	-0.00286441	0.10355777	0.11618351	0.12375816	-0.01656540	0.18020688	-0.09586996	0.11792587	0.08715794	0.01701984	0.18046663	-0.04979802	0.15505505	-0.05144253	0.09225300	0.03596920	0.11896205	0.07265895	-0.00864077	0.06377486	0.16443302	0.08124099	0.11901546	-0.01559700	-0.00456780	0.17291285	0.21432157	0.07535551	0.03653434	0.21331877	0.28367716	0.03810694	-0.00368298	0.21942120	0.10801984	-0.01437594	0.04291771	-0.15445998	-0.01089844	-0.13809984	0.03224632	0.05720265	0.15038669	0.06250226	0.01786053	-0.00920916	0.02507112	-0.07314532	-0.03623154	0.03000038	0.17706213	0.14051778	-0.05647789	-0.10807582	-0.05720828	-0.00468405	-0.12774588	0.16001245	-0.17735005	-0.20568811	-0.11480976	-0.02375655	-0.15138096	0.01345171	-0.17442545	0.23998633	0.08754800	0.04818888	0.10104067	-0.13773338	-0.11170295	0.02458874	-0.02021784	-0.09686946	-0.15678373	-0.06309657	0.17300073	0.07390585	-0.08939360	-0.31068949	0.12926582	-0.02352565	-0.05905136	-0.11791756	0.22125164	-0.11543075	0.13239015	0.39807523	0.03384566	0.10358442	-0.03127469	0.17212883	-0.01421208	0.17160884	0.07661735	0.01656098	-0.09810285	0.04564978	0.00792338	0.28315515	0.06410231	0.05674502	-0.17815763	0.11779504	0.05075689	0.19809173	0.23959191	-0.21500187	0.03808356	-0.20780073	-0.10785386	-0.04053050	0.19118292	0.41772870	0.18139048	0.12066183	-0.06939787	-0.11713866	0.28166673	0.20969836	0.08127983	-0.03752842	0.37806037	0.19356562	-0.12558895	0.10872651	-0.02960575	0.38883219	0.32127485	0.42991735	0.14246805	0.23772635	0.25342434	0.35448740	0.19889887	0.18971779	0.40150898	0.41358380	0.25227905	0.24075266	0.37660488	0.20586011	-0.06519436	0.13115108	0.14869744	0.18021431	0.36553979	0.43587404	0.36603982	0.13865433	0.26608355	-0.04302736	0.10625557	-0.01264890	0.48151168	0.33983609	0.23710853	0.26755504	0.00754994	0.12331939	-0.06058177	0.21976377	0.14334911	0.09163248	0.10900010	-0.23594780	-0.16892246	-0.12211460	0.19350122	-0.22171037	0.06273655	0.20828176	0.08399033	-0.01816317	0.21994016	0.07333403	0.12630917	0.26201028	-0.14943454	-0.02856264	0.20214026	-0.10453404	0.00043398	0.15879331	-0.08174113	0.13418601	0.10013648	0.07790897	0.01696757	-0.10083280	0.19302671	0.12069955	0.08623132	0.07516796	-0.12859657	-0.07345053	0.02790686	0.04880463	-0.03816978	0.15464959	-0.02069488	0.11083357	0.14148400	0.09630635	0.20744095	0.09252077	-0.03545674	0.12440209	0.12674852	0.01429121	0.25519660	0.18135471	0.16713035	0.22487677	0.17861822	0.17676414	0.11240697	0.00079680	0.24167297	0.11121645	0.06953653	0.06559362	0.16104178	0.08240551	-0.01141272	0.21244810	0.26894115	0.34942428	0.43813734	0.47257614	0.45082009	0.38001440	0.44886599	0.33800574
17Networks_LH_DefaultA_IPL_2	0.30522175	0.40705739	0.24055611	0.31538812	0.17610349	0.08886329	0.31208927	-0.15253737	0.12219026	-0.06393614	0.05187885	0.00445124	0.07776120	0.05504053	0.35503529	0.19124146	0.07062310	0.10714996	0.11081185	-0.07756676	0.15367917	-0.08838742	0.04468612	0.12673390	0.07068860	0.17845011	-0.11007238	-0.25541542	0.09377187	-0.08705118	-0.02184688	0.09969061	0.00531238	0.04636348	0.02877184	-0.02364965	-0.03685445	0.43242328	0.36095063	-0.01058905	0.10576053	0.03822675	0.12709622	0.03573232	0.07701246	0.20481143	-0.21004509	-0.04424776	0.05173970	0.01374493	-0.04434210	-0.03417537	0.02217208	-0.04109595	0.03800759	-0.03538618	0.16455391	0.07719357	0.13703958	0.28976886	0.06486879	0.44052810	0.14462880	0.16706551	-0.08179922	-0.10271413	0.22670597	0.02099272	-0.12201385	0.01245953	-0.10650580	0.05620459	-0.04710553	0.00215814	0.04191918	0.12974829	-0.06330992	-0.04249771	-0.08729471	0.06037222	0.26726607	0.52590714	0.48506476	0.31900645	0.18177801	0.02872088	-0.00588999	-0.23488837	-0.23483126	-0.15926199	-0.22885000	-0.23433723	-0.12106597	0.01513412	0.08655604	-0.09513266	0.05834276	0.21384353	0.30918712	0.27452883	-0.09512227	-0.03461279	0.27177882	-0.17841248	-0.09284338	-0.12274064	0.23213652	0.56704015	0.21718335	0.07665832	0.28455472	0.26435987	0.60026297	0.17018107	0.15328927	0.07374427	0.18604857	0.14265410	0.01211899	-0.22571666	0.05894704	0.45440635	-0.19978010	0.38694429	-0.03065465	-0.12250037	0.11918549	0.09389329	-0.19427503	-0.02971409	0.58469309	0.58404055	-0.01256566	0.36106330	0.43528879	0.62413426	0.27940797	0.00385262	0.60634195	0.49211998	0.65368744	0.36599562	0.49565895	0.18746101	-0.07316292	0.24740852	0.13610921	0.00889789	0.75594781	1.21884314	0.66501787	0.54791844	0.73511405	0.62374105	0.73911388	0.58126325	0.40856118	0.47695787	0.66982386	0.64346205	0.62090069	0.52885414	0.47104412	0.40701865	0.83943883	0.33839107	0.19678362	0.47700546	0.60909098	0.36521699	0.64950020	0.32285957	0.44400837	0.50807454	0.66700852	0.68043773	0.42612148	0.11008630	0.37254449	0.38835447	0.39767558	0.70830077	0.27910327	0.20135888	0.54243734	0.36259979	0.27406987	0.69295455	0.20730170	0.57078617	0.52530089	0.16862883	0.10749647	0.06790737	-0.27451241	-0.14625867	0.32571429	-0.07621896	-0.11306618	-0.03412312	0.27511821	0.32063480	0.46618426	0.23466472	0.28497467	0.48845609	0.41100672	0.23453119	0.13664753	0.10170482	0.11269144	0.15377927	0.14040893	0.04174605	0.14315016	0.13100698	-0.05874546	0.16745480	-0.16153147	-0.02866153	0.17039622	0.13330638	0.21142388	0.09150590	0.15038110	0.05327659	0.01797645	0.07210286	0.26416536	0.00730958	0.02219322	0.07141219	0.13525801	0.13096493	-0.01880090	0.16679084	-0.04804901	0.12963226	0.08936553	-0.02440459	0.29801813	-0.03670895	0.12826794	0.04308104	0.01409139	-0.06624991	-0.00561238	0.00461895	0.01867698	-0.00002402	0.05565180	-0.04416730	0.05856895	-0.09639913	-0.05923665	0.17492082	0.19109020	0.11389486	0.09921747	0.35156810	0.44074579	0.00115477	-0.05058662	0.21424694	0.04944683	-0.07037647	0.00667987	-0.13658333	-0.01352484	-0.26093434	0.06027886	0.10014937	0.19134104	0.00971355	-0.06220089	-0.00552835	0.01130334	-0.09014680	-0.08805846	0.04944572	0.17330758	0.14930827	-0.09317738	-0.17534233	-0.15857817	-0.08562512	-0.20763536	0.04197703	-0.23890142	-0.23150467	-0.18106103	-0.15497607	-0.25288821	-0.05962020	-0.31997542	0.12501337	0.00618324	0.02472315	0.07541067	-0.18409111	-0.14492058	0.00423377	-0.06482151	-0.22812778	-0.25768955	-0.11304983	0.12343064	0.14181348	-0.16634352	-0.52040297	0.10329302	-0.16708895	-0.00189958	-0.05759470	0.26836285	-0.13477810	0.21509608	0.48709039	0.12059766	0.19136884	-0.02144064	0.24212108	-0.04364089	0.21642652	0.16665076	0.03156367	-0.14748517	-0.04336663	0.19462469	0.29521345	-0.02443320	0.07556676	-0.23897502	0.05328841	0.14843478	0.30135455	0.29129498	-0.35991729	-0.00413339	-0.29226352	-0.20351817	0.01406192	0.21469588	0.49968278	0.23227493	0.16746098	-0.02515623	-0.20411974	0.30924158	0.00968266	0.06115113	-0.12829471	0.64813060	0.23476005	-0.13710606	0.18642057	0.03155013	0.54277499	0.32630640	0.55858789	0.28715893	0.44947275	0.48947998	0.59498583	0.30695745	0.17660701	0.57715929	0.58783993	0.34730682	0.34231078	0.42634016	0.19911385	-0.08928163	0.13987591	0.07546832	0.16030243	0.30662796	0.57145452	0.32308456	0.21530144	0.19806660	0.01913185	-0.04618934	-0.21707470	0.70608894	0.52220463	0.33462899	0.47205122	0.09597883	0.25588273	-0.07403469	0.38516851	0.15086782	0.02628925	0.01819901	-0.35216942	-0.29959955	-0.22320419	0.08663342	-0.40923024	0.12208129	0.23465667	0.01525347	-0.11511890	0.23039890	0.02804039	0.11582534	0.27359799	-0.12055533	-0.05629938	0.21006604	-0.20391119	-0.03797507	0.05352868	-0.13010781	0.11831394	0.19549484	0.16905616	0.00624541	-0.07547568	0.17029961	0.05963936	0.05524339	0.03407996	-0.05500349	-0.02342946	-0.00746666	0.11571228	-0.08554664	0.05987945	-0.11528855	0.08030403	0.32022889	0.15048599	0.29923865	0.13458191	-0.01336629	0.18743244	0.15535979	0.02292223	0.35259399	0.30313487	0.27009957	0.31283858	0.28017312	0.31858157	0.19804306	0.20151862	0.42362802	0.23062971	0.13071726	0.18406468	0.27655434	0.21321417	0.07608487	0.28756519	0.36533099	0.49604301	0.59292669	0.63229037	0.61967002	0.57968993	0.62165291	0.58412908
17Networks_LH_DefaultA_PFCd_1	0.31216809	0.22441030	0.30210703	0.31543819	0.23038307	0.04634530	0.28469450	-0.22067630	0.00328632	0.02172127	0.03085172	-0.10385219	0.02556405	-0.00973726	0.30228307	0.15061398	-0.04614378	0.06037084	0.12367510	-0.12113773	0.19001875	-0.07637133	0.10950229	0.22272383	-0.06234527	0.10869566	-0.12961118	-0.25218732	-0.00431674	-0.09201360	0.00519651	0.03907643	-0.00613311	-0.02375636	0.05306723	0.06838240	-0.04198093	0.38106161	0.35516614	0.07269519	0.09452875	0.04686008	0.24239952	-0.11962343	0.07754795	0.17124648	-0.26042502	-0.14336891	-0.11285902	-0.02406039	-0.01907411	-0.00300176	-0.00403300	0.01427168	0.02732214	0.00677387	0.15630938	-0.02809193	0.18308851	0.35597712	0.08701824	0.49553872	0.10832124	0.11433228	0.24122718	-0.21068814	0.18034804	-0.05988763	-0.04862972	-0.03928006	0.01021382	0.12225818	-0.04134138	0.01255711	0.13033617	0.12641427	-0.15995045	-0.13020818	0.14876831	0.01665685	0.10326566	0.33877174	0.45057192	0.36768237	0.27600020	0.02844729	0.04640223	-0.04402784	-0.23729271	-0.08141750	-0.33729722	-0.34932178	-0.14518532	-0.11411530	0.13526692	-0.00572807	0.31709191	0.20222586	0.36581356	0.27546628	0.09981547	0.22769081	0.40660558	-0.06184937	-0.12050863	-0.15471627	0.17017808	0.45325349	0.05243224	-0.03668072	0.14695936	0.19214300	0.51042020	0.07313001	0.09753599	-0.00920175	0.16094455	-0.00704431	-0.04374365	-0.19912610	-0.08593657	0.23563143	0.08839821	0.14243744	0.00123194	-0.06220132	0.30852313	0.01563878	-0.13020761	0.01957587	0.39915792	0.39202790	0.05432841	0.22050457	0.17922871	0.52876814	0.20468590	0.01095863	0.62726618	0.25210170	0.61534648	0.47458907	0.50046322	0.20848945	0.03990127	0.48433591	0.19288848	0.03681569	0.48270260	0.66501787	1.29389582	0.37120411	0.63161268	0.53435358	0.58189808	0.46189736	0.35253979	0.57524596	0.73454276	0.79486521	0.56259330	0.53787289	0.49888082	0.47598172	0.76931152	0.39881450	0.11151840	0.30509933	0.35290421	0.28109960	0.29290822	0.13167687	0.42738565	0.44186645	0.67394359	0.55638350	0.47982350	0.01555600	0.30362183	0.38697664	0.34066621	0.58454176	0.14509753	0.02450230	0.33227263	0.23251470	0.10234792	0.64472632	0.22161120	0.44066181	0.44407786	0.16567641	0.09825116	-0.01319068	-0.25569902	-0.01110676	0.01050177	-0.09396345	-0.08442317	-0.07393796	0.24547852	0.31985872	0.42632769	0.30675734	0.18622701	0.52375742	0.39021374	0.11626019	0.01556061	0.00411363	0.17299771	0.06952020	0.04917782	-0.09190127	0.15889571	0.13271557	-0.07952615	0.13139279	-0.17380353	-0.05031972	0.24601270	0.02775360	0.19238041	0.19457643	0.22798051	0.04835182	0.15165216	-0.05122281	0.29414335	-0.10115392	0.00420124	0.09898903	0.22981197	0.03172609	-0.00641066	0.15747859	-0.04946233	0.22631597	0.11014147	-0.01074610	0.18769801	-0.03833384	0.16028153	0.02473857	-0.03505810	-0.14945286	-0.15822461	-0.19298748	-0.00995011	-0.08018054	-0.03471804	-0.19900820	-0.08709154	-0.09200986	-0.08369189	-0.01457310	0.16663661	0.03641405	0.12295036	0.33575826	0.39369449	-0.07076194	-0.04529937	0.35286284	-0.00859387	-0.15027945	0.01080601	-0.14648017	-0.04322147	-0.19085210	0.00988497	0.07414206	0.11653069	-0.00566303	0.05780737	0.00383673	0.06365277	-0.18308893	0.19298596	0.02868970	0.05364137	0.22383230	0.01804308	-0.18326399	-0.22724370	-0.22779817	-0.20642612	-0.00260585	-0.18828653	-0.20450837	-0.13639686	-0.30440080	-0.38929020	-0.13154587	-0.31179315	0.08970448	-0.04734415	0.02023033	0.09492747	0.01047609	-0.08879371	-0.02620488	0.11382986	-0.13440681	-0.13734581	-0.08784701	0.19044306	0.36834477	-0.17167480	-0.49481187	0.10382472	-0.02518004	0.06754588	-0.09187973	0.13639094	-0.12184814	0.11488263	0.46016284	0.03858773	0.07672269	-0.01931867	0.05862381	-0.10254359	0.17358513	0.06456629	0.01868047	-0.13639533	-0.09507519	0.43803910	0.20738636	0.03589711	0.24025453	-0.19265181	0.17536003	0.07312860	0.08853793	0.16028601	-0.20535690	-0.00041748	-0.14254817	-0.15119897	0.17673227	0.24422821	0.49790108	0.13125607	0.10121617	0.00594533	-0.10908058	0.35239082	0.21343371	0.12281604	0.03597777	0.83371187	0.48559324	0.02535033	0.21174102	-0.04917285	0.34396756	0.29982300	0.34406204	0.47908907	0.47704917	0.55446897	0.58389297	0.26408202	0.28859686	0.58015173	0.46826258	0.30757187	0.32473374	0.50016779	0.13350421	0.03774876	0.15609545	-0.04464775	0.03137914	0.32766656	0.45360546	0.43999383	0.04940524	0.29075149	-0.12411832	0.01527405	-0.09485800	0.63724816	0.66727082	0.34182053	0.50542052	0.06332080	0.19244593	-0.20106823	0.32227231	0.28335157	0.13259320	-0.05377924	-0.32575106	-0.21411087	-0.30596847	0.16319091	-0.25029920	0.00527060	0.16326207	-0.07211086	-0.07064974	0.17365295	-0.09902000	0.04814300	-0.01673767	-0.12487587	-0.09326653	0.16815480	-0.15748550	-0.14837395	-0.13957261	-0.08495653	0.07607536	0.06821939	0.13533736	-0.06488698	-0.11061234	0.08158534	0.02413544	-0.06897795	-0.04310016	-0.08746437	-0.09024778	-0.12307770	-0.09252530	-0.25544308	-0.22680991	-0.20661191	-0.01291390	0.19818775	0.16522807	0.18462636	0.00354021	-0.09983663	0.06541919	0.05575938	0.08067971	0.28647422	0.30649934	0.17912315	0.27804562	0.30971495	0.23428181	0.22823727	0.10689437	0.36608691	0.20077426	0.08568021	0.03327970	0.21335313	0.13318600	-0.00801858	0.27779791	0.32927681	0.46508200	0.51766275	0.51455833	0.53267420	0.50596978	0.49690952	0.45837107
17Networks_LH_DefaultA_PFCd_2	0.32835881	0.25145774	0.23102921	0.18927749	0.20277914	0.10431222	0.28934744	-0.04464741	0.13687782	0.14210714	0.03680229	0.02783345	-0.03393910	0.01330634	0.22425360	0.02529078	0.07476172	0.03904863	0.11435198	-0.01368842	0.19682325	0.06530161	0.14366660	0.24638611	0.02590187	0.01254492	-0.08959696	-0.14952012	-0.07477175	-0.05241924	-0.03855455	0.06788954	-0.01793107	-0.03027426	-0.04077432	-0.06301063	-0.14129032	0.33919372	0.43049152	0.03059918	0.03561344	0.00639842	0.11388795	-0.00981336	0.15771462	0.31762190	-0.08680094	0.09426191	-0.02252219	0.05090514	-0.01944505	-0.04760198	0.04571647	0.01336329	-0.06092411	-0.04827921	0.09612219	0.11050360	0.09470307	0.31614108	0.06124216	0.42389653	0.08732653	0.20031144	0.03963458	-0.01176328	0.27489388	0.04435146	0.07870040	0.19792570	0.03186615	0.18049017	0.03307374	-0.05150108	0.14173208	0.00260210	-0.04020072	-0.08633732	0.08572146	0.06294449	0.25914143	0.45062786	0.31791308	0.17673037	0.26879067	0.13402100	0.25288577	0.01138505	-0.08099260	-0.05969246	-0.06786189	-0.16251718	-0.05058704	0.25950552	0.07853773	-0.04817860	0.23748791	0.25787239	0.26752935	0.00488871	0.16442857	0.16212528	0.46747630	-0.02654549	0.10534969	0.16614715	0.30144041	0.55379596	0.19652898	0.02616870	0.13550987	0.19034478	0.38513634	-0.07083727	-0.04895195	-0.04407887	0.01071629	0.09290621	0.00434017	-0.11966870	0.18368283	0.36980850	0.24112499	0.49797821	0.32827287	0.07062518	0.44456645	0.48025987	0.12600670	0.24622589	0.56774485	0.56288253	0.17652398	0.46233065	0.38958600	0.46379657	0.46688529	0.30214386	0.49295004	0.62023903	0.49902094	0.48287737	0.36776144	-0.11716860	-0.02548715	0.12594678	0.09206384	0.05005211	0.46839989	0.54791844	0.37120411	1.06544336	0.66929116	0.19755454	0.15365587	0.32690372	0.27727398	0.28538630	0.34191238	0.34816785	0.33682459	0.22081700	0.24280221	0.19573187	0.66587342	0.23223749	0.05704033	0.16423227	0.27710213	0.12612090	0.61161991	0.13524456	0.28725759	0.27391183	0.41644532	0.57646860	0.52831417	0.26456343	0.39581006	0.40982514	0.40855769	0.61337152	0.15006551	0.23766041	0.31360548	0.38954944	0.42163533	0.45959691	0.13330387	0.10742778	0.12345046	0.12254765	0.00875383	-0.02551444	-0.06458357	-0.03255220	0.22993978	0.14839738	0.20324639	0.15383741	0.21422192	0.29721309	0.35841037	0.16608211	0.24106180	0.51204746	0.23008176	0.09923067	0.15093909	0.10791021	0.02803974	0.10644211	-0.00096921	-0.11718489	0.06812606	0.15301285	-0.17713132	0.09642683	-0.00788810	0.13545654	0.15981572	0.19190933	0.24080675	0.05530577	0.10914901	-0.00649988	0.00060123	0.01134943	0.07515207	-0.19158339	0.01451035	0.18576829	0.03225093	0.12884266	-0.07953947	0.15530631	-0.05240845	0.08018673	0.11022098	-0.24759524	0.33319865	0.02123366	0.11107470	0.03242468	0.05716332	-0.04279112	-0.05340626	-0.02906729	0.01672501	-0.03168732	0.16918886	0.00594619	-0.04242780	0.01479455	0.05617973	0.09213319	0.02338588	-0.05274272	0.14559805	0.36687490	0.27957490	0.03890059	0.03141236	0.21300759	0.16299961	0.05972233	0.02593588	-0.02322196	-0.02081454	-0.00744982	-0.00963395	0.08956966	0.36683337	-0.11341583	-0.05786559	0.06744643	-0.08879934	-0.06352577	0.04135259	0.01882857	0.16189554	0.20174084	-0.04537396	-0.00064442	0.01531993	-0.04097698	-0.09232586	0.25981101	-0.13122723	-0.04740363	-0.09983364	-0.05015270	-0.24217056	-0.01374022	0.03613243	0.14876889	0.03151612	0.03008939	0.07919083	-0.10185351	-0.12202418	-0.02843146	0.04744543	-0.02371695	0.15146452	0.18981504	0.23818223	0.16005857	0.09374385	-0.17287250	0.08723832	0.17159372	-0.05451463	-0.07543269	0.04839641	-0.16586082	-0.01855749	0.28528161	-0.01872259	-0.02616763	-0.10153603	0.02539964	-0.05294988	0.19997047	0.14866716	-0.03065245	0.13396702	0.16159669	-0.14312833	0.31778272	0.17363092	0.15008274	0.05481234	0.17252542	0.19083584	0.29761100	0.31871249	-0.13385326	0.16387999	-0.03091652	0.07106386	0.13069226	0.20302411	0.26139687	0.37358724	0.15820158	-0.00663984	0.14644094	0.24485751	0.09429944	-0.14697790	-0.13300748	0.14525702	0.07119047	-0.03145056	-0.08947147	-0.05044541	0.15517224	0.05747089	0.44896416	0.14428817	0.09826196	0.01500629	0.04716388	-0.04940449	0.12431953	0.08562918	0.24503196	0.16882406	0.05467783	0.11228382	0.27562471	-0.01484722	0.05534944	0.04358076	-0.08920092	0.32297601	0.38743040	0.25283525	0.37820685	0.09452293	-0.05173116	0.13736934	0.10884144	0.28885055	0.19554512	0.18901989	0.01277165	0.11234368	0.09156749	-0.05212568	-0.03293626	-0.11823908	-0.03878708	-0.22591826	-0.17818166	-0.10743776	-0.05099650	0.01369535	-0.17440523	-0.13157678	0.02086893	-0.02477588	-0.10928841	0.21293271	0.03580244	0.06292459	0.08132414	-0.10053403	-0.13286834	0.11760527	-0.18976306	0.05130582	0.05846236	-0.20326116	0.14398827	-0.07221905	0.06079526	0.02612710	-0.09395316	0.08301884	-0.01474205	-0.02266876	-0.02224169	-0.03434549	-0.11804637	-0.04437752	0.02438432	0.01482777	0.04758060	-0.07921420	0.05719363	0.16820746	0.15625989	0.15214285	0.08550230	0.04465746	0.09058250	0.18539875	0.06350677	0.21209756	0.12912776	0.16161128	0.15379983	0.13814774	0.14196287	0.28665476	0.09589933	0.33388353	0.10596648	-0.01665066	0.19061663	0.35644250	0.06730544	-0.02509791	0.32942759	0.42976067	0.40352265	0.40505763	0.49600222	0.35371880	0.43348878	0.47333790	0.35942235
17Networks_LH_DefaultA_PFCd_3	0.26985757	0.28231435	0.24177022	0.22971795	0.20810606	0.04242849	0.24706103	-0.22864602	0.08079743	0.01028525	0.01994476	-0.01929422	-0.07147041	-0.03452028	0.24367775	-0.00083006	0.04038870	0.03293766	0.09818313	-0.07664375	0.22517027	-0.10100105	0.09164862	0.14204029	-0.08578704	0.07546694	-0.10922402	-0.13421399	-0.11690699	-0.16472947	-0.08089658	0.00703953	0.02238068	-0.04425027	0.01817523	-0.06152212	-0.07926377	0.31021989	0.35753781	-0.10255013	0.02251829	-0.03574654	0.12035473	-0.04413161	-0.04281999	0.19874154	-0.19450029	-0.10102679	-0.00822215	-0.07770326	-0.14231931	-0.15919998	-0.14540794	-0.15138722	-0.00135664	0.02225140	0.12456283	0.14078687	0.11753008	0.21995884	0.03159882	0.32860525	0.00054004	0.11703069	0.07780772	-0.09082442	0.31643644	-0.08856222	-0.07489661	0.06000730	-0.04856482	0.15521531	-0.00276875	-0.02482711	0.08804402	0.01613996	-0.11061200	-0.12117749	-0.00477631	0.02149058	0.20831361	0.48793882	0.43338914	0.22906047	0.24004274	-0.07982533	0.04001866	-0.20787833	-0.14224753	-0.19455064	-0.25675567	-0.27726484	-0.24862876	0.05358068	0.00357818	-0.19807640	0.10749992	0.08980305	0.22100604	0.08349895	0.07832003	0.02761834	0.39095191	0.00822838	-0.02690293	0.08021443	0.36393494	0.54028047	0.17551297	0.10561307	0.26602757	0.22580235	0.39502180	-0.00029163	0.02439262	-0.00803860	0.08244337	0.16963520	0.04322111	-0.12915212	0.10461887	0.43938026	0.04827078	0.44855132	0.18160114	-0.07452334	0.32843366	0.31960729	0.03389289	0.10522540	0.61475435	0.52834720	0.03405596	0.37413502	0.33625680	0.55549297	0.40508827	0.20544199	0.67606893	0.53983990	0.56839676	0.43959815	0.32901415	0.06846678	-0.00299140	0.25492928	0.18654949	0.06564485	0.55343704	0.73511405	0.63161268	0.66929116	1.14333815	0.41074029	0.45402214	0.50044235	0.32462900	0.30109495	0.58122998	0.54293577	0.45873381	0.38713161	0.23765275	0.21254399	0.72218307	0.26454727	0.12804066	0.26727213	0.35516593	0.13783460	0.56108302	0.12605550	0.29919034	0.36585869	0.40731435	0.58137142	0.40955486	0.16227841	0.47046185	0.40898977	0.42063839	0.70587720	0.12845886	0.23940536	0.33377841	0.36706741	0.32178837	0.59006705	0.12946954	0.30515935	0.30273570	0.17086278	0.03250833	0.02740479	-0.17194708	-0.20909246	0.16633257	-0.10491692	0.05305058	-0.14138063	0.18686031	0.29219594	0.32259694	0.22008631	0.24551865	0.53205325	0.28216016	0.07972776	0.07780345	-0.03282619	0.02868087	0.10158494	0.00300856	-0.07718007	0.04202062	0.02891346	-0.15995825	0.17591543	-0.17514109	0.05979312	0.20997219	0.16182501	0.26544443	0.08439945	0.09692093	-0.05699713	0.09955760	-0.09009447	0.12215651	-0.08477797	-0.03300267	0.10347346	0.09594433	0.00310256	-0.08104388	0.05193147	0.00080747	0.06662669	0.01985117	-0.15218047	0.18236622	-0.02855025	0.00672393	-0.00862180	-0.06169459	-0.14826837	-0.05557740	-0.13794650	-0.12020741	-0.04005701	-0.02828573	-0.09627056	-0.09861689	-0.04422268	-0.11978380	0.12040407	0.09737771	-0.00924634	0.07262685	0.31594102	0.30272627	-0.05556707	0.04498361	0.21714883	0.01762103	-0.05618186	-0.04666752	-0.17318009	-0.04957702	-0.25770484	-0.10312496	0.10572724	0.31160681	0.00510333	-0.04843048	0.04870530	-0.02084657	-0.17216425	-0.04801931	-0.05961716	0.00786382	0.15373047	-0.10906764	-0.17578791	-0.24316370	-0.15868290	-0.22052908	0.06200145	-0.22136038	-0.14988365	-0.20251195	-0.15093049	-0.30459487	-0.12840979	-0.13215096	0.01385717	0.01624625	-0.05257786	0.03002765	-0.20907803	-0.17722963	-0.19131767	0.02187595	-0.24595450	0.00853125	0.12193113	0.15882674	0.21629353	0.03064589	-0.41800080	0.11611032	0.00733946	0.02975639	-0.00460263	0.22506199	-0.02658168	0.09508383	0.40436114	0.00112344	-0.01003883	-0.01497704	0.11346688	-0.04218977	0.20146336	0.17418487	0.00532819	0.03944201	0.02474610	0.28029156	0.39239905	0.13615424	0.22019607	-0.07762219	0.15564779	0.09025333	0.30451662	0.35113885	-0.19378776	0.18510017	-0.28294241	-0.05344094	0.18612098	0.26590627	0.45779982	0.43258160	0.25443981	0.09547851	0.03872315	0.30904273	0.01187657	0.02137487	-0.11060557	0.53725015	0.21399275	-0.01237617	0.06646190	0.00333914	0.32201849	0.23835134	0.56014598	0.34321300	0.45884951	0.30454474	0.40079193	0.14064706	0.10537107	0.38267345	0.41479705	0.26358271	0.19989833	0.21162323	0.28720882	-0.10205141	0.14763834	0.00625171	0.04541764	0.22317454	0.50395461	0.23788888	0.28412828	0.11144992	0.02017756	0.04007713	-0.03262061	0.54301898	0.44570082	0.22360533	0.29188697	0.12867690	0.19798031	0.00234962	0.23297638	0.12330544	-0.00363444	-0.05675609	-0.27122870	-0.35340366	-0.30793424	0.05367611	-0.39195750	0.00487060	0.08959288	-0.01302196	-0.07787713	0.09628290	0.01790177	0.03373228	0.06060195	-0.07196231	-0.04672774	0.14928359	-0.14551172	-0.03075597	-0.03980534	-0.19452214	0.03098244	0.14369458	0.15986624	0.06664954	-0.11780168	0.01900671	0.00393311	-0.00868747	-0.02854785	-0.05489703	-0.00409316	-0.06663577	0.04424708	-0.05467216	-0.00829327	-0.17942926	-0.01166373	0.26890940	0.15015290	0.25711233	0.11290527	-0.08827480	0.11885781	0.11915002	0.01435348	0.30442015	0.24178588	0.19201632	0.23142410	0.29641553	0.25207246	0.34063396	0.17188515	0.35250858	0.17095727	0.03307911	0.17516587	0.31303150	0.09752711	0.03722246	0.28178466	0.38596733	0.47873604	0.45200576	0.51132453	0.43581682	0.39595166	0.44597394	0.43339654
17Networks_LH_DefaultA_pCunPCC_1	0.17628395	0.30040293	0.30245895	0.33529633	0.09413478	-0.06014963	0.19873028	-0.22480453	-0.01890171	0.00030652	0.07726101	0.13076126	0.18008216	0.00654909	0.22259646	0.15333276	0.14882700	0.04662960	0.15288418	-0.09385744	0.15078057	-0.04587912	-0.06569628	0.04657097	-0.03363362	0.16805831	-0.04814780	-0.15151522	0.00532195	-0.03594536	-0.04228865	0.10905621	0.11888428	0.09795702	0.04783809	-0.06080174	-0.03081209	0.35919521	0.14916710	-0.04224981	0.01413975	0.13519231	0.07185528	0.09000208	-0.05034414	0.12040859	-0.27332007	-0.10808748	0.17525268	-0.12722966	-0.22868536	-0.12919419	-0.14392782	-0.15903080	0.00607876	-0.06909142	-0.02015323	0.12733132	-0.02287039	0.24971012	0.06352879	0.40544870	0.14283630	0.01818482	-0.05365225	-0.01937797	0.11856059	0.12928608	-0.31405986	-0.23835544	-0.10318961	0.00549777	-0.14167452	0.03744484	0.03399467	0.13727730	-0.11370523	-0.00856737	-0.09636090	0.05775811	0.24432253	0.18961930	0.25983305	0.20517900	-0.05885916	-0.09794107	-0.22924594	-0.30672889	-0.29656146	-0.10779990	-0.35674444	-0.23683162	-0.09927675	-0.26125444	-0.05166775	-0.05335362	-0.03047213	0.04303712	0.00478714	0.15909339	-0.14900535	0.03992999	0.01589512	-0.21198549	-0.28405357	-0.30881069	0.08731710	0.21373071	0.11086724	0.06232078	0.11979319	0.21929451	0.38813671	0.14510706	0.05286380	0.01034954	0.12484931	0.08839270	0.04778350	-0.19266055	-0.05400980	0.25256164	-0.43913360	0.12981961	-0.18955178	-0.22483957	-0.01642748	-0.32546812	-0.16174013	-0.25688250	0.14489402	0.14532010	-0.14538855	0.17976052	0.13602918	0.23687937	-0.16422420	-0.27065628	0.35146876	-0.05154508	0.20521294	0.02952136	0.12089364	0.34097980	-0.06371566	0.27363495	0.17941913	0.09198388	0.38943609	0.62374105	0.53435358	0.19755454	0.41074029	1.20411134	0.84340478	0.51832682	0.21853685	0.33837166	0.55465176	0.60529324	0.62296689	0.50912863	0.26972492	0.28631161	0.44871270	0.24653261	0.15837447	0.29478745	0.44614007	0.50429451	0.20235492	0.10594691	0.28575909	0.24438109	0.49081268	0.48468509	0.19019841	0.01983192	0.10440038	0.19284538	0.22935986	0.19327472	0.16384874	0.00775998	0.26197937	0.09457444	-0.18988525	0.50050890	0.25091101	0.77246823	0.57963893	0.16240045	0.17160201	-0.00951929	-0.25507697	-0.04877612	0.11892764	-0.30615446	-0.27163406	-0.11142215	0.22869200	0.23341088	0.39116071	0.17271400	0.07767140	0.36806107	0.29226499	0.12335312	0.00210561	0.01077787	0.24621277	0.14276159	0.09171079	0.14128780	0.09674881	0.15643299	0.08821913	0.42894640	-0.02067797	-0.05372218	0.21481456	0.10272295	0.14931930	-0.00865486	0.08336229	0.00977700	0.00422861	-0.01008092	0.05145649	0.10428199	0.02695377	-0.06284899	0.16629951	-0.00064174	-0.09124895	0.10990878	0.01693249	0.14313168	0.03109597	-0.00757220	0.20220547	0.02190596	0.05519233	-0.04299076	-0.14490943	-0.26554994	-0.15797696	-0.28679520	-0.00521098	-0.01774242	-0.16154300	-0.28321860	-0.03555137	-0.20932914	-0.20779753	0.06024573	-0.00353518	0.07588668	0.03720813	0.30809989	0.42810146	-0.15766568	-0.10931137	0.21193187	0.01372506	-0.08631294	-0.05377442	-0.01057787	-0.03638985	-0.30016416	0.05762120	0.00493815	-0.13601282	-0.05399835	-0.03535030	-0.05406081	-0.02015649	0.00754083	-0.03413180	0.05282447	0.13113475	-0.00797337	-0.21967158	-0.21812193	-0.17787733	-0.06621024	-0.28903090	-0.21251990	-0.10647832	-0.26101544	-0.19986567	-0.35674108	-0.26536974	-0.16989710	-0.45131135	0.03976222	-0.09156096	0.12308787	0.09276299	-0.07806622	-0.07344337	0.08750805	-0.06105048	-0.28853843	-0.36101960	-0.28134148	0.04402753	0.23411721	-0.24035480	-0.54244397	0.05316384	-0.27955408	0.04995112	0.09481479	0.18471728	-0.11917140	0.13230889	0.38555745	0.14506379	0.03937842	0.08766839	0.19780023	0.05581106	0.23453087	0.10156553	-0.06828940	-0.26067811	-0.18738840	0.25368642	-0.01556719	-0.15192768	-0.07102613	-0.39996862	-0.08678505	0.09745714	0.10350276	0.02131644	-0.35400833	-0.20156310	-0.30184254	-0.23975895	-0.07652617	0.07295095	0.23731158	0.08049873	0.09221065	-0.04323745	-0.27701170	0.10777075	-0.02122558	0.19934400	0.01841383	0.77776206	0.35168045	-0.04398513	0.37155684	0.12107301	0.38516447	0.23724677	0.32016485	0.30181449	0.50966234	0.86851146	0.78754075	0.40234338	0.15044301	0.64524327	0.58260442	0.23344201	0.38592449	0.47228429	0.04197950	0.03673311	0.05636302	-0.10137153	0.22237019	0.29933993	0.32031379	0.17934089	0.20215901	0.08881698	0.13492523	-0.05592090	-0.27488379	0.71858481	0.61657725	0.44079353	0.78104106	0.10295201	0.22833374	0.01226182	0.53320313	0.31204962	0.05662381	-0.03225315	-0.37134152	-0.17938057	-0.25362433	-0.01032578	-0.42831576	0.15969508	0.24260078	0.00134873	-0.15939318	0.16920703	0.03710107	-0.03683063	0.18470484	-0.03323843	-0.07587517	0.05143313	-0.10811606	-0.08490457	-0.09014018	-0.14323718	-0.02637298	0.21302924	0.29356543	-0.00076886	-0.14249344	0.09162452	0.04195602	-0.00402177	0.06707282	0.06029232	0.05755432	-0.06153311	-0.03857861	-0.10926483	-0.13645698	-0.24608929	-0.05379553	0.24798143	0.07730778	0.19223898	0.17818117	-0.02951906	0.15305182	0.15046966	0.05034889	0.17833998	0.26268268	0.21035107	0.23276677	0.30560904	0.27517377	0.21185632	0.17736060	0.28175641	0.32941628	0.19760603	0.10631345	0.23917026	0.22819921	0.08630816	0.15761472	0.11129295	0.40525678	0.44644597	0.41838174	0.49315911	0.48125900	0.41814927	0.47643293
17Networks_LH_DefaultA_pCunPCC_2	0.06974974	0.27041540	0.22216468	0.23782966	0.07315351	-0.11378687	0.11663067	-0.26872741	-0.09467879	-0.08528951	0.05463632	0.04477372	0.12014977	0.02251720	0.20882753	0.19440518	0.10285817	0.09711800	0.14045442	-0.07984402	0.23863511	-0.04978779	-0.02060228	0.14737755	-0.03170284	0.15804188	-0.04651353	-0.16957802	0.01522946	-0.08005094	-0.07518120	0.03968626	0.06313996	0.06496731	0.09854148	-0.10996973	0.01981667	0.23731371	0.12762478	-0.10782470	0.07999072	0.03618608	0.04137744	0.01001286	-0.07101029	0.02579237	-0.23868393	-0.12064468	0.07746247	0.03634502	-0.11111925	-0.09423968	-0.09141707	-0.13956815	0.05062386	0.07323345	0.06376316	0.14523750	0.04405383	0.12847998	0.03442955	0.19492562	0.05963889	-0.03043188	0.04567780	0.04110468	0.12194479	-0.00800171	-0.36935080	-0.29882345	-0.18834294	0.00815763	-0.04083803	0.06515410	-0.00168189	0.08543319	-0.13010899	0.01984624	-0.01046341	0.06964601	0.09736351	0.26905718	0.21489755	0.20458641	-0.01605867	-0.07624316	-0.12666957	-0.32472043	-0.29671651	-0.19607503	-0.33385288	-0.24447211	-0.16755986	-0.29954070	-0.03146716	-0.07016646	-0.06447307	0.01464349	0.05447999	0.24397838	-0.19566512	-0.05555486	-0.01471720	-0.12766891	-0.26248916	-0.32135097	0.07653466	0.28550694	0.05067290	0.07684154	0.15300886	0.18384777	0.46072507	0.10486527	0.07871970	-0.03373929	0.13239272	0.09772922	0.01342948	-0.17204125	-0.18723227	0.33695613	-0.46475076	0.14167003	-0.33196722	-0.22595237	-0.07278009	-0.34334429	-0.27962654	-0.24509271	0.30837193	0.27936931	-0.14051629	0.05949905	0.08373761	0.40488517	-0.14844526	-0.32837182	0.43241786	0.01598776	0.32625568	0.09096097	0.20311780	0.54738186	0.07227392	0.42296838	0.16868819	0.09700532	0.50624998	0.73911388	0.58189808	0.15365587	0.45402214	0.84340478	1.30735652	0.55231178	0.27279841	0.35946059	0.79800518	0.73835369	0.65355066	0.56903511	0.38691704	0.40061144	0.48979696	0.34210618	0.15294315	0.32519771	0.42870229	0.43858569	0.20472933	0.20272776	0.27128251	0.41302879	0.47127205	0.39231617	0.13925840	0.06713331	0.18075232	0.19408729	0.30771577	0.29298416	0.17568683	0.01631965	0.33568468	0.13105860	-0.07447906	0.60087120	0.26344438	0.83478263	0.77227112	0.22985190	0.23676649	0.09322136	-0.23261659	-0.13532030	0.17915358	-0.34430321	-0.36805227	-0.18656084	0.13437141	0.18566354	0.28704908	0.11403110	0.14286362	0.33758280	0.25420814	0.09427734	-0.03707140	-0.06214062	0.20181835	0.18310732	0.08146074	0.19068070	0.00664063	0.05164309	0.05154158	0.29456755	-0.07473400	0.01545947	0.26392874	0.16528474	0.20043475	0.03519429	0.04971148	-0.07327903	0.02357892	-0.02389027	0.13771059	0.14784959	-0.02279717	-0.09717411	0.14791835	-0.05339633	-0.10473266	0.01677463	0.00946076	0.11178191	0.02281347	0.02217242	0.07464582	-0.03548874	-0.01460026	-0.06065959	-0.13575025	-0.22120613	-0.03822703	-0.10151996	-0.07383095	0.02816197	-0.02848987	-0.12937007	-0.05603131	-0.07991717	-0.11797296	0.03123166	0.05551161	0.06506229	0.05429070	0.12200346	0.33144377	-0.17813002	-0.11837925	0.24789884	-0.07079736	-0.15820014	-0.02485998	-0.19949204	-0.02657340	-0.40567515	0.04671670	0.05654440	-0.26348727	-0.00169623	-0.05647593	-0.12878041	-0.03533827	-0.09727339	-0.00971096	0.05149763	0.02761061	-0.06972236	-0.27360788	-0.22536147	-0.15663606	-0.06437736	-0.26106477	-0.27557716	-0.25037964	-0.30440214	-0.20995168	-0.32617949	-0.22877965	-0.22267445	-0.52157015	-0.00012493	-0.10935680	0.07558056	0.03124713	-0.12457199	-0.12412801	-0.06495769	0.00406059	-0.34886278	-0.49814446	-0.29239263	0.03321083	0.24727645	-0.22305280	-0.53433137	0.11668798	-0.26942712	0.05542369	0.04185838	0.21969258	-0.08506502	0.23776766	0.45990278	0.12234516	0.05535406	0.12178112	0.22739365	0.00740148	0.16847630	0.03218920	-0.09855961	-0.34908252	-0.23332786	0.47393490	0.07114375	-0.23176302	0.06708448	-0.40359427	-0.07501514	-0.00655439	0.03376872	0.04178674	-0.36410512	-0.14656337	-0.38130877	-0.29907310	-0.02232836	0.20164353	0.29807602	0.08240600	0.06850314	0.00668866	-0.33769099	0.15346028	-0.00580470	0.49164609	0.14426845	0.95673439	0.42289499	0.06340995	0.43512109	0.18448458	0.50437968	0.39850019	0.32912093	0.34256843	0.67486504	0.82850707	1.01783455	0.42576753	0.06304628	0.80243011	0.65299009	0.31927784	0.44694177	0.53639973	0.08692397	-0.05992988	0.11021500	-0.12908787	0.35590346	0.23124869	0.26005851	0.25249035	0.16507039	0.04825777	0.10854654	-0.12982410	-0.32584420	0.78327793	0.71092833	0.52316739	0.91631925	0.11886807	0.27454502	-0.04640716	0.61201238	0.42736846	0.08957487	0.04438926	-0.41826145	-0.30704719	-0.29595844	0.10721963	-0.42762109	0.19228757	0.26182651	-0.04664530	-0.14889320	0.08860452	0.03740644	-0.00534321	0.19254178	-0.01570631	0.06720230	0.09428552	-0.04995450	-0.17299069	-0.16452186	-0.11900765	-0.04926997	0.23864822	0.21940431	-0.04763079	-0.11491877	0.01244702	0.01749372	0.01636028	0.01679916	-0.00277651	0.06870665	0.02642705	0.06648523	-0.17624871	-0.11147629	-0.18311515	0.02104975	0.22147499	0.09582387	0.23572723	0.17601498	-0.06779970	0.17207888	0.12857767	0.05401972	0.17989131	0.31699016	0.18542769	0.25488542	0.22931258	0.24590682	0.07052894	0.13463779	0.26441358	0.23788285	0.16054143	0.05128381	0.18920613	0.26825335	0.11629121	0.20657473	0.12678382	0.39527630	0.37665602	0.36467233	0.47873903	0.35274379	0.33601771	0.44293246
17Networks_LH_DefaultA_pCunPCC_3	0.15556508	0.25559501	0.19172525	0.22994112	0.15825814	0.02612935	0.24105618	-0.13128387	0.13487024	-0.03229002	0.04663893	0.07315098	0.01909387	-0.03306498	0.25050287	0.05971610	0.01485353	0.09959525	0.06206302	-0.08571895	0.10471443	-0.07076256	0.07698139	0.04976123	-0.00269615	0.09896635	-0.13585643	-0.19816599	-0.01710801	-0.09488732	0.01805381	0.05464568	0.04913715	0.04921366	0.03787300	0.05568757	0.07071397	0.26464893	0.28558009	-0.02098667	0.13632510	0.09999351	0.17334326	-0.02069086	-0.03549608	0.12945611	-0.18706000	-0.07886677	0.05714568	-0.10307979	-0.14980491	-0.04805831	-0.14846656	-0.10467900	0.05111318	-0.04594584	0.09416807	0.01112911	0.09075682	0.23306585	0.01276948	0.33182437	0.09877707	0.03664518	0.05298887	0.07442312	0.27335583	0.07233514	-0.03271835	0.05195595	-0.02609278	0.09900360	-0.06117431	0.06355856	0.05335316	0.06442837	0.03053807	0.00100143	-0.01118449	0.08897071	0.16794113	0.30915750	0.39698582	0.25164156	0.11231200	-0.10531524	-0.10977521	-0.25170580	-0.22222970	-0.09872678	-0.24920513	-0.21540242	-0.18816263	-0.08794463	0.00814754	-0.08778357	-0.04558959	0.07026079	0.11700082	0.18693663	-0.05561729	0.00475227	0.15987459	-0.12705238	-0.12516148	-0.05955774	0.15558170	0.33744633	0.09253397	0.08989740	0.17087599	0.16236239	0.44179567	0.07421462	0.11600316	0.02825801	0.12966897	0.11795948	0.04440953	-0.14358197	0.04420415	0.43262243	-0.15626107	0.34618141	0.13558718	0.06518265	0.04683986	0.04484720	-0.08033965	-0.03059657	0.39646698	0.36981742	-0.03957859	0.25773030	0.30164930	0.37714878	0.18124927	0.12339472	0.45919327	0.28075014	0.35729079	0.22222829	0.12244639	0.25554487	0.02096985	0.30902421	0.14783549	0.05910740	0.43430134	0.58126325	0.46189736	0.32690372	0.50044235	0.51832682	0.55231178	0.93361219	0.36797159	0.28456447	0.54185010	0.52808789	0.40512978	0.34266528	0.15502250	0.13362484	0.49737636	0.15283984	0.14074023	0.24791553	0.34039840	0.29259289	0.44898746	0.21517249	0.25677415	0.31082707	0.33878583	0.45728739	0.24671875	-0.06595554	0.24609696	0.12897107	0.19726836	0.43284386	0.07859152	0.05591323	0.24961075	0.17490418	0.10863638	0.56149529	0.09911798	0.40875592	0.30236557	0.07117758	0.11136542	0.05239928	-0.18222593	-0.12610625	0.18073817	-0.03932719	-0.04798725	-0.05843170	0.23228224	0.29560475	0.29919526	0.19073363	0.20347554	0.40912372	0.27629016	0.11562010	0.14357366	-0.10227918	0.11444142	0.08163456	-0.00335479	0.09041848	0.09258548	0.05066797	0.03100098	0.26159143	-0.12961977	-0.05397937	0.12988341	0.08756455	0.10866613	0.07281823	0.05129463	0.00147796	0.05809490	0.01539774	0.17171562	0.07429774	0.09044833	0.10083745	0.21494530	0.02711204	0.06136765	0.12938620	0.04974824	0.15322962	0.15073263	-0.04378847	0.20458047	-0.02810110	0.13495488	-0.02838301	-0.07783947	-0.18685234	-0.07841409	-0.16194598	-0.10143360	-0.06214184	-0.09492384	-0.16719256	-0.00185811	-0.10592124	-0.13484448	0.04293126	0.10740575	0.09903575	0.04133868	0.29114499	0.32242441	-0.01041218	0.03141949	0.24223569	0.12135998	0.10788473	-0.00332306	0.03097885	0.01783384	-0.06420583	0.06585744	0.09220231	0.13078450	0.02902782	-0.00141734	0.08873477	-0.02726338	0.02986400	-0.05769199	0.04228246	0.13534871	0.14602566	-0.00816544	-0.14883457	-0.22352134	-0.04326746	-0.21354640	-0.04035396	-0.12201470	-0.23023780	-0.12904656	-0.19525720	-0.27038164	-0.12549108	-0.22880982	0.03821408	0.00229894	0.12692674	-0.03215968	-0.10093581	-0.17558930	-0.02585900	-0.07868953	-0.20149496	-0.14127017	-0.03571360	0.06380045	0.14598128	-0.06202889	-0.34070368	0.01089053	-0.10254109	-0.03708388	-0.04093931	0.16772395	-0.04568499	0.11717553	0.38789653	0.07217557	0.02686810	-0.03440666	0.10936146	0.01118356	0.09096062	0.19884844	0.03940773	0.01648228	0.10981559	0.19649425	0.10130246	-0.05621994	0.06426436	-0.15751016	0.09438023	0.10494796	0.17627317	0.24189010	-0.16030149	0.02772850	-0.21908941	0.04276063	-0.03063591	0.06325042	0.35147431	0.17469060	0.20356150	-0.00258558	-0.10636876	0.18736749	-0.11489423	0.18787738	0.02144797	0.53255626	0.24265716	0.05539094	0.29715661	0.08424161	0.27154918	0.20001662	0.40562778	0.21387480	0.30745119	0.49635423	0.50954147	0.42640914	0.14917869	0.46084357	0.38861850	0.21779873	0.20340536	0.25391691	0.10855017	-0.09686003	0.13549828	0.03142000	0.10928682	0.15993916	0.34355115	0.09524364	0.14968494	0.06537832	0.01926076	-0.03397852	-0.13168000	0.46022015	0.48944395	0.26390526	0.44030322	0.06416334	0.23483172	-0.08576566	0.36131288	0.16082752	-0.02163408	-0.02087582	-0.20467569	-0.28204774	-0.27303929	0.03143671	-0.28215011	0.10343258	0.21675669	-0.01350976	-0.04714008	0.19169987	0.06375182	0.07859635	0.16529119	-0.04903791	0.03146981	0.07298856	-0.10146220	-0.02431201	-0.02236248	-0.08826410	0.01082571	0.10158895	0.21799138	0.02627168	-0.08027603	0.11279582	0.09122694	0.07060264	0.12605490	-0.05472933	-0.02039153	0.01234612	0.03239195	-0.05579872	-0.05313507	-0.16288643	-0.01756305	0.25250067	0.13172667	0.19686259	0.14452330	-0.00884890	0.23075660	0.24157607	0.11177946	0.22966117	0.28967184	0.18593834	0.19542083	0.24112185	0.19497113	0.13313941	0.10800991	0.35542599	0.19844963	0.10600008	0.14337228	0.18001829	0.19956649	0.09185685	0.25583136	0.22025122	0.34678653	0.39645605	0.42074574	0.44588870	0.32758606	0.30938065	0.39368127
17Networks_LH_DefaultA_pCunPCC_4	0.27666723	0.22292577	0.15991077	0.17329726	0.11301093	0.13520138	0.21497118	-0.02042367	0.20878283	0.11985446	0.12873949	0.07550204	-0.00600531	0.09099190	0.32569300	-0.02560674	-0.18775061	0.16577355	0.10351345	0.01075655	0.12741140	0.03747707	0.16473166	0.15633452	0.15438062	0.10213446	-0.08617313	-0.21162641	0.06653168	0.09892950	0.11067492	0.15191010	0.07927793	0.13069342	0.03771728	0.08164241	0.08370794	0.23127058	0.35717602	0.13080346	0.17403160	0.02462217	0.19586855	-0.03545231	0.05290348	0.09204978	-0.13896985	0.04616990	-0.02256982	-0.06413499	0.05803830	0.07064680	0.07229107	0.14433476	0.11279079	-0.00758754	0.19033644	-0.03896889	0.22290800	0.29319202	0.00925446	0.33429518	0.10040177	0.08409767	0.00154997	0.02722873	0.08037839	-0.05030424	0.09863047	0.12094074	-0.01798604	0.22855495	0.08063928	0.14052859	0.11416782	0.21512703	0.08059227	0.15480913	0.10402812	0.13993400	0.14519005	0.35251430	0.30994478	0.24546804	0.25376707	0.07781457	0.06322571	-0.01981683	-0.10541306	-0.06053472	0.02543355	-0.04290007	0.01506747	0.12059696	0.10442473	0.17359843	0.10507611	0.29186378	0.28985963	0.17331854	0.18312563	0.17623567	0.24882082	-0.02332116	0.06050636	0.05863981	0.13818173	0.41052970	0.24980332	0.04620746	0.14172571	0.09477260	0.44506448	0.13749175	0.07036806	0.08885936	0.19449251	0.06397463	-0.00302114	-0.06336100	0.02453056	0.18741919	0.13792301	0.28977201	0.22071983	0.04276956	0.13357635	0.05186408	-0.13551639	-0.03799845	0.30562844	0.29578468	0.11233279	0.33406039	0.21863973	0.44507916	0.35481075	0.16251615	0.26411178	0.32462666	0.41447745	0.44621771	0.30485709	0.23264296	0.02602659	0.06600705	0.24106214	0.19101952	0.37751483	0.40856118	0.35253979	0.27727398	0.32462900	0.21853685	0.27279841	0.36797159	0.91839235	0.40396335	0.38161233	0.41789452	0.22186432	0.29558933	0.24648974	0.21184521	0.50006706	0.27702296	0.07228505	0.31859589	0.36169359	0.06698497	0.39620904	0.22641176	0.22909229	0.32421058	0.33778398	0.34150988	0.39216039	-0.10816719	0.21417695	0.23282152	0.16843178	0.46896550	0.16169263	0.06856097	0.29953436	0.14673112	0.24260511	0.22490520	-0.08776326	0.05884396	-0.01084901	0.06086933	-0.10263741	-0.02219611	-0.12456067	-0.00874564	0.22698888	0.11224331	0.05389563	0.03410728	0.25722368	0.32522844	0.35329950	0.23582560	0.13934232	0.34503007	0.30701616	0.23945587	0.13795120	0.17703204	0.14219612	0.15495321	0.05361265	-0.07276955	0.19474776	0.09486400	-0.11702679	0.08973489	-0.00221994	0.01632912	0.15438100	0.17272684	0.19515632	0.10079842	0.05762535	0.12997460	0.05330084	0.08851579	0.16688308	0.01291352	0.13709899	0.22604876	0.20787799	0.08322758	0.10681398	0.07279378	0.09362526	0.24262593	0.19438739	-0.10777394	0.26323463	0.06369682	0.23129526	-0.02171562	0.08143322	-0.10500208	0.00630227	0.00183997	-0.02067252	0.04352573	0.08994354	0.01898618	0.11715487	0.00341749	0.01169716	0.00779002	0.18329810	0.11539689	0.14248407	0.25469034	0.26169247	0.15237485	0.09519545	0.21246962	0.19774830	0.13760598	0.06159154	0.02216877	0.02353457	0.10794991	0.14560407	0.09855472	0.24863844	0.07899873	0.03707196	0.11966544	0.04672161	0.10576273	0.04797352	0.11921566	0.11898191	0.32642761	0.10914027	-0.00242121	-0.04254364	0.02644268	-0.05629029	0.26761316	-0.04037919	-0.10364156	0.00025809	-0.01437602	-0.19583424	0.05646119	-0.04992256	0.26924286	0.06909493	0.21717785	0.01920340	0.04097136	-0.10854958	0.10355297	0.12299098	0.05524281	-0.04263532	0.11240147	0.29629403	0.20768469	0.03505066	-0.05611110	0.24908524	0.22182767	0.01126153	-0.10230090	0.09668359	-0.10605576	0.05742827	0.27998024	0.05658652	0.15186156	-0.10226714	0.09722558	-0.04262178	0.05320596	0.08701850	0.02419839	0.07344611	0.15928539	0.08477799	0.19887208	0.11785609	0.07155748	-0.02708816	0.21920448	-0.00808415	0.28688535	0.19233149	0.09520105	0.27155140	0.03180099	0.17147382	0.19887607	0.21517123	0.39077710	0.08067486	0.03256376	0.09941845	0.12233272	0.35200426	0.12217040	0.06992406	0.17903356	0.24553439	0.18192468	0.07046078	0.19859473	0.13469976	0.32539285	0.26992731	0.38135697	0.17273217	0.14318686	0.12691048	0.14563370	0.32330944	0.34177261	0.30875771	0.21966955	0.30443762	0.18383222	0.27534161	0.23450193	0.15388454	0.23936937	0.20191755	0.06383503	0.22567826	0.28533927	0.25379536	0.11782325	0.20840970	-0.07748643	0.14654626	0.11822169	0.16516167	0.18886410	0.08332186	0.02455808	0.05918055	0.03002351	-0.06235905	0.13390075	0.04052413	0.11860220	0.15626638	0.02889983	-0.00272626	-0.04262538	0.22954696	0.06343303	-0.01954143	0.09027141	0.04168973	-0.03632765	0.17429388	-0.00718202	0.12589977	0.15354498	-0.04203725	0.06625511	0.08306313	0.00906133	-0.01720142	0.02807197	-0.03014611	0.23569845	-0.00768794	0.07443685	-0.05755882	-0.06318658	0.18132694	0.13175306	0.15371677	0.11008324	-0.01404251	-0.08230084	0.11427330	0.06723000	-0.00836049	0.04775076	0.11428926	0.17221715	0.20411971	0.05873745	0.12759952	-0.00427166	-0.04083787	0.15366293	0.10600335	-0.01226180	0.24332498	0.16906170	0.25144309	0.23928232	0.15797382	0.11458600	0.10787891	0.13338944	0.22701511	0.02971640	0.05951449	0.07453320	0.16091532	0.05613094	0.05694841	0.20896316	0.23492187	0.27680120	0.38243315	0.30451828	0.29931043	0.34360307	0.34646586	0.35639341
17Networks_LH_DefaultA_pCunPCC_5	0.44791583	0.35046514	0.40173083	0.35517649	0.16875170	0.21709487	0.32392637	0.05242322	0.17420844	0.08014138	0.06674352	-0.05094166	0.19132942	0.12150313	0.35456199	0.27748609	-0.01960502	0.18421442	0.10209333	-0.01380135	0.06109420	0.06987154	0.15771533	0.21597953	0.23825937	0.26720088	0.09549485	-0.24051978	0.27663216	0.12399342	0.18837460	0.23460154	0.16549978	0.14170634	0.02160573	0.26646446	0.00397915	0.36662756	0.44263786	0.33183888	0.20595701	0.02952140	0.34495151	0.01603399	0.24082518	0.18116046	-0.03158466	0.24716359	-0.08528009	0.09260584	0.19611650	0.24255075	0.37562582	0.36584706	0.04571723	-0.08418826	0.17343118	-0.08105013	0.20677983	0.39198074	0.16032155	0.60147939	0.29770109	0.15102065	0.11863373	0.09950031	-0.02059169	-0.01885666	0.02007850	0.13512925	0.05315149	0.11112677	0.13615159	0.19625894	0.27433748	0.25599178	0.01504456	-0.05973500	0.08874870	0.06438047	0.20595946	0.43428190	0.34234953	0.30038464	0.37572747	0.33624631	0.24239295	0.17047454	-0.05430908	0.10527589	0.03704320	-0.03662975	0.20792789	0.15172740	0.31284139	0.21566077	0.23492571	0.59891347	0.49775577	0.42000181	0.10978865	0.25891508	0.18521000	-0.08932996	0.07716136	-0.09228611	0.02358145	0.49452917	0.23737343	-0.05055057	0.14490921	0.34247978	0.58172577	0.08622288	0.07274155	0.08100031	0.12626507	-0.03502405	-0.06216953	-0.11082711	-0.07648340	0.06134219	0.15387852	0.09443136	0.05877099	0.07432425	0.25949170	0.00811209	-0.19424643	0.09763598	0.33833505	0.45780336	0.25277681	0.35516984	0.19654538	0.34634831	0.13879022	-0.07595182	0.37240317	0.24905200	0.45659627	0.33736644	0.58260797	0.12373951	-0.01193180	0.05258649	0.11606110	0.06138677	0.44002556	0.47695787	0.57524596	0.28538630	0.30109495	0.33837166	0.35946059	0.28456447	0.40396335	1.15068181	0.39780285	0.47260310	0.54160033	0.52632630	0.56337025	0.50612845	0.62410350	0.39813326	0.07310300	0.34407815	0.51353280	0.31004702	0.33127405	0.31392100	0.31979624	0.33489937	0.69778810	0.42048149	0.44660611	0.08300788	0.27858143	0.33895133	0.22272329	0.49803643	0.29503976	0.06042011	0.38078622	0.26916404	0.19500711	0.37272857	0.25500478	0.36509920	0.27503854	0.13684776	0.06574016	0.02935289	-0.09034051	0.15635986	0.09876645	0.13672899	-0.01039192	0.23360051	0.41939434	0.40560549	0.43595961	0.39049182	0.14409576	0.41319283	0.53615669	0.23324588	0.12994125	0.21537925	0.15557585	0.06954052	0.12938516	0.06851286	0.36166089	0.33805759	-0.03165019	0.07866628	0.06270132	0.12629872	0.19192923	0.12585771	0.11144191	0.11697883	0.21029544	0.24081835	0.05874516	0.16847853	0.26666860	0.05857976	0.10247281	0.19228529	0.15870905	0.09582061	0.14936239	0.20578554	-0.08229989	0.28716561	0.25138063	0.00139137	0.25118162	-0.01043701	0.36126837	0.04974629	0.17441349	0.07132582	0.00657139	0.09401035	0.21521919	0.07657125	0.33321060	0.09902710	0.17681877	0.07908368	0.20906013	0.04071687	0.16580851	0.06062777	0.17938150	0.38120977	0.40227955	0.16601442	-0.06919307	0.19774158	0.17058985	-0.04631377	0.10955231	-0.04276724	-0.04251976	0.08438089	0.13389488	0.08585073	0.13386028	0.06484995	0.15411603	0.11014423	0.07027451	0.02238850	0.10792619	0.12243741	0.16139642	0.39704724	0.17310201	0.06493054	0.10995154	0.09427486	-0.04753253	0.26779938	-0.12098483	-0.15283784	0.01753716	-0.03084053	-0.13185773	0.12672851	-0.03609529	0.45237906	0.08007542	0.12339195	0.12606611	0.08943028	-0.00353317	0.38189229	0.09974238	0.05946261	-0.12429982	-0.13578379	0.25807069	0.19756662	-0.15278603	-0.20324339	0.17262896	0.13805819	0.10412049	-0.01968219	0.11567951	-0.18321191	0.14890871	0.31083317	0.04900820	0.16407298	-0.13057336	0.13032978	-0.02422570	0.16507618	-0.03041366	0.11271656	-0.14294974	0.04732447	-0.02306006	0.15989742	0.04953668	0.00444248	-0.01583552	0.12059625	0.12864974	0.15218625	0.07616381	-0.18415440	-0.08493998	0.10522454	-0.12155893	0.02543227	0.09796359	0.32605972	-0.02225634	-0.01034422	-0.06118607	-0.04133251	0.32049047	0.32631088	0.00608545	0.08642919	0.32662053	0.32173440	-0.09617398	0.18110081	-0.02269086	0.34439764	0.20307156	0.15096735	0.11420987	0.14324657	0.20457495	0.20554005	0.14480960	0.61333038	0.39901495	0.37980282	0.28352674	0.32610057	0.52545468	0.07944912	0.11955613	0.17997422	0.09095846	0.05400702	0.35120645	0.33346078	0.56397873	0.08693979	0.46406192	-0.00324602	0.15027020	0.04570271	0.37001534	0.28379025	0.33089858	0.25959762	0.00589084	0.00963388	-0.18493959	0.16633903	0.06317009	0.19995542	0.04681578	-0.21757072	0.11278122	0.07633212	0.16538827	0.05004610	0.09540314	0.16551822	0.03668585	0.07129759	0.36871758	-0.05228854	0.12910418	0.24998073	-0.00265493	-0.09572645	0.15467663	-0.05703522	0.04014860	0.10281641	-0.00312554	0.30459048	0.06046659	0.09560761	-0.05471258	0.02370565	0.32334963	0.03411523	0.06896716	0.18779905	-0.04018005	-0.15355118	-0.01687602	0.04273342	-0.06731901	-0.03251390	0.06352390	0.10913408	0.15135557	0.13510605	0.16506147	0.15786162	-0.07397495	0.10820633	0.14753805	0.08159086	0.24179529	0.13473782	0.15747596	0.16426614	0.20455889	0.14896536	0.01511921	0.07055454	0.31425321	0.10887048	0.12001022	0.10562240	0.16152697	0.10488811	0.00851073	0.25216737	0.24120582	0.29621417	0.47307103	0.39333992	0.43876578	0.43408317	0.42741948	0.34888206
17Networks_LH_DefaultA_pCunPCC_6	0.14752620	0.14403232	0.23576934	0.26408079	0.16714697	-0.09024241	0.21645957	-0.22967145	-0.04849779	0.03390743	-0.00315062	-0.06077124	-0.04099325	0.04844659	0.26066873	0.11355376	0.03324099	0.15887942	0.19980677	-0.08750943	0.25213165	-0.01436706	-0.00201250	0.28284700	-0.05187341	0.00167947	-0.13962750	-0.22824475	0.00648070	-0.08706642	-0.02429579	-0.03269761	0.03937862	0.08673470	0.12015193	-0.04245418	-0.01333162	0.17890201	0.32994267	-0.02898656	0.12847721	0.07527012	0.10677093	-0.11347865	-0.11501158	0.05612986	-0.28628864	-0.12206282	-0.13578410	0.05125718	-0.09242202	-0.15056820	-0.10428544	-0.09210405	-0.05099774	-0.01651734	0.04749406	-0.05215060	0.09647346	0.20061062	0.03907357	0.27553255	0.01921137	-0.00801205	0.25177606	-0.00334660	0.24248768	-0.00654291	0.00628831	-0.02789016	-0.04745503	0.12880542	-0.06574005	0.02395166	0.11211476	0.10414210	-0.07489140	0.06574890	0.21210622	0.19391825	-0.03484495	0.43742786	0.47929622	0.32797400	0.16340199	-0.05260350	0.06372705	-0.17204391	-0.24699888	-0.21027590	-0.32548361	-0.36587996	-0.26122320	-0.19976835	0.00575650	0.01921423	0.13411425	0.05785746	0.22579546	0.14552023	0.04573162	0.08374674	0.23382759	-0.07807810	-0.13867741	-0.12835419	0.17640328	0.42321550	0.12547450	0.06232816	0.16228053	0.16962627	0.49447520	0.00316308	0.00892641	-0.05561274	0.08021171	0.03200961	0.01316693	-0.13458590	-0.16728493	0.50740973	-0.06131879	0.38839289	-0.03603911	0.05318268	0.25478943	-0.11763720	-0.18135215	-0.10642789	0.50220923	0.37302886	-0.01833780	0.24791477	0.06227327	0.62367587	0.17107128	-0.00344666	0.63508031	0.24644955	0.47773686	0.40813612	0.26820507	0.64638503	0.31944609	0.66001957	0.26778646	0.21911305	0.49470202	0.66982386	0.73454276	0.34191238	0.58122998	0.55465176	0.79800518	0.54185010	0.38161233	0.39780285	1.32039116	0.90303202	0.44679208	0.36947500	0.32182201	0.26663477	0.64017868	0.34955890	0.07051032	0.25631571	0.31886292	0.20370650	0.33374011	0.23758033	0.28732147	0.53470015	0.35023981	0.35661686	0.34330031	0.00739759	0.34295874	0.30814719	0.35736282	0.58785994	0.07581359	-0.01538430	0.27821482	0.13884722	0.13921251	0.60158680	0.19428457	0.44092614	0.60689201	0.24967069	0.12147470	0.09247477	-0.21832490	-0.14983396	0.14910419	-0.20558571	-0.18823643	-0.18427293	0.19524474	0.31575518	0.33316145	0.21483921	0.16406488	0.42818458	0.35027893	0.09265947	0.10557990	-0.01228692	0.16137710	0.10493968	-0.04528427	0.06763244	0.05385733	0.11659221	-0.10952163	0.17715579	-0.09751059	0.00055760	0.29035836	0.16289639	0.18115543	0.04051639	0.00912576	-0.22353990	0.11294221	-0.07922621	0.22313426	0.01796245	0.06503591	0.17517308	0.21598277	0.00448043	0.02964508	-0.04806691	0.03982640	0.13178075	0.09718181	-0.05421018	0.12619242	0.00773160	0.11895725	-0.03386378	-0.05697261	-0.21702979	-0.02083617	-0.09199928	-0.07492198	-0.09074239	0.01877317	-0.12199728	-0.19975855	-0.00193511	-0.09035939	-0.15390147	-0.00368796	-0.13497932	0.16590983	0.21007184	0.38652113	0.03578772	0.09400988	0.46190749	0.07910062	0.07815450	0.16591442	-0.12849010	0.08536713	-0.09628407	-0.00274649	0.20490503	0.03733441	-0.07745981	0.00354567	0.08987310	0.01023991	-0.02661536	0.18932815	0.09617340	0.01817202	0.18539032	0.02685464	-0.12848831	-0.19406087	-0.21437057	-0.23352966	-0.15829608	-0.25276923	-0.21506468	-0.11907668	-0.29136539	-0.37532300	-0.22292878	-0.37670191	0.00617514	-0.11448531	0.20516904	-0.05052545	0.07611934	-0.09948545	-0.07590761	0.15173384	-0.18045457	-0.29458990	-0.05651620	0.12242515	0.33516372	-0.03726893	-0.39691197	0.10959403	-0.06188774	0.05632780	-0.04785011	0.18386816	-0.10580493	0.09858735	0.45440992	0.04278563	-0.02647199	0.02561900	0.08313821	-0.03166686	0.16665621	0.17922578	0.09272964	-0.01525759	0.06831060	0.52135436	0.21114347	-0.22657000	0.24784303	-0.27810020	0.10094686	-0.02114769	0.09272287	0.13844038	-0.11328899	0.17884380	-0.17216417	0.08460647	0.16848780	0.23948074	0.42851093	0.12658176	0.07448757	0.03986391	-0.14219758	0.28383845	0.01931028	0.53033326	0.35237273	0.99900811	0.51694727	0.43420655	0.37444945	0.16239600	0.34447984	0.45489791	0.40884132	0.34261444	0.55049090	0.54253725	0.81052219	0.39039000	0.17104728	0.69203642	0.41862431	0.25468570	0.25651436	0.36415284	0.17542409	-0.07933806	0.20028427	-0.07255178	0.19273984	0.25960518	0.19673665	0.27343155	0.15609143	0.07453517	-0.04837052	-0.02894783	-0.15699238	0.60365025	0.75740767	0.45719242	0.67921845	0.04551060	0.31325295	-0.06067533	0.35600561	0.34316695	0.15531272	0.01464551	-0.23089255	-0.23515931	-0.26438706	0.25419210	-0.24805874	-0.02651369	0.12469950	-0.05819340	-0.18735538	0.13941968	0.00302273	-0.04747802	0.11918730	-0.04929975	0.06091854	-0.01839976	-0.15206677	-0.19695618	-0.27448812	-0.13437585	0.05379731	0.09005276	0.19581198	-0.01248697	-0.12820135	-0.00767432	-0.01629126	-0.05223908	0.02012683	0.02442535	0.02383303	-0.05967542	0.03156955	-0.20924127	-0.27318725	-0.13922725	0.09164042	0.24720276	0.14027170	0.17260335	0.11940386	-0.08622782	0.16943982	0.06656796	0.02408757	0.23802452	0.29628233	0.15439052	0.24446195	0.31618194	0.19186084	0.25107698	0.08187682	0.33633395	0.21979556	0.12174780	0.06132670	0.29293250	0.21350845	0.05696809	0.27685486	0.34146903	0.44542127	0.48344702	0.45357044	0.48330505	0.39602752	0.38502378	0.41676157
17Networks_LH_DefaultA_pCunPCC_7	0.24223313	0.28325025	0.32354867	0.36850499	0.26328082	0.02093110	0.32765200	-0.16209785	0.11810010	0.11565973	0.18674647	0.07120531	0.11480721	0.14649638	0.32399730	0.13522713	0.00643956	0.22482979	0.22054447	0.03574717	0.32604841	0.05140336	0.14155316	0.37828618	0.07368486	0.15585588	-0.03685345	-0.12413396	0.14513455	0.01667549	0.11880072	0.11705867	0.15596916	0.16954150	0.23771695	0.10947142	0.05469766	0.27712867	0.43112182	0.14909321	0.23824754	0.11614917	0.19191925	-0.04834895	0.01779087	0.16806193	-0.28004033	-0.03084551	-0.02390680	0.09710261	-0.03499555	-0.00070356	0.08786409	0.10387591	0.05789030	0.04736399	0.14543370	0.09236234	0.21264600	0.25374257	0.10921884	0.29947429	0.13570397	0.08294039	0.21762505	-0.04312517	0.22495347	0.05456138	-0.00407976	-0.04648941	0.04410178	0.18560059	-0.01137213	0.16648562	0.16504897	0.23350554	-0.06349496	0.11370570	0.32478398	0.26499111	0.11964457	0.47222716	0.44984779	0.39570139	0.23811544	0.13560370	0.18685458	-0.06583634	-0.15355160	-0.08155667	-0.28238780	-0.28333233	-0.07873393	-0.09923211	0.26595633	0.17636793	0.33560012	0.25368172	0.32356727	0.24238941	0.13412950	0.21700612	0.23193390	-0.04284305	-0.11583865	-0.22805803	0.08711797	0.39724615	0.08314618	0.00487744	0.08078115	0.22400816	0.48054592	0.07380828	-0.00344408	-0.00750497	0.13716670	0.01526954	-0.03806695	-0.17018945	-0.08464004	0.31839953	0.05418073	0.30650981	-0.03133657	0.02786022	0.28529775	-0.12674088	-0.16549440	-0.05061748	0.37954637	0.34312132	0.05684951	0.17286604	0.08536047	0.61866729	0.20363321	-0.03994932	0.48621105	0.16452449	0.45648220	0.42240725	0.40732648	0.45471705	0.24388397	0.63918224	0.26153765	0.22197140	0.50634906	0.64346205	0.79486521	0.34816785	0.54293577	0.60529324	0.73835369	0.52808789	0.41789452	0.47260310	0.90303202	1.32547648	0.51215169	0.47129482	0.42744596	0.32315338	0.68445318	0.40375237	0.08013721	0.29792594	0.31345532	0.24443321	0.32245784	0.28286570	0.33643722	0.55873631	0.47030301	0.43893175	0.42735458	0.00727453	0.22554380	0.40265096	0.30797609	0.55471492	0.18639794	-0.02367778	0.34952276	0.28459320	0.08147873	0.56839016	0.23825957	0.49215424	0.56623851	0.20631867	0.15387079	0.08105567	-0.15776209	-0.01160553	0.18463133	-0.11485333	-0.13888369	-0.01427178	0.25115991	0.25427982	0.45756451	0.13398796	0.12912260	0.48003205	0.33334064	0.22930916	0.14117708	0.04147626	0.26684197	0.19882188	0.05909640	0.02361944	0.14379687	0.18163804	-0.02001882	0.21106844	-0.00666510	0.08811018	0.32294282	0.24729946	0.26508262	0.22346212	0.19410512	0.04000108	0.15689289	0.06718783	0.27707676	0.07015175	0.08413166	0.19757109	0.27695736	0.12941418	0.07769974	0.14672100	0.09176169	0.24227496	0.20009264	-0.00860660	0.29165303	0.16867924	0.20674476	0.04787712	-0.03291894	-0.18919534	-0.05601709	-0.17293025	-0.03619495	-0.03451609	0.01761251	-0.10250857	-0.06235521	-0.04673796	-0.02280803	-0.04492720	0.09169211	0.02336893	0.24938286	0.22139252	0.45445485	0.05482233	0.03907329	0.45953259	0.16267035	0.08815767	0.17148327	-0.07092411	0.13059470	-0.06771548	0.09086241	0.22481144	0.01230503	-0.03575801	0.15436756	0.12114309	0.15206351	0.03286536	0.30257737	0.21161484	0.18028165	0.23450899	-0.00381351	-0.08524387	-0.06907747	-0.09982759	-0.07038134	0.01565480	-0.11388437	-0.17691589	-0.06215994	-0.25134930	-0.26786812	-0.15019266	-0.33758042	0.22990488	0.03256788	0.35150707	0.14527252	0.21207751	-0.05351446	0.06957554	0.18326652	0.00330393	-0.26598181	-0.13093203	0.19372874	0.45003459	-0.09301414	-0.35378935	0.11524213	-0.02899718	0.07622128	-0.03732411	0.15449994	-0.14276389	0.10995353	0.43837155	0.04677671	0.06914881	0.01172407	0.13145387	-0.00795305	0.18697741	0.15488823	0.05556307	-0.04374841	0.06183584	0.44293423	0.13679119	-0.09682195	0.22843677	-0.21598927	0.16398619	0.02154856	0.11285462	0.12931089	-0.11184339	0.15367038	-0.08679021	0.01155974	0.10790925	0.29205200	0.42660123	0.10685364	-0.01738031	-0.01393815	-0.13722357	0.31630835	0.25347325	0.47400413	0.32662174	0.97244154	0.66230047	0.27857589	0.36301513	0.10304648	0.40339059	0.42480620	0.42275060	0.37004834	0.50087524	0.57962706	0.74236710	0.37632108	0.19464096	0.71049306	0.45411863	0.22583625	0.28033265	0.46072985	0.18700486	-0.05106216	0.20937158	-0.05281170	0.16808250	0.41067873	0.22882940	0.40359090	0.11704957	0.06330349	-0.08618557	0.06983094	-0.09798379	0.66320776	0.73170437	0.45356549	0.67794454	0.07603491	0.30381284	-0.13093243	0.43169271	0.39185842	0.23853758	0.04857222	-0.23173713	-0.07616596	-0.13673418	0.26866897	-0.13388115	0.02112102	0.16447196	-0.03119034	-0.14711060	0.11772678	-0.07243330	-0.07958842	0.03153493	-0.09794573	-0.06766565	0.12064706	-0.15873879	-0.07160895	-0.14824645	-0.20392797	0.10703209	0.10208097	0.31026606	-0.04904805	-0.17341154	0.05511488	-0.07884858	-0.06872798	-0.00940302	-0.09270196	-0.10643697	-0.04155073	0.01852918	-0.16602160	-0.22609749	-0.20444112	0.08171834	0.27453459	0.20859414	0.27266169	0.17514120	-0.05289142	0.26009314	0.22756629	0.02711483	0.30783219	0.34190177	0.27510307	0.29318635	0.30877493	0.23171474	0.23742890	0.04990432	0.41265881	0.29976402	0.20252375	0.15996832	0.33517462	0.28253439	0.11875383	0.35171291	0.33565444	0.53773907	0.55209969	0.49148903	0.53102847	0.52437615	0.45207294	0.46343616
17Networks_LH_DefaultA_PFCm_1	0.28205973	0.35406786	0.37850445	0.30021324	0.08195145	0.09287098	0.20624249	-0.12830612	0.02653987	-0.09823256	0.08122110	-0.00308106	0.10502818	0.10758551	0.26425759	0.27076033	0.16452151	0.06369368	0.09051709	0.00665628	0.17127199	0.03770303	0.04610569	0.21119571	0.13262785	0.26759235	0.04588257	-0.12833141	0.16926838	0.00018810	0.09517220	0.21088730	0.17170064	0.14242604	0.17121926	0.09699271	0.09214463	0.43637500	0.42340075	0.18658890	0.18202511	0.08150441	0.23304524	0.14385739	0.16761221	0.20512014	-0.16047820	0.06562590	0.06652367	-0.00362000	-0.00846052	0.02907337	0.12970915	0.13871517	0.03771315	-0.05309207	0.07684942	0.13513131	0.15237950	0.20399175	0.10792099	0.38987086	0.23052222	0.06365934	-0.02607613	0.00723337	0.10569867	-0.03284895	-0.26417426	-0.03755834	-0.01150277	0.07920518	0.03532306	0.15064917	0.17532740	0.14969243	-0.02460081	-0.02284678	0.01206069	0.07441372	0.31713860	0.38142563	0.29054487	0.30689753	0.25687577	0.12372653	-0.00762051	-0.12333066	-0.14258172	-0.04377988	-0.15909305	-0.17988089	0.06735642	-0.02257645	0.15976690	-0.03744084	0.13105194	0.34509661	0.33965187	0.20907851	-0.13004183	0.10614627	0.03879944	-0.15947952	0.00168934	-0.19804729	0.11588639	0.45734581	0.24559618	-0.00557621	0.22871337	0.44264201	0.67319947	0.15540599	0.09201699	0.01105060	0.16538870	0.08684685	-0.01270993	-0.12242079	-0.04355242	0.21041528	-0.24856526	0.09489595	-0.09659095	-0.12609406	0.18092691	-0.03910755	-0.13675768	0.02322042	0.35113658	0.45133166	0.10377581	0.15648569	0.15454175	0.26256785	-0.10771703	-0.20827804	0.39170607	0.14477572	0.34520064	0.08239334	0.43458562	0.16181451	-0.05082488	0.11400838	0.12220450	-0.00271047	0.42834486	0.62090069	0.56259330	0.33682459	0.45873381	0.62296689	0.65355066	0.40512978	0.22186432	0.54160033	0.44679208	0.51215169	1.13557070	0.69678248	0.57446243	0.56845504	0.54189976	0.42177465	0.21483047	0.40734654	0.54784871	0.53519990	0.21413753	0.13601138	0.22455767	0.20119153	0.69266279	0.46662038	0.30388953	0.13975147	0.19338509	0.31882920	0.25114710	0.32242499	0.26323927	0.06525293	0.35299652	0.21930046	0.06483753	0.48332753	0.44982209	0.66221444	0.53966267	0.26437489	0.21288820	0.08974444	-0.12514887	-0.01395108	0.09535942	-0.10920478	-0.22256727	-0.01997682	0.28323208	0.19963387	0.42658742	0.23590416	0.19887584	0.37365188	0.37721827	0.17213413	-0.02023464	0.01601915	0.15169467	0.06120233	0.17675370	0.17460810	0.25155700	0.18583605	0.08189496	0.15351436	0.03639302	0.09955499	0.20570340	0.14600784	0.21623747	0.16326363	0.21444198	0.20824206	0.06070470	0.17090213	0.21470586	0.16102353	0.06844914	0.05255435	0.17044872	0.13156112	0.04908134	0.26841631	0.03756027	0.24519697	0.16427855	-0.04377582	0.35632642	0.06970454	0.16722062	0.14034362	0.08252413	-0.02810786	-0.12451854	-0.09884329	0.18541596	-0.01893808	0.09190904	-0.05259396	0.08057743	-0.03217454	0.05361621	0.14374316	0.10065344	0.14314538	0.11248326	0.27601965	0.35486883	-0.03551968	-0.21240993	0.14603202	0.05691964	-0.15864013	-0.04967508	-0.14768072	-0.04923297	-0.18455020	0.16041185	0.11411324	-0.01721715	0.01736149	0.11684297	0.06393229	0.02860933	0.03404179	0.05058758	0.14814129	0.21851658	0.17752275	-0.04061335	-0.02124997	-0.02380704	0.03578354	-0.17250654	0.03832857	-0.22332032	-0.14684813	-0.02061300	-0.12083891	-0.19858469	-0.04520029	-0.16563330	0.26106058	0.08212323	0.02999032	0.21195079	-0.07003819	-0.21014106	0.24224713	-0.00631228	-0.19139262	-0.22596871	-0.20772517	0.09769071	0.20924071	-0.13713848	-0.40558668	0.15694805	-0.03455521	0.17839961	0.15128661	0.22407599	-0.14323116	0.28271459	0.55621861	0.08581165	0.19106714	-0.01052064	0.19529515	-0.05512561	0.24549482	0.02296153	0.02588503	-0.21874659	-0.09137667	0.17528425	0.12587055	-0.03008760	0.01134187	-0.12948319	0.02864113	0.19226828	0.15802892	0.09179209	-0.39544386	-0.20551504	-0.21299235	-0.31187482	-0.05049234	0.10940158	0.28137999	0.08817847	0.19152227	0.04155179	-0.14053229	0.23496651	0.16540773	0.13028568	-0.04145242	0.56336911	0.36694950	-0.14562063	0.21514466	-0.00201904	0.44857827	0.12549719	0.26851383	0.20629541	0.37743755	0.58645245	0.59177453	0.19453942	0.29201438	0.54561441	0.70651032	0.44552778	0.56002597	0.58702029	0.02827383	0.09595629	0.10578775	-0.07575318	0.16577058	0.22395494	0.35259761	0.41913855	0.19923046	0.16687622	0.18953071	0.04686345	-0.14808268	0.63502667	0.50612392	0.47578032	0.59925859	0.13140621	0.12453145	-0.11714942	0.48633945	0.26994019	0.15426849	-0.04592115	-0.45793597	-0.18529885	-0.13652372	-0.05799471	-0.41399220	0.19940182	0.24695152	-0.12824506	-0.07395465	0.18336157	-0.07712732	0.00307583	0.16800897	0.04945797	-0.13452715	0.16249785	-0.12682633	-0.03781668	0.02691738	-0.12144672	0.07832770	0.15514381	0.22726162	-0.04164913	-0.02447874	0.12112237	-0.02757410	0.00239671	0.03539599	0.02930420	-0.01540892	0.00117082	0.08015054	-0.05118477	-0.03562093	-0.13186250	-0.06964949	0.17159408	0.16171236	0.24293631	0.16367170	-0.05312158	0.11943461	0.15314473	0.02665553	0.21239562	0.13544687	0.19697548	0.14410254	0.14222458	0.22156806	0.06220321	0.21965892	0.29003749	0.19447246	0.11218734	0.13039049	0.12414972	0.20825921	-0.00565905	0.21705431	0.16185251	0.30263725	0.45999277	0.42358977	0.48165865	0.42988883	0.39190910	0.39843535
17Networks_LH_DefaultA_PFCm_2	0.15020147	0.17035762	0.23572867	0.31728401	0.16115046	0.16469682	0.20441218	-0.02284218	0.11767736	-0.05123906	0.02077274	-0.07053220	0.26294870	0.06881459	0.22220076	0.18257079	0.12640843	0.06929361	0.08941705	0.00680714	0.08785236	-0.02768013	0.03151295	0.20534446	0.15939038	0.28758887	0.11926081	-0.08677673	0.17842322	0.18775870	0.17492355	0.27043593	0.15294615	0.09591765	0.10578389	0.08671448	0.05958668	0.34839433	0.32841097	0.15931497	0.20751622	0.01733511	0.25984656	0.03951541	0.27747880	0.27109533	-0.05900123	0.19331417	0.09702773	0.11909873	0.06863773	0.16080534	0.19134866	0.08099446	0.08996447	-0.01977650	0.17473755	0.18196709	0.24603354	0.13271576	0.15575217	0.29457904	0.15049069	-0.04437869	-0.07694556	-0.10209691	0.09105966	-0.04387414	-0.26108495	-0.11444547	-0.05878512	0.08612764	0.11971303	0.16390486	0.14723919	0.23208034	-0.05129239	-0.02531453	-0.07972268	-0.06958107	0.21559282	0.37294980	0.20790157	0.29553426	0.31902407	0.20828761	0.09896031	-0.05860395	-0.00181804	0.08641584	-0.04764358	-0.02671669	0.11315888	-0.03086715	0.24037937	0.08604142	0.09762056	0.35040541	0.40556084	0.24644412	0.05532159	-0.03273389	-0.04246639	0.05149963	0.03032682	-0.15648920	0.18393033	0.45612396	0.26025650	0.02526671	0.27603749	0.44202181	0.49303082	0.09818597	0.03282828	-0.02211369	0.06776825	0.11144770	-0.07635166	-0.06494414	-0.04151276	0.09281749	-0.20901782	-0.05118630	-0.07547908	-0.10762151	0.13029946	-0.12314047	-0.17369632	-0.01386754	0.28325318	0.35327020	0.12894789	0.20342251	0.15069139	0.29886143	0.00181121	-0.19691377	0.24634927	0.15698002	0.34682300	0.15339830	0.46701503	0.18498793	-0.10235650	0.00932244	0.18037896	0.07170561	0.39028868	0.52885414	0.53787289	0.22081700	0.38713161	0.50912863	0.56903511	0.34266528	0.29558933	0.52632630	0.36947500	0.47129482	0.69678248	1.20488772	0.54009117	0.65296971	0.54470029	0.51220098	0.18159313	0.34491916	0.46479762	0.30578449	0.20998058	0.20532192	0.14539127	0.26442417	0.56255487	0.32278926	0.21354605	-0.04389278	0.06912209	0.36652717	0.15157995	0.26970013	0.35908567	0.08298305	0.38289087	0.18262233	0.00409622	0.32667527	0.33950621	0.62308249	0.46072793	0.25409497	0.23828372	0.18055485	-0.01770809	0.11974060	0.12152380	-0.07096109	-0.24683127	0.03634397	0.16715212	0.22759797	0.25298123	0.23557194	0.13766978	0.31843071	0.28958032	0.21039379	-0.07396634	0.03650585	0.05290662	0.02364101	0.23388590	0.09386442	0.07497490	0.18931073	0.06993334	0.16954712	-0.00569259	0.08022384	0.13350753	0.13380617	0.20605086	0.22654923	0.24150878	0.32457571	0.13599294	0.20609493	0.25300093	0.08526752	0.10353440	0.01026951	0.19375911	0.12774522	0.06903236	0.17035775	0.00394438	0.29638531	0.14449500	-0.02948909	0.21852273	0.08525646	0.12066990	0.10680053	0.10526939	0.07685380	-0.06364983	-0.02082369	0.20511744	0.10565754	0.19686065	-0.01900104	0.14184222	0.14029970	0.10370064	0.17170635	0.17328532	0.21296779	0.15889999	0.11677370	0.23686796	-0.09319962	-0.22365661	-0.00724904	-0.04003591	-0.20618012	0.01516629	-0.14028155	-0.06521559	-0.23738349	0.16940750	0.00727649	-0.10283686	0.05883488	0.09713297	0.00387019	0.05855235	-0.06512095	-0.06323973	0.13269476	0.17593530	0.14517131	-0.11215262	-0.10001965	0.05035054	0.11001286	-0.09855561	0.08749341	-0.09470996	-0.06420737	0.00283203	-0.07966978	-0.05402172	0.09474471	-0.13618073	0.30006992	0.15398141	0.03638012	0.28305502	-0.11430723	-0.04332928	0.16799373	0.11616146	-0.16095782	-0.16535933	-0.23926010	0.15293668	0.20941214	-0.01527302	-0.30901477	0.31136773	0.08200915	0.26273732	0.18632956	0.36928083	0.05907344	0.32854325	0.33072414	-0.03114584	0.15212353	0.12702680	0.18929101	-0.06674634	0.05229668	-0.03007308	-0.05461860	-0.25578952	-0.21528656	0.20436221	0.19346655	0.06476542	0.17957386	-0.09546710	0.07738147	0.01703075	0.16440978	0.04659715	-0.27362236	-0.05090153	-0.20156854	-0.27124817	0.02336658	0.26774762	0.27895157	0.03257951	0.14097200	0.21151040	-0.04074077	0.34757874	0.27801906	0.13352301	0.01785777	0.50136940	0.32510152	-0.17246009	0.20936919	0.05255982	0.49841452	0.19692515	0.29923076	0.17200399	0.39395680	0.48244531	0.49624984	0.27209798	0.28096811	0.52997108	0.68674841	0.33826025	0.58628594	0.63099772	0.23917610	0.17833797	0.20123662	-0.13361110	0.21771328	0.34908242	0.32957627	0.42465456	0.09953030	0.17632125	0.21560312	0.11070104	-0.00368818	0.46178501	0.36778982	0.44878052	0.51494680	0.08362176	0.16767274	-0.02736667	0.52461131	0.35257248	0.26743318	0.08752637	-0.35813419	-0.10539063	-0.09114133	0.05336190	-0.21190505	0.18331228	0.26714110	-0.06856808	-0.06391310	0.17198128	0.01191248	0.21154267	0.13666763	0.10468445	0.02887966	0.25308688	-0.06439045	-0.03062947	0.11710836	-0.07672706	0.02806364	0.15750408	0.13295975	-0.06053916	0.04906066	0.10466266	0.09591675	0.14053572	0.01117866	0.09047079	-0.05308336	0.04239629	0.06527230	-0.00933801	0.02537067	-0.07484216	-0.05133633	0.24260808	0.17308905	0.27729346	0.18879094	-0.09386016	0.17843025	0.16176555	0.13502039	0.31644165	0.16992815	0.19679354	0.24988266	0.25947825	0.24622879	0.06233027	0.13685619	0.24583894	0.16913024	0.21944682	0.10842871	0.06128115	0.18446979	0.09245545	0.21708709	0.18086205	0.38556628	0.38877243	0.36138629	0.38043699	0.29051770	0.31620027	0.43655036
17Networks_LH_DefaultA_PFCm_3	0.28542291	0.21707612	0.21807645	0.16474637	0.17256146	0.25837236	0.16155486	0.11458388	0.14759453	-0.01047368	0.18351339	-0.03156706	0.16571599	0.20353974	0.22369601	0.34315603	0.11845025	0.16741510	0.11460965	0.13152605	0.16263560	0.19730950	0.20017311	0.16568749	0.27893433	0.30339742	0.10702945	-0.15897283	0.25706761	0.14300327	0.22268268	0.30442741	0.11451075	0.07928438	0.08085445	0.13284421	0.05649869	0.39773312	0.38112932	0.30928053	0.28129022	0.01599856	0.32498182	0.14252605	0.35570406	0.16440176	0.03462267	0.30454905	-0.04769391	0.13585416	0.34681340	0.39737107	0.32658066	0.26099797	0.28451986	0.09992984	0.29692009	0.11108901	0.32464462	0.10516050	0.20230564	0.25519273	0.15085088	0.08232588	0.12677195	0.01212996	-0.03588441	-0.03516105	-0.07115777	-0.02997105	0.02631379	0.01806353	0.02823340	0.08609480	0.05018072	0.11180568	-0.06989697	0.06608831	0.13821891	0.12083694	0.36086816	0.38578186	0.19871566	0.30247931	0.26228652	0.31506683	0.21134739	-0.00306014	0.11959703	0.21585998	0.13843676	0.07625006	0.30839016	0.23036421	0.31373021	0.22117057	0.28260195	0.44846875	0.58520715	0.36684441	0.13362156	0.32587341	0.18991801	0.04823145	0.29432262	-0.04659083	0.00301374	0.47170730	0.10246092	-0.04538000	0.11495648	0.32395534	0.67840371	0.20875377	0.14038853	0.08322707	0.11144672	0.05140832	-0.01545071	-0.10233936	-0.01543965	-0.00486414	-0.07354064	-0.02087389	-0.19238143	-0.07070313	0.13285975	-0.01774213	-0.20158786	0.06387016	0.29188144	0.42165699	0.21285569	0.08238439	0.07094001	0.31452062	0.05208785	-0.22586277	0.20706295	0.16996176	0.56324301	0.46296443	0.74997300	0.09312628	0.01055271	0.15686649	0.05306551	0.04794137	0.42763126	0.47104412	0.49888082	0.24280221	0.23765275	0.26972492	0.38691704	0.15502250	0.24648974	0.56337025	0.32182201	0.42744596	0.57446243	0.54009117	1.22583694	0.82748526	0.60912556	0.64851244	0.12945702	0.47186885	0.43149568	0.31391755	0.18961743	0.38250349	0.23705037	0.38799749	0.81078950	0.41868579	0.50846807	0.14150311	0.13740101	0.51326019	0.35006881	0.38153619	0.45351114	0.05633174	0.45093305	0.39248494	0.24190798	0.23557282	0.23108170	0.30447252	0.32853143	0.23068622	0.14271422	0.22048022	-0.01720638	0.05312422	0.10466437	0.02891139	-0.11939935	0.12191037	0.15273314	0.15434849	0.33825414	0.21849391	0.15946743	0.22171971	0.37915440	0.20265657	0.02210298	0.12930971	0.17655892	0.11520416	0.15368652	0.15908134	0.25411348	0.13840011	0.11463464	-0.04580037	0.01145469	0.11356173	0.23864616	0.05807023	0.23264115	0.19578291	0.31516162	0.32651851	0.03128251	0.32545707	0.24923765	0.08312248	0.14862984	0.17779938	0.15394466	0.25694252	0.09701560	0.25351509	0.06475321	0.34058091	0.23846910	-0.03293910	0.34268100	0.13950686	0.20627324	0.14264764	0.24858380	0.22422755	0.10216323	0.11480319	0.18002701	0.08527159	0.24589233	0.21817061	0.34627489	0.07708173	0.12440520	0.20134729	0.34077534	0.26517922	0.18049388	0.05737222	0.27214438	0.03917027	-0.27809613	0.15060365	0.07538566	-0.13420033	0.10258700	-0.10174782	0.05756595	0.03420515	0.17565954	0.07290596	0.01339200	0.06861788	0.06903660	0.01032680	-0.02490320	0.02093847	0.08425732	0.19324161	0.26586278	0.15772052	0.03572816	0.11238720	0.19793175	0.09005319	-0.05247735	0.25985783	-0.14178592	0.02074491	0.08751101	0.12295945	0.01512750	0.21594616	-0.05449667	0.44640097	0.19581179	0.09971420	0.32998791	0.08062322	-0.00548161	0.20790573	0.07817681	0.05289661	-0.14651475	-0.16065194	0.32558222	0.32488088	-0.07017427	-0.06545652	0.33326382	0.16720920	0.11240555	0.07241118	0.14112949	-0.27299913	0.33020190	0.30804154	0.03528440	0.32736155	0.00970683	0.25769938	0.04868915	0.20294868	-0.03657555	-0.06421175	-0.17559225	-0.00078301	-0.04955451	0.14155065	0.00894100	0.08473480	-0.07831734	0.13104512	0.10991594	0.05225756	-0.05634963	-0.28565239	-0.17382438	-0.07876943	-0.19302807	0.01624445	0.22130250	0.26120809	-0.00151324	-0.05746552	-0.13984580	-0.12020547	0.39567619	0.45902612	0.05396737	-0.01681940	0.30407218	0.22022706	-0.06590858	0.06886011	-0.04588389	0.43211260	0.14829433	0.10542935	0.07196217	0.22652445	0.25292571	0.29197648	0.04830770	0.25175536	0.33852802	0.39992004	0.44707145	0.53968910	0.68635190	0.18463997	0.30759557	0.06929217	-0.02922807	0.19322233	0.53985865	0.39824785	0.54778652	0.13288788	0.21333698	0.08692552	0.16540537	-0.00290033	0.33723293	0.26389613	0.25469370	0.22818060	0.13248207	0.10795052	-0.15366966	0.27753343	0.19798567	0.15869764	0.01477332	-0.33116520	0.02240007	0.03784719	0.08103306	-0.09569616	0.19200153	0.28058434	-0.06813254	0.02086123	0.23457261	-0.01319282	0.14259578	0.26997873	0.00728396	-0.08087411	0.23959635	-0.08018540	0.01038050	0.16420860	0.07571746	0.20218693	0.12590175	0.13315536	0.04085683	0.01278808	0.14673890	0.06478434	0.08329175	0.12990654	0.07058178	-0.03526322	0.03174489	0.00341934	-0.02070303	0.08929296	0.11283268	0.07640277	0.06092193	0.14001027	0.22486205	0.13468919	0.01811951	0.14048379	0.20570705	0.08502105	0.15963205	0.10777504	0.10879483	0.11410101	0.03860691	0.13218673	-0.06418748	0.06934513	0.16399922	0.14536716	0.09355074	0.07812354	0.13930174	0.16751342	0.07332339	0.22296247	0.08344424	0.23567730	0.40475212	0.27526127	0.37933864	0.35756446	0.41293908	0.31657774
17Networks_LH_DefaultA_PFCm_4	0.22689417	0.25512637	0.10443385	0.15736553	0.21308682	0.28721090	0.18386790	0.07974370	0.11842811	-0.04287764	0.11768224	-0.02186795	0.33208840	0.16487128	0.20936691	0.38077266	0.06496071	0.10644119	0.09048626	0.18101415	0.10903389	0.17155004	0.14270028	0.18142855	0.24446766	0.27317365	0.12779852	-0.14588633	0.18478062	0.23950246	0.24595169	0.30861059	0.10866035	0.06178999	0.04090508	0.10240862	0.06249352	0.37487575	0.30392065	0.23379027	0.23205898	0.07660058	0.27578498	0.07179147	0.39670829	0.20221086	0.14632321	0.28032231	-0.03817409	0.29392288	0.30512730	0.38245326	0.33866076	0.24974699	0.20595742	0.04564679	0.21303170	0.15943115	0.27411673	0.17187991	0.33352492	0.21910805	0.17372565	-0.06268351	-0.04437449	-0.04915967	-0.05156246	-0.07343019	-0.23926775	-0.19100569	-0.07792655	-0.05445792	0.10431619	0.09929366	-0.03004653	0.16824358	-0.05857438	0.02712337	0.02897398	-0.00892264	0.26592233	0.31790481	0.05033480	0.24859877	0.26148843	0.37019922	0.23784070	0.03375682	0.20929595	0.26583410	0.14257693	0.11292043	0.30896757	0.20042475	0.26041409	0.17229648	0.17964553	0.43111641	0.55422900	0.38883821	0.10768253	0.23627691	0.07027763	0.13452983	0.33173174	-0.06873092	0.06374353	0.50638194	0.12221185	0.04365905	0.13784792	0.30816543	0.49532796	0.11500388	0.10877188	0.03895464	0.09230440	0.09226056	0.05624280	0.03475107	-0.05475638	-0.09174843	-0.15079259	-0.13976651	-0.20604530	-0.12402006	0.08571485	0.01716291	-0.15065165	0.07753315	0.23857882	0.37431991	0.27938264	0.00249120	0.10681520	0.22461324	-0.03090024	-0.26312539	0.14197959	0.15158085	0.41952522	0.30931265	0.64790149	0.07666105	-0.06903907	-0.00596577	0.02160671	0.03685411	0.36901568	0.40701865	0.47598172	0.19573187	0.21254399	0.28631161	0.40061144	0.13362484	0.21184521	0.50612845	0.26663477	0.32315338	0.56845504	0.65296971	0.82748526	1.14093792	0.42059931	0.67137056	0.18174043	0.38796076	0.40186620	0.34840654	0.12046112	0.28089521	0.19211245	0.31591702	0.74300900	0.37326179	0.41435835	0.08726627	0.06998724	0.47368272	0.26252227	0.19477129	0.53517535	0.09158270	0.44434463	0.35519067	0.22182926	0.23450155	0.33465966	0.41181454	0.39395589	0.33046760	0.28871047	0.33512720	0.07389671	0.16310527	0.12475302	0.02755843	-0.19818771	0.14160859	0.15435060	0.11253463	0.23098988	0.24782612	0.17278580	0.13714337	0.37648352	0.19496027	-0.02459486	0.06437595	0.11075617	0.05875120	0.25018582	0.19745675	0.19830591	0.13945310	0.16288307	-0.04355819	0.02763672	0.14526124	0.18525818	0.06898214	0.23634772	0.25016394	0.25664286	0.34032132	0.06935674	0.34119953	0.21762246	0.13187014	0.19151530	0.10325007	0.18278114	0.23015970	0.09156240	0.26616381	0.07150861	0.33222223	0.20393324	0.00899455	0.29501338	0.07394503	0.14997441	0.15423125	0.26697960	0.22676755	0.05515862	0.14107882	0.31698567	0.08459942	0.35064006	0.20084590	0.27472765	0.21591920	0.25608541	0.19581098	0.25310362	0.26875868	0.24809652	0.05070332	0.14405612	-0.05807262	-0.30088228	0.02647832	-0.01615726	-0.20390372	0.03957393	-0.14825993	-0.01874753	-0.11221098	0.21843507	0.01304909	-0.05704181	0.12235227	0.11047000	-0.04167966	0.03086541	-0.03485823	0.06240187	0.21690803	0.28771128	0.12022367	-0.04974808	0.01544893	0.23083209	0.14491834	0.02101686	0.24700329	-0.10663569	0.06704033	0.17247451	0.11913365	0.00994947	0.23906749	0.00382667	0.41516826	0.18569525	0.03189232	0.32433686	0.00635598	0.06965601	0.17586986	0.16374281	0.01460415	-0.09699592	-0.15259743	0.39925270	0.31220503	-0.03810376	-0.05327363	0.46146125	0.24367124	0.14721121	0.17905629	0.17298887	-0.17837121	0.39946071	0.26198603	0.01479039	0.23936630	0.08114881	0.20854978	0.04112474	0.20492118	-0.10119779	-0.08693130	-0.22294518	-0.13716178	0.05455698	0.16087853	0.11556122	0.16466833	-0.03402856	0.16130849	0.10045562	0.06180056	0.02167742	-0.19737729	-0.12495615	-0.04295011	-0.23034139	0.07466158	0.29775789	0.26391512	0.01365238	0.03351399	-0.00662788	-0.02921851	0.39830460	0.42502669	0.01671616	0.00343220	0.33375479	0.26905962	-0.17836403	0.05225047	-0.06465619	0.41887274	0.18118404	0.10282028	0.14421670	0.33840717	0.30471722	0.32359656	0.13528656	0.28927723	0.38118763	0.45296120	0.39160595	0.66952418	0.73014942	0.26718510	0.36731777	0.14412020	0.01200200	0.26286175	0.53770162	0.41084847	0.52582236	0.16790256	0.25281159	0.22311602	0.23535382	0.08708871	0.30693083	0.21741827	0.33303292	0.31936123	0.13718403	0.16227351	-0.09445244	0.40264222	0.31906443	0.30001580	0.09353122	-0.30030081	0.05030894	0.06509089	0.09883028	-0.07425332	0.24090734	0.33458601	-0.07243200	0.05966840	0.24572980	0.09639662	0.24559021	0.24910979	0.05125755	-0.04472190	0.25170416	-0.03272921	0.02048484	0.18739502	0.04522178	0.11745877	0.14740669	0.06018494	0.05562374	0.16742221	0.15442749	0.15628535	0.16923788	0.18737351	0.02908630	0.00343131	0.09260717	-0.04338411	0.01969303	0.08630130	0.14404562	0.10516173	0.12703854	0.17243487	0.25514682	0.12698795	0.05267490	0.14880729	0.22164574	0.12853245	0.17045815	0.13855925	0.12454037	0.16669235	0.10435171	0.21872644	0.02680981	0.19555250	0.18135266	0.14301121	0.15068352	0.10794142	0.11265648	0.18824579	0.16493675	0.23450655	0.13245144	0.25851170	0.31895563	0.25912061	0.35881757	0.27372159	0.32228694	0.32154744
17Networks_LH_DefaultA_PFCm_5	0.51853945	0.24621341	0.43898183	0.35573322	0.23741774	0.10612078	0.30768297	-0.13033419	0.07194716	0.13726122	0.02701344	-0.11760270	-0.03767009	0.12151818	0.36426232	0.08128280	0.04594680	0.10351918	0.10382832	-0.13755159	0.21665359	-0.02942277	0.10554462	0.24830901	0.01763628	0.22121149	-0.15261117	-0.35960169	0.03643018	-0.13039187	-0.06341612	0.10703015	-0.02175853	-0.03252693	-0.01517231	-0.02854770	-0.11527373	0.47739204	0.41517376	0.10171386	0.13259894	-0.06730516	0.23829553	0.04022777	0.23526727	0.22455754	-0.29373974	0.10467228	-0.07406807	-0.06173849	0.07181358	0.11501284	0.05999322	0.08571898	0.12490562	-0.03666790	0.30430731	-0.04325935	0.33073277	0.31331358	0.07006893	0.59210260	0.09116574	0.27913638	0.11404401	-0.05696684	0.10775987	-0.04580770	0.01485452	0.07542018	-0.04953448	0.12675758	-0.00254918	-0.01696338	0.10195461	0.04427326	-0.15954916	-0.12859149	0.06535603	0.10313168	0.38713332	0.50538316	0.51063543	0.29270146	0.25781054	0.11454871	0.19360568	-0.03814080	-0.25329754	-0.05829384	-0.17022178	-0.22062130	-0.04806547	0.09837202	0.15936435	0.07961123	0.20949373	0.32719221	0.44917807	0.17746217	0.20962259	0.18422651	0.44426649	-0.15987744	-0.04026457	-0.01015957	0.33706777	0.61595611	0.34141748	-0.00000527	0.26446585	0.37137472	0.70125887	0.16305365	0.06065560	0.10367000	0.10155171	0.06847593	-0.02319902	-0.23412635	0.08184542	0.31510374	0.09834069	0.37817969	0.09996960	-0.03212029	0.31860896	0.13593586	-0.15519055	0.00983724	0.58467406	0.51437741	0.05884763	0.56442741	0.35699528	0.68435380	0.45047248	0.08512417	0.60743148	0.57191164	0.88509384	0.81233535	0.59484331	0.07496112	-0.07748996	0.26617984	0.19645440	0.04587451	0.64024939	0.83943883	0.76931152	0.66587342	0.72218307	0.44871270	0.48979696	0.49737636	0.50006706	0.62410350	0.64017868	0.68445318	0.54189976	0.54470029	0.60912556	0.42059931	1.44768275	0.44598880	0.14016215	0.48801580	0.55414292	0.19368127	0.59561952	0.38524780	0.38933107	0.54337207	0.72962917	0.66673592	0.64863366	0.05901289	0.41771764	0.48366210	0.39355618	0.82624282	0.19936504	0.13835238	0.43724437	0.33822875	0.26941666	0.57137247	0.12478342	0.29482492	0.28082433	0.12618339	-0.03432070	-0.05069787	-0.25330050	-0.09361452	0.17991844	0.03047163	0.04590220	0.07415233	0.31676409	0.41684908	0.48838583	0.33695573	0.27893941	0.57064877	0.43929029	0.13213321	0.05237498	0.15993212	0.09111805	0.13663724	-0.00323660	-0.11204161	0.21063169	0.24671125	-0.13559478	0.13324328	-0.09430347	0.04016774	0.19621820	0.13462450	0.21016434	0.06437725	0.22054948	0.02695801	0.09259644	-0.01618713	0.26601148	-0.21997346	0.08778590	0.13293297	0.11917930	0.05139587	-0.09437254	0.05823459	-0.07360244	0.26885152	0.16089139	-0.25206160	0.40523489	0.08609859	0.17796254	0.07422626	0.08255485	-0.03736228	-0.02035091	-0.02294074	0.01590302	-0.00903796	0.11716982	-0.00612632	0.09280405	-0.09483722	-0.01441757	0.09943574	0.28875544	0.08222848	0.08862273	0.35576725	0.42913155	0.06393228	-0.01607728	0.27712419	0.02828683	-0.04549975	0.04671865	-0.19568154	-0.06176702	-0.10308884	0.00661172	0.10345625	0.25072573	-0.10010925	-0.14592076	0.00582581	-0.07499846	-0.20092147	0.01306496	0.04032391	0.10461101	0.23993796	-0.04378850	-0.08001704	-0.13422511	-0.11758329	-0.30597428	0.21625492	-0.21975953	-0.21642505	-0.17806849	-0.14074683	-0.27234550	-0.05591082	-0.28620896	0.20007538	-0.02473912	0.09423325	0.10130213	-0.10250153	-0.14367415	0.03381293	0.01110570	-0.12006225	-0.12988744	-0.01832048	0.23003292	0.28460023	-0.07643862	-0.40635493	0.16818116	0.03176785	0.13102020	-0.03310738	0.21442161	-0.16265069	0.20063306	0.42631066	0.04057118	0.18401659	-0.09993492	0.19039771	-0.09401748	0.23995934	0.02793555	-0.09955069	-0.09533668	0.03346889	0.06465991	0.35805795	-0.02602705	0.10590006	-0.17235684	0.11953205	0.07932725	0.35026984	0.17638587	-0.29948890	0.08485442	-0.21611762	-0.10899454	0.12863720	0.28024160	0.46650152	0.21489478	0.00763193	0.05374999	-0.03936014	0.48648307	0.17504361	-0.05241878	-0.13594708	0.52149257	0.17989110	-0.06018479	0.06284052	-0.00958443	0.46513515	0.27953420	0.50482330	0.24961233	0.29884061	0.30525475	0.31370545	0.14210877	0.27866332	0.43900154	0.41571947	0.38444630	0.26213698	0.49370300	0.35415654	0.07756702	0.16157924	-0.00616279	0.01850781	0.44896128	0.50008307	0.44124273	0.26551994	0.25298174	-0.04050031	0.05544806	-0.07950541	0.53778622	0.43835735	0.24686044	0.19609261	0.03032311	0.12216861	-0.10645741	0.11755234	0.03182008	0.00941468	-0.15240174	-0.27659548	-0.18192481	-0.16280361	0.14068064	-0.23922739	0.02322695	0.11789343	0.02734820	-0.13630431	0.27506530	-0.04393338	-0.02820776	0.17148450	-0.02825115	-0.03426862	0.24268158	-0.18006393	-0.09942985	0.00045225	-0.13616241	0.19019215	0.03004176	0.04056195	-0.01878452	-0.17828093	0.20701103	-0.05344960	-0.10964986	0.04211019	0.10520211	-0.12417846	-0.04228957	0.05867856	-0.16495305	-0.03011973	-0.01962396	0.04451293	0.26192220	0.13864786	0.19730769	0.13977689	-0.06411640	0.14559509	0.22793334	0.00590636	0.43547822	0.30336551	0.27381007	0.30903038	0.35391057	0.24998391	0.31051505	0.10658512	0.41068850	0.16893563	0.00984308	0.21006899	0.32880737	0.06599264	0.00874286	0.36665729	0.42755502	0.56032775	0.66386585	0.69490950	0.60896481	0.68756004	0.78659326	0.57605820
17Networks_LH_DefaultA_PFCm_6	0.24568804	0.15947487	0.16995823	0.15936497	0.22518340	0.18800649	0.12392398	0.00742000	0.06752881	0.10647685	0.03954425	-0.04104164	0.24370451	0.24136045	0.19083354	0.29765656	0.07382818	0.14481629	0.16859453	0.17013894	0.24240866	0.26254752	0.10761326	0.28848390	0.30247872	0.23935211	0.09758658	-0.10056763	0.16713709	0.22952595	0.18578435	0.29194478	0.11519360	0.06549617	0.02928646	0.10762216	0.08715394	0.22951397	0.25927763	0.21523861	0.21407308	0.06652572	0.20457775	0.09336957	0.29581695	0.28733494	0.20273239	0.34741209	-0.04253717	0.22227312	0.25413564	0.32179723	0.30033099	0.23664580	0.18482912	0.05826870	0.21981278	0.17754635	0.27550731	0.13266801	0.19473810	0.17509265	0.06720517	-0.05465848	-0.02616422	-0.03701373	-0.04857377	-0.06955990	-0.11208468	-0.15133597	-0.07991020	0.04661949	0.09676776	0.08517630	-0.02102803	0.15544497	-0.08948045	-0.00217592	0.07514741	0.07314396	0.24023469	0.45721736	0.16439774	0.28998411	0.28410928	0.33257259	0.33097057	0.00438710	0.20394180	0.20623939	0.15857309	0.14305033	0.29674386	0.31874092	0.27337717	0.22360167	0.16811484	0.42335916	0.57848561	0.28347631	0.23353272	0.25257886	0.10522428	0.29291234	0.41234420	0.07758224	0.11742979	0.57183216	0.16853903	0.06185618	0.08506856	0.27809804	0.45060085	0.10747386	0.06243062	0.06256094	0.09229648	0.10940392	0.03903028	0.02700794	-0.05578423	0.00853904	0.02346014	0.03311183	-0.13038148	-0.14251327	0.20617915	0.01352742	-0.16343613	0.02326776	0.30062992	0.34863854	0.31221997	0.11286270	0.02755027	0.35090935	0.15407818	-0.16648062	0.17718264	0.18747003	0.40635142	0.42942210	0.62678326	0.20931910	0.03161941	0.04162004	0.20146603	0.23256219	0.35893293	0.33839107	0.39881450	0.23223749	0.26454727	0.24653261	0.34210618	0.15283984	0.27702296	0.39813326	0.34955890	0.40375237	0.42177465	0.51220098	0.64851244	0.67137056	0.44598880	1.03065729	0.14410874	0.33151453	0.36256534	0.21467761	0.22025322	0.33973249	0.11105152	0.36775231	0.57859746	0.23531168	0.41707800	0.03389192	0.09843839	0.55175244	0.23919928	0.30865011	0.43134445	0.08816808	0.41946755	0.34637980	0.29456843	0.14981011	0.22268369	0.24848965	0.31232600	0.20275608	0.20490884	0.25068477	0.15656509	0.14540649	0.18225477	0.02902633	-0.04771478	0.12172045	0.13411775	0.17591004	0.26943822	0.16977078	0.16410316	0.11547134	0.25519054	0.11135138	-0.04468686	0.06396061	0.08096429	0.05360548	0.14602165	0.17012435	0.17343966	0.21903016	0.13578459	0.02293971	0.14531209	0.25531764	0.23452954	0.21387348	0.29236800	0.22759612	0.21588055	0.33096719	0.13030033	0.33145650	0.21609211	0.08746468	0.15519421	0.16507424	0.18224295	0.13203778	0.09673153	0.12581732	0.09440145	0.31354455	0.10348355	-0.01026074	0.21063283	0.13599796	0.07986546	0.10216814	0.21330761	0.20254057	0.15781349	0.13230074	0.12426548	0.16132930	0.32597460	0.22238363	0.22706428	0.24012786	0.21462153	0.16727842	0.21209505	0.20891016	0.18096491	-0.01064723	0.08330259	-0.04013508	-0.15781800	0.10207541	-0.04169720	-0.10923640	0.09473750	-0.14162372	0.02326695	-0.02936181	0.15358434	0.05057506	-0.02823935	0.10313780	0.10680927	-0.03641760	0.09132032	-0.01683153	0.09205521	0.19698446	0.16717844	0.16888763	-0.01135936	0.02839147	0.26683304	0.16419457	0.01438743	0.27369643	-0.08145574	0.06398469	0.19065348	0.17233657	0.03598528	0.25014404	0.06624138	0.42842569	0.19344824	0.16360249	0.32314365	0.08255719	0.08967434	0.13573109	0.21325327	0.08134972	-0.00996022	-0.06101326	0.33632683	0.33226046	0.11174102	0.10775036	0.52325219	0.40761101	0.16358756	0.10764779	0.13268637	-0.09087276	0.27357386	0.22704036	-0.01534138	0.17112496	0.08002756	0.22007223	0.08668859	0.22819395	-0.10272226	-0.08751570	-0.08845987	-0.06330842	0.07438843	0.23917232	0.19156242	0.25096019	0.00870148	0.23265774	0.10098373	0.10238338	0.00918322	-0.06367876	0.07438826	-0.01442673	-0.03468612	0.12664000	0.32018146	0.25120442	0.01650009	-0.00644343	0.02130547	0.05974357	0.39940917	0.46807324	0.19479148	0.22745289	0.27473226	0.25465555	0.04847360	0.09639013	0.08305281	0.31718199	0.18414394	0.19332721	0.14063281	0.22187219	0.17709629	0.24637110	0.07751515	0.22837280	0.33196781	0.27985652	0.38492883	0.49280449	0.57495570	0.33594708	0.43768362	0.10894980	-0.01180297	0.25782714	0.48450982	0.21150223	0.44971985	0.05396683	0.14110824	0.12652003	0.28760628	0.21144655	0.19884378	0.14068029	0.29412441	0.26047283	0.09904671	0.14480717	-0.03803327	0.23781065	0.22902650	0.28736860	0.08910624	-0.17227592	0.07644124	0.08074829	0.14253270	0.00638030	0.16755763	0.29233775	-0.01656217	0.06265984	0.24672610	0.14598419	0.17094813	0.31042817	0.12306527	0.03293115	0.17755485	0.03719763	0.01095790	0.21168402	0.08825602	0.15230739	0.12703787	0.10051315	0.11515843	0.05915330	0.07849731	0.14563061	0.20493976	0.23027953	0.05797307	0.01495258	0.08759309	-0.01107087	0.07615988	0.14928080	0.13596247	0.16380816	0.10241491	0.07893890	0.19651728	0.10980006	0.03258363	0.10765904	0.20699324	0.12413655	0.17826723	0.09630742	0.13637325	0.15666439	0.10549245	0.13503350	0.05899763	0.03652643	0.14269893	0.13281802	0.12807310	0.07445536	0.10510280	0.11024268	0.10217000	0.24702626	0.14194805	0.29341751	0.34923171	0.23505700	0.28964429	0.28841643	0.38136623	0.30607252
17Networks_LH_DefaultB_Temp_1	0.06281699	0.15112430	-0.03962002	0.05072524	0.07354440	0.10465602	0.11202368	-0.00301727	-0.01888216	0.01586819	-0.03532005	-0.12958072	0.12708025	0.05437438	0.11393089	0.11309638	0.18357097	0.07742373	0.08254263	0.16801902	-0.03233903	-0.00869939	-0.10802886	-0.01147544	0.09438750	0.08512626	-0.03417381	-0.02404707	0.01022284	-0.00529665	0.09995883	0.14740216	-0.02993162	-0.06281617	-0.07902539	0.06948945	0.01551843	0.07085556	-0.04469530	-0.00571546	0.06118703	0.07002661	0.00639207	0.05241581	0.13537169	0.24797186	0.06961613	0.14204156	0.05571868	0.08588408	0.11946335	0.16219942	0.03748952	0.00111208	0.02130420	0.07669208	0.03836343	0.04020200	0.10589944	0.05229870	0.10477767	0.04092215	0.08880916	-0.01930771	-0.11850694	-0.01974676	-0.05212321	-0.04727030	-0.07899349	-0.18753018	-0.07253741	-0.01630771	0.06540711	0.02007931	-0.10839100	0.01408224	0.01055919	-0.09541384	-0.01351656	-0.00296940	0.13983459	0.15092086	0.04451600	0.10021197	0.08754564	0.10358850	0.09267305	0.00494058	0.04961296	0.26814001	0.05439493	0.12949698	0.16264332	0.16912613	0.06011474	-0.04305846	-0.10341891	0.13545929	0.22837937	0.14667067	-0.07143974	-0.03991362	-0.02829262	0.03483083	0.17335021	-0.04110622	0.16166750	0.10733224	0.25074140	0.43863876	0.45461910	0.17343528	0.17343318	0.07990448	0.26799380	0.22875267	0.18854659	0.36282849	0.53076746	0.26125580	0.07387801	0.03898946	-0.10658593	0.12258975	-0.02402521	-0.05248133	-0.11371747	0.15695020	-0.16460777	0.01980726	0.13917420	0.15429265	0.07875950	0.03073116	0.07720547	0.04875381	0.01263957	-0.15038899	0.05436349	0.15212035	0.15432504	-0.02514369	0.18112355	0.00543851	-0.02773750	-0.02344510	0.02788633	0.01948222	0.15598137	0.19678362	0.11151840	0.05704033	0.12804066	0.15837447	0.15294315	0.14074023	0.07228505	0.07310300	0.07051032	0.08013721	0.21483047	0.18159313	0.12945702	0.18174043	0.14016215	0.14410874	0.99213153	0.25738475	0.25462878	0.13326029	0.09500651	0.19338075	0.09433665	0.16725668	0.21880223	0.16094394	0.06894912	0.05368265	0.03129764	0.13858702	-0.01984080	0.06364546	0.34166830	0.27648276	0.35442590	0.36759774	0.12318811	0.13573673	0.23708294	0.24313245	0.26631890	0.17846268	0.17803019	0.15708015	0.16843914	0.04521497	0.21163499	0.09320904	-0.11633890	0.09462886	-0.00517799	-0.06189791	0.06877668	0.11363786	0.13390434	-0.00865198	0.15469119	0.03804681	-0.08940478	0.13138056	-0.02244112	-0.05017773	0.09924391	0.07309269	0.13101385	0.13361367	0.07925785	0.01216893	0.03403182	-0.01389321	0.01868521	0.03268891	0.11325230	0.10823022	0.03964184	0.15790127	0.04600683	0.21499052	0.11901900	-0.02955476	0.03265844	-0.08630676	0.09086614	0.03497944	0.04325902	0.12911234	0.05953407	0.07088450	0.06933637	0.11939293	0.03433028	-0.03146309	-0.12872016	0.12428291	0.24020744	0.22193807	0.15841846	0.26441901	0.19456357	0.01371785	0.09625022	0.20039859	0.22247690	0.14326482	0.22850761	0.19345499	0.10818941	0.20385006	0.07830665	0.01912303	0.02064025	0.01761648	-0.12038090	-0.10853711	-0.00017245	-0.12192674	0.04783297	-0.10418647	0.00637577	-0.05486567	0.08969014	0.07938229	0.01040179	0.09361577	-0.02489591	0.00678993	0.07042296	0.05630972	-0.03253501	0.10292775	-0.00587546	-0.00741716	-0.01276649	-0.02497116	0.11418214	0.09653402	0.06083659	0.12080203	0.13497014	-0.02111978	0.20010640	0.24272421	0.18207506	0.15623567	0.14101774	0.15014573	0.23935216	-0.03012747	0.12313826	-0.02128821	-0.05338275	0.09730491	-0.08624351	-0.02235804	0.07720977	-0.12595765	0.03375540	0.00352712	-0.04788556	0.00115741	0.07388790	-0.00413771	0.19339201	0.33708514	0.38168421	0.17885776	0.33396443	0.20755811	0.20932759	0.02931192	0.33178492	0.27178893	0.20024905	0.20506188	-0.12286663	-0.01310271	-0.08767154	-0.01579284	0.03809962	0.19217156	0.17068003	0.03012420	0.01309027	0.04163221	0.00552602	0.12728358	0.08699772	-0.17714612	-0.13106139	-0.18555640	-0.11612488	-0.06883092	0.08369068	0.11958209	-0.07249571	0.35261013	0.21796949	0.05579121	0.12771237	0.02734150	0.01501907	-0.09078812	0.07513641	0.01694649	-0.10063805	0.00265894	0.11103597	0.10271958	0.05021677	0.02307849	0.02653713	0.12309737	0.16435867	0.10556911	0.11714864	0.05715175	0.17693839	0.22786636	0.18964999	0.19497286	0.12240905	0.00705348	0.09448813	0.05510815	0.05100678	0.32375148	0.13886031	0.11319451	0.08219070	0.01935891	0.09324076	0.22189380	0.16915863	0.10714890	0.15233438	0.09757789	0.21397774	0.20298511	0.07151450	0.15341509	0.25001445	0.26573800	0.10255441	0.12517312	0.09209497	-0.11789399	0.00978895	0.09343482	-0.02524271	-0.09460959	0.27847739	0.20871369	0.23300737	0.19330074	0.14929320	0.21182297	0.09337141	0.15737149	0.10101568	0.14844459	0.26329104	0.10269432	0.18960802	0.17242934	0.11916246	0.04606032	0.28102790	0.08675936	0.18287684	0.10338524	0.10306298	0.25496190	0.10683606	0.12199618	0.05294101	-0.00583625	-0.00998547	0.06030539	0.16206627	0.20510001	0.00460060	-0.08936814	0.27441900	0.03411289	0.17362132	0.04887236	0.07591892	0.10214997	0.05281175	0.15724190	0.32162824	0.07803936	0.19976597	0.13596469	0.33573154	0.39955365	0.26439484	0.32504019	0.25545343	0.17364039	0.21757154	0.25517632	-0.02304548	0.21715909	0.11949494	0.13808367	0.06971774	0.12198840	0.18480275	0.19924771	0.29533661	0.31562988	0.23645395	0.19532102
17Networks_LH_DefaultB_Temp_2	0.17317316	0.11189654	0.04337345	-0.02647892	-0.14704245	0.00154464	-0.00800099	0.02178988	0.06659944	0.05257915	0.22698670	0.06552930	-0.07912570	0.04990985	0.14930012	0.17980443	-0.09634073	0.15019951	0.10324925	0.11528582	0.14793356	0.03564712	0.12949634	0.07531317	0.31934304	0.29486145	0.03735794	-0.12620356	0.21781452	0.05480412	0.35917410	0.43031039	0.07160857	0.18407491	0.06595675	0.15817967	0.31592555	0.43052337	0.34599377	0.08187001	0.33754414	0.16395975	0.22398396	0.30003505	0.28538545	0.10866066	-0.02520377	0.20399524	0.19290241	0.03630043	0.21570209	0.19883791	0.18345082	0.18011408	0.28606901	0.05704871	0.32983811	0.15846622	0.36693653	0.04367301	0.01244073	0.11727232	-0.05310707	0.02778413	-0.09325714	0.00642294	-0.04678742	-0.07721849	0.01451217	-0.07954575	-0.11602363	0.10270615	-0.07369398	0.07865982	-0.11516608	0.11628291	0.02046376	0.19598170	-0.05300115	0.17322805	0.31063881	0.34036053	0.21320791	0.25719633	0.14959814	0.06967271	-0.08367043	-0.11402600	-0.09705592	0.08003659	-0.01407525	0.03005060	0.18755616	0.13014169	0.07757390	0.07922454	0.05028924	0.28858220	0.34407935	0.19242244	0.03315500	0.08037199	0.05857838	-0.14620398	0.12289767	-0.06611925	-0.08305937	0.37663480	0.18075386	-0.06753702	0.17974616	0.27509002	0.67050188	0.59072933	0.23574865	0.25397771	0.38370340	0.05632813	-0.02333273	-0.18132618	0.17222046	0.04832851	-0.17596207	0.14906109	-0.07486410	-0.13260885	-0.14420073	-0.10882818	-0.17546497	-0.02386014	0.21901934	0.34832567	0.00850219	-0.00332031	0.25993110	0.33602486	0.09337857	-0.04561083	0.07869124	0.16663284	0.38242020	0.25350247	0.49219912	0.16766168	-0.04255043	-0.07474797	0.12361779	0.10348292	0.39722507	0.47700546	0.30509933	0.16423227	0.26727213	0.29478745	0.32519771	0.24791553	0.31859589	0.34407815	0.25631571	0.29792594	0.40734654	0.34491916	0.47186885	0.38796076	0.48801580	0.33151453	0.25738475	1.13196815	0.52299937	0.32782060	0.32806351	0.39399638	0.12540528	0.18832123	0.53004940	0.27583406	0.26789241	0.00832286	0.05727683	0.19051823	0.14053283	0.31329955	0.18718923	-0.12747180	0.27490713	0.10798237	0.12886604	0.19675743	0.06778963	0.17386384	0.17925285	-0.02633880	-0.03959228	-0.00717931	-0.10441491	-0.09831650	0.30201133	0.15026350	0.00427464	-0.04953561	0.20287378	0.11055776	0.28677446	0.05161125	-0.00811305	0.19048411	0.24466380	0.25612322	0.07990098	0.26661224	0.24281882	0.22438011	0.15074128	0.03494231	0.11662772	0.12781914	0.09010901	0.09980894	-0.02739888	0.08148192	0.13796314	0.08093393	0.23694895	0.22293832	0.21729363	0.29104265	0.23203367	0.38675342	0.34298533	0.17459108	0.31923509	0.24156736	0.35575662	0.38171007	0.21313886	0.37164746	0.29794397	0.43293403	0.27503445	-0.03326477	0.37295594	0.11728585	0.19824941	0.01107474	0.31352192	0.31060693	0.30312352	0.13988042	0.21605029	0.13222924	0.13244887	0.21675304	0.34738719	0.04952404	0.12281006	0.21892657	0.38794976	0.32107465	-0.03218344	0.05835974	0.33104544	0.26440201	0.00437700	0.14040146	0.05061641	0.00920301	-0.02294061	-0.00108463	0.00441470	0.02705766	0.27764900	0.12936775	0.12124978	0.19331935	0.11530651	0.11588023	0.15557469	0.20192413	-0.06918739	0.22082101	0.27207747	0.14163382	0.08755674	0.01865205	0.06258099	0.22286780	-0.05848079	0.22569109	-0.02890191	-0.14423808	0.09567143	0.17581018	0.04262060	0.18118872	-0.15267894	0.32568527	0.23085179	0.09704726	0.17944117	-0.02125604	0.02667204	0.14283311	-0.19844881	0.05463109	-0.26109295	-0.16816964	0.11201959	0.07381955	-0.14452428	-0.15498019	0.23555042	0.09577044	0.00546842	-0.05926285	0.15728975	-0.29596152	0.27355489	0.31260061	0.07911038	0.60176646	-0.24068907	0.33945258	-0.07937215	0.07525143	-0.03171674	0.03550198	0.01491892	0.14771280	-0.08378711	0.09842639	0.02643033	-0.11699530	-0.06116968	0.11922400	0.08883331	0.34357342	-0.06399807	-0.12878926	0.01656565	-0.13128123	-0.03456910	-0.05713543	0.11638324	0.32298500	-0.01680671	-0.21440860	-0.18341221	-0.21695276	0.28858938	0.14256908	0.01685402	-0.06983576	0.21349950	0.05058112	-0.20295818	0.06991158	0.19019298	0.55383297	0.16784283	0.23347433	0.11042105	0.20024644	0.19374868	0.17221180	0.18941994	0.24470391	0.35282018	0.32231517	0.38580546	0.33983871	0.39817296	0.09089985	0.15988077	0.18673302	0.23116475	0.02444044	0.24352215	0.27442514	0.25599897	0.09797462	0.01387512	-0.12034910	-0.10995269	-0.21284581	0.31461874	0.25656613	0.04329857	0.12657146	-0.05363746	0.07436746	-0.14805082	0.34471729	0.11606321	0.19291602	0.25618774	0.00509899	0.06663021	0.05603404	0.13870937	-0.12565367	0.23437292	0.21190116	0.08940434	-0.05773195	0.10786130	0.01638810	0.16494617	0.27672207	0.02854951	-0.05290212	0.24035645	0.05844697	-0.02476708	0.22044622	0.02679379	0.10813646	0.15951757	0.22274458	-0.09140833	-0.16004136	0.09045042	0.16298950	0.17594162	0.23777993	-0.05711115	0.01231959	0.24884768	0.02732490	0.10687159	0.33931491	0.10093893	0.13419823	0.17410735	0.26427945	0.25940256	0.13003805	-0.00085134	0.29781725	0.16820128	-0.10069749	0.27241057	0.21152160	0.23447185	0.18254277	0.06193928	0.19317505	0.00425785	0.16541753	0.16749789	0.21135676	0.18384821	0.11842336	0.08331237	0.10650392	-0.00177733	0.17807750	0.22227881	0.20247886	0.53733065	0.31611256	0.45023569	0.30718171	0.40837992	0.39616820
17Networks_LH_DefaultB_Temp_3	0.36914096	0.34409330	0.30410260	0.35786374	0.05640895	0.19838913	0.25075902	0.01779850	0.14913757	0.05629771	0.04778284	-0.03681554	0.11268364	0.13460537	0.30089712	0.24693497	0.05117817	0.12308941	0.11191742	0.00563176	0.07443247	0.01961682	0.01627131	0.14603723	0.26431180	0.28436517	0.06924021	-0.12929391	0.22942802	0.09695461	0.19858952	0.31268440	0.20488073	0.22104192	0.04037012	0.21447363	0.14177825	0.39978470	0.36449657	0.18147113	0.22058141	0.11314356	0.19950331	0.14363148	0.17589412	0.10644549	0.02188981	0.18566398	0.08579548	-0.03004657	0.06583225	0.16256277	0.18042259	0.24544985	0.11403331	-0.06693847	0.17193134	-0.01597095	0.20109106	0.29690946	0.10016794	0.45550216	0.24415678	0.11085140	-0.17805842	-0.00671127	-0.04217715	-0.05999695	-0.11818610	0.03772310	-0.08176955	0.08474113	0.11244486	0.16653019	0.15422749	0.26148160	0.08554132	0.04929717	-0.11321030	0.11146409	0.29086148	0.40717185	0.34285407	0.20053863	0.23391635	0.19011268	0.00757478	-0.01731290	-0.06513651	0.02611178	0.03805768	0.08895303	0.14118976	0.10294587	0.12471606	0.01017266	0.00062563	0.39307154	0.36123067	0.33094984	-0.00029866	0.04287176	0.04902102	-0.14671357	0.11279042	-0.10979548	0.14812820	0.47678868	0.34554810	0.10656447	0.31715764	0.41478398	0.59044247	0.28436789	0.22122530	0.25326159	0.23146700	0.20247998	0.09874602	-0.00430161	0.05887097	0.15236345	-0.14058124	0.19564339	-0.03775319	-0.13305636	0.11325906	0.01482169	-0.17874721	-0.01562288	0.35489239	0.41574978	0.08617717	0.37733139	0.28934914	0.32435940	0.09157881	-0.14320395	0.32714317	0.33912545	0.44933927	0.18872917	0.48115024	0.12393630	-0.14875516	-0.13035834	0.06401876	0.03079745	0.45286731	0.60909098	0.35290421	0.27710213	0.35516593	0.44614007	0.42870229	0.34039840	0.36169359	0.51353280	0.31886292	0.31345532	0.54784871	0.46479762	0.43149568	0.40186620	0.55414292	0.36256534	0.25462878	0.52299937	0.98353296	0.42849423	0.44097420	0.38673026	0.26308551	0.26914980	0.60716348	0.38065731	0.26042352	0.01463195	0.18717370	0.29986027	0.17174527	0.46046684	0.33559169	0.09951807	0.49186138	0.23041828	0.19395699	0.34577719	0.25324913	0.44912000	0.31541315	0.10793028	0.10239322	0.10372049	-0.02622695	0.08526382	0.23566788	0.04558649	-0.07953628	0.08248701	0.38550819	0.27253075	0.41187984	0.28527392	0.15355301	0.22876936	0.43185877	0.29243168	0.12014876	0.23380048	0.13409386	0.09588723	0.21428660	0.19792652	0.29190211	0.25476395	0.11355709	0.15574239	0.02840393	0.05214721	0.16140785	0.13103428	0.19028405	0.14392453	0.23360710	0.26143004	0.16612260	0.21807355	0.31137383	0.19254318	0.18957628	0.18821722	0.25704495	0.17183778	0.20539221	0.23364258	0.09573195	0.29013602	0.15102186	0.07366647	0.35101054	0.06142448	0.18549272	0.10344468	0.13717264	0.03631283	0.07062569	0.08313023	0.20133557	0.04421911	0.16835026	0.09088069	0.23716702	0.01325873	0.13485059	0.16901143	0.23126516	0.20258549	0.16150790	0.32386003	0.32589035	0.18807833	-0.08191886	0.07601595	0.07709484	-0.07956010	-0.00747602	-0.06082945	-0.01874108	0.01355907	0.19829947	0.11142128	0.16336730	0.12601647	0.12381439	0.17609713	0.14935326	0.18302150	-0.07335108	0.17950365	0.15828657	0.32963710	0.07945147	0.01420067	0.04227270	0.11862960	-0.07417740	0.25674814	-0.08855018	-0.19304717	0.04869593	0.01049623	-0.03928345	0.14506252	-0.10399766	0.32305113	0.11299758	0.11729792	0.13401888	-0.10879680	-0.05639253	0.36091547	-0.08379359	-0.05082052	-0.11459506	-0.15296009	0.12481613	0.03579279	-0.16290099	-0.25897168	0.21716692	0.03415721	0.19510827	0.09371827	0.30930457	-0.08514004	0.31940292	0.33869581	0.21815653	0.35021935	0.02073114	0.39810132	0.08704821	0.21550895	0.02378796	0.17083310	-0.06933218	0.07304396	0.01198130	0.22553555	0.04461370	-0.02459304	-0.04950586	0.09935646	0.16766193	0.37739341	0.18262601	-0.25936053	-0.05005922	-0.06344572	-0.11522844	-0.05340240	0.09916714	0.39041464	0.05011224	0.08398070	0.02353148	-0.04075770	0.34165803	0.11639538	-0.00104206	-0.05598042	0.28509162	0.10355189	-0.22537345	0.13021069	0.05637620	0.52666038	0.16390510	0.29906569	0.12587570	0.20793203	0.26988626	0.27936442	0.19188508	0.33211854	0.35046952	0.44643923	0.34580346	0.40157541	0.44885383	0.07891212	0.16278746	0.19665538	0.17126195	0.26456108	0.25966401	0.35561885	0.37350802	0.15693324	0.27070081	0.14799013	0.10955267	-0.07370293	0.43791246	0.28731990	0.26752731	0.28882134	-0.03849821	0.19848591	0.03260107	0.35450301	0.07380243	0.16952528	0.08519601	-0.20324687	-0.03624314	0.02005738	0.02729304	-0.15619346	0.25845878	0.24592694	0.15112297	0.03654219	0.28643772	0.00403102	0.12508076	0.37646153	0.04907829	-0.07044868	0.15090971	-0.05448367	0.02433801	0.18348563	0.03154823	0.27742441	0.29796616	0.19181142	0.14978660	0.14276883	0.22533393	0.07855393	0.10631905	0.19027138	0.10178334	-0.08654644	0.06257603	0.10826084	0.05842325	0.14306777	0.06796299	0.15574643	0.25953127	0.13373510	0.22264889	0.13042329	-0.01333996	0.17634089	0.09784530	-0.01601311	0.31772064	0.15314269	0.21764023	0.22436026	0.23994341	0.23098803	0.06898838	0.16108943	0.30455106	0.21349683	0.24387105	0.19143759	0.06722559	0.22793328	0.02040294	0.14218753	0.24838405	0.32339527	0.55304896	0.45369403	0.50086443	0.45851765	0.50941525	0.39840441
17Networks_LH_DefaultB_Temp_4	0.22676170	0.23639160	0.23477997	0.20963655	0.01002548	0.10087908	0.12159470	-0.00392397	0.01793536	0.00814481	0.01565268	-0.05228271	0.18635184	0.16505350	0.21467875	0.31537881	0.13863502	0.00928000	0.07571197	0.09463384	0.04126814	0.09016186	-0.04105418	0.06156452	0.13911549	0.14114036	0.05295025	-0.04398374	0.12405100	0.06374720	0.12887784	0.21290754	0.15634803	0.12767004	0.00705297	0.11779661	0.08639707	0.33465671	0.17839164	0.10874480	0.09383373	0.17643462	0.14052635	0.20753424	0.13917737	0.11290252	-0.01635933	0.07394806	0.10123546	-0.05713857	0.04179277	0.07041567	0.09089999	0.09776865	0.06190284	-0.01310227	0.01104246	0.06496917	0.00787788	0.17020433	0.12359233	0.35062948	0.23179254	-0.02601743	-0.15980501	-0.04191866	-0.00777226	-0.01692451	-0.15281319	-0.06408304	-0.13105002	-0.04190043	-0.05859265	0.07531406	0.00172386	0.13772916	0.04645934	0.00610167	-0.15952527	0.04580586	0.19149790	0.17701247	0.11825283	0.21160995	0.05876823	0.04335649	-0.05330163	-0.09379227	-0.02747579	0.07430634	-0.03915373	-0.05372785	0.17869629	0.08797828	0.00560854	-0.04522690	-0.00046779	0.23322902	0.23090165	0.22174825	-0.19195750	0.09968292	-0.01067260	-0.08910142	0.07322591	-0.08250007	-0.16457621	0.23004852	0.04465619	-0.03956454	0.00176461	0.26438766	0.41904416	0.19360367	0.11865194	0.08145741	0.14313343	-0.05183925	-0.02417709	-0.16057425	0.02459232	0.09322259	-0.26494188	0.07310409	-0.11584073	-0.17768874	-0.00357806	-0.12972673	-0.11457306	-0.04762624	0.13538408	0.23110268	0.02704418	0.07707150	0.23870301	0.07000719	-0.14835958	-0.22613576	0.15726203	-0.00825823	0.07533038	-0.10215839	0.22213571	0.11670326	-0.08787729	0.00724053	-0.02008414	-0.09185041	0.25055683	0.36521699	0.28109960	0.12612090	0.13783460	0.50429451	0.43858569	0.29259289	0.06698497	0.31004702	0.20370650	0.24443321	0.53519990	0.30578449	0.31391755	0.34840654	0.19368127	0.21467761	0.13326029	0.32782060	0.42849423	1.03965803	0.25187293	0.32905015	0.10620559	0.12046533	0.53463576	0.34682093	0.13344249	0.08277292	0.05454175	0.13944332	0.15421485	0.08192056	0.18077505	-0.03582220	0.23513059	0.18110233	0.06265331	0.32065999	0.34562996	0.50762179	0.39615438	0.08434469	0.20863880	0.12310073	0.02730944	0.15481631	0.17502519	-0.03404549	-0.13715317	0.07112279	0.31074368	0.13136048	0.23505061	0.13363367	0.08819097	0.14398913	0.23658580	0.07545788	0.01812045	0.03170870	0.08074716	0.01333659	0.17229635	0.29097676	0.18453741	0.17938223	0.21501133	0.12763111	0.10758447	0.01151896	0.10505425	0.11790795	0.12096040	0.06058581	0.18630117	0.18430314	0.00368086	0.27688814	0.14796415	0.19836688	0.05132693	0.02920701	0.19474943	0.11889954	0.09116908	0.27050273	0.00643072	0.19374313	0.05200419	0.07148008	0.21608739	-0.01727815	0.17921984	0.13095924	0.08508557	-0.02056599	-0.06466735	-0.06662523	0.14403158	-0.00958140	0.01144805	-0.01147550	0.16499710	-0.08862320	-0.03938935	0.15767875	0.04489845	0.13621725	0.00136352	0.17927390	0.33432962	-0.00173928	-0.17463293	0.04613802	-0.00113072	-0.11204867	-0.05596361	-0.05462685	-0.03550222	-0.05723897	0.11931171	0.00406436	-0.06201238	0.06091780	0.12299999	-0.00302415	0.05914779	0.17730219	-0.04317022	0.11198438	0.21268289	0.08401537	-0.05082662	0.02818732	0.01860218	0.10579885	-0.04698895	0.07004658	-0.00958182	-0.00826164	0.07273790	-0.01657499	-0.16237360	0.09948037	-0.12540001	0.23618840	0.10510426	0.09692914	0.21891884	-0.00722675	-0.05411122	0.33543923	-0.06552503	-0.08200424	-0.22017179	-0.24651290	0.02686664	0.06931010	-0.15127289	-0.23465185	0.06857555	-0.09660852	-0.11606641	0.04816292	0.04209936	-0.31265246	0.21941947	0.31326199	0.16675195	0.20757314	0.06263411	0.20469195	0.06238279	0.16989703	0.01717727	0.03382212	-0.14498164	-0.00406210	-0.05511003	-0.09387064	-0.04994556	-0.12671259	-0.10996897	-0.02974399	0.18571457	0.04304622	0.07330424	-0.26334051	-0.27032771	-0.10473356	-0.18866416	-0.12051936	-0.04948243	0.14936615	-0.01885993	0.04836526	-0.20292476	-0.26018839	0.05802515	0.03830557	0.04933154	-0.04358503	0.29786839	0.16906996	-0.17988313	0.14121121	-0.03121459	0.27063079	0.02618892	0.06418666	0.12970676	0.15716534	0.48189294	0.38967602	0.22548591	0.20532810	0.31040634	0.41292393	0.27498280	0.37629079	0.41079453	-0.09951102	0.11290829	0.03609914	-0.00271863	0.13383217	0.27205081	0.25070978	0.19393037	0.11927733	0.12189170	0.12289855	-0.00573588	-0.13418312	0.40294710	0.30570557	0.34519815	0.45007175	-0.00678964	0.18946601	-0.10967594	0.44628317	0.16902590	0.15466879	-0.01618307	-0.27088537	0.00731037	0.00064149	-0.06166886	-0.26471670	0.20850328	0.39579383	-0.01547929	0.01412958	0.09651096	0.01830280	0.00929066	0.24601556	0.06563788	-0.12365317	0.12929615	-0.04777415	0.08055161	0.11952553	-0.14340019	0.06847546	0.15657671	0.24567713	0.06017910	0.08410959	0.05035463	0.00959966	0.00489908	0.14754486	0.02122574	0.04316858	0.03680990	-0.02505381	0.07515070	0.04413848	-0.11292061	0.08139119	0.10571849	0.15422036	0.20514671	0.09980333	-0.00655507	0.10461173	0.08726755	0.01301924	0.01231040	0.05144241	0.15291230	0.08027407	-0.05556202	0.02576728	-0.11392054	0.09969708	0.13437646	0.17871965	0.20292012	0.05263671	-0.00047906	0.17033545	-0.10681971	0.08206125	0.12111595	0.07388033	0.31023568	0.16790009	0.30104958	0.28497112	0.18166958	0.18833519
17Networks_LH_DefaultB_Temp_5	0.29288341	0.25748172	0.18040398	0.23119947	0.16923282	0.12241162	0.31559261	0.07313835	0.25859200	0.14151452	0.05552374	-0.01584188	-0.00018714	0.05138416	0.29592977	0.07878870	-0.01433104	0.15021299	0.13924954	0.08180000	0.10615435	0.04144518	0.15214349	0.09718361	0.21219972	0.08304076	-0.04285271	-0.19469042	0.09906926	0.01964111	0.05669795	0.23540145	0.03715413	0.11125358	-0.09616538	0.14323056	0.02865679	0.36915185	0.38436437	0.03952559	0.09218172	0.10105647	0.10147634	0.03162793	0.00594105	0.24417852	-0.01517024	0.06802193	0.03866653	-0.02401116	-0.01032868	-0.02558510	0.01196495	-0.00586440	0.00526586	-0.12477824	0.11920705	0.07342656	0.10069561	0.30572164	-0.02089710	0.41282674	0.10762102	0.17634978	-0.03834743	-0.05509028	0.23546591	0.03106465	0.23522330	0.23292231	-0.04656973	0.21743539	-0.05696858	-0.05688635	0.04752619	0.07932097	0.06692759	-0.02266527	-0.09926686	0.09351577	0.26577256	0.60443671	0.45071135	0.31363813	0.31114142	0.04778604	0.21268331	-0.02928171	-0.07528530	-0.03236298	0.09365565	-0.03093092	0.03654651	0.44539401	0.08004917	0.01248562	0.06821359	0.29083240	0.32155842	0.28895710	0.02844612	0.02042008	0.36426436	0.00784648	0.18972698	0.29667674	0.23797972	0.59531833	0.16891387	0.12312494	0.17562589	0.14758207	0.49241697	0.09116647	0.12570773	0.08641321	0.14462041	0.06356538	-0.00732122	-0.17920075	0.27536957	0.47408118	0.14901297	0.59230470	0.27028589	0.05893819	0.16662755	0.39670845	-0.07147678	0.15408401	0.62747589	0.63525261	0.12975365	0.50728828	0.55213797	0.55826139	0.57564672	0.32884044	0.46519994	0.70728375	0.53969189	0.37897874	0.38021011	0.04418226	-0.07192454	0.00719608	0.06472342	0.05599989	0.61544740	0.64950020	0.29290822	0.61161991	0.56108302	0.20235492	0.20472933	0.44898746	0.39620904	0.33127405	0.33374011	0.32245784	0.21413753	0.20998058	0.18961743	0.12046112	0.59561952	0.22025322	0.09500651	0.32806351	0.44097420	0.25187293	1.26772728	0.53973185	0.30383627	0.44576432	0.40690770	0.48559696	0.37002337	0.08270886	0.34395617	0.34543924	0.31062269	0.73972201	0.19934394	0.26306507	0.45405132	0.46252020	0.55043724	0.49366570	0.05847156	0.13512583	0.12994454	-0.09168958	0.02208455	0.02610615	-0.02153621	-0.00663543	0.48216786	0.30844892	0.29698297	0.26478713	0.26438798	0.42140609	0.36763213	0.15742894	0.20719758	0.42985984	0.28327049	0.19568379	0.32215214	0.21010074	-0.03021489	0.10799724	0.06650849	-0.00420070	0.09321442	0.19537223	-0.05997954	0.13069304	-0.01140660	0.05690537	0.12416956	0.22842616	0.18919180	0.05501209	0.10916859	0.12986266	0.06793587	0.17309456	0.20905822	-0.04600452	0.04489422	0.29739690	0.16730879	0.18011380	0.14936033	0.18215131	0.03453756	0.09195046	0.06634357	0.04350700	0.25008270	-0.10320526	0.16620273	-0.04413068	0.08942211	0.09487934	0.12339961	0.15151320	-0.05572656	0.03529349	0.12305333	0.12428664	0.12629710	-0.00894832	0.05496414	0.24252858	0.13628299	0.09615175	0.04186072	0.30231605	0.36061632	0.26569786	0.11677756	0.19299656	0.17758728	0.14933955	0.04270806	0.03264298	0.01375612	0.10880894	0.09815882	0.11148667	0.43197603	0.07950331	-0.00657936	0.10960497	0.06574447	0.15525006	-0.12908027	0.05718120	0.22184676	0.25010787	0.03182342	-0.09614319	0.02942285	0.09642811	0.04711566	0.34599693	-0.00351091	-0.05661495	0.02353152	0.08591190	-0.17107901	0.18153031	-0.01855970	0.22830087	0.09105877	0.10740028	0.07668212	-0.09673359	-0.08189955	0.08161520	-0.15759928	0.08096402	0.04625284	0.02868940	0.12180317	-0.04414000	0.04780663	-0.12137410	0.06643644	0.08611502	-0.20106013	-0.21630836	0.11945742	-0.14697624	-0.02468409	0.24357990	0.04328563	0.10455149	-0.05680629	0.15667134	0.03424859	0.04753083	0.17381677	0.17533125	0.11751809	0.26090491	-0.20124280	0.30269160	0.19474532	0.07833421	0.01577595	0.23522226	0.19617677	0.31440820	0.34725570	-0.06727589	0.17517782	-0.01625993	0.16088986	-0.02185895	0.07958593	0.36387369	0.18169993	0.13072185	-0.11089837	0.02676414	0.24479589	-0.00440683	-0.03648317	-0.06908916	0.04397744	0.03204000	-0.13712994	-0.07531371	0.03420119	0.23455485	0.11082370	0.45183063	0.03545761	-0.00369559	-0.01756695	0.05453895	0.15919321	0.15107047	0.17961008	0.22754819	0.16288185	0.01922585	0.03491805	0.10284602	-0.11705520	0.13146002	0.26698816	0.02743063	0.21369724	0.38966261	0.15107364	0.11071779	0.08726553	-0.15083472	0.07864202	0.07565954	0.19981361	0.18774380	0.17476934	0.04979695	0.05355514	0.18213829	-0.02535545	0.03716492	-0.11848171	-0.01556851	0.08014429	-0.02252662	-0.09173657	0.02840058	0.09192835	-0.09367302	-0.03705904	0.21889776	0.17794353	-0.00291890	0.22863093	0.15077643	0.23393912	0.24610045	-0.01794993	-0.05961989	0.20807374	-0.16308234	0.17688431	0.33363370	-0.15095619	0.17321104	0.09676247	0.12883301	0.07138391	-0.03578836	0.16146409	0.03314359	0.16643751	0.09674793	-0.03747662	-0.02252186	-0.00699390	0.05534898	0.18744790	0.34752593	-0.02392117	0.15656076	0.22456196	0.11613871	0.18988377	0.07039704	0.00770154	0.18122021	0.13228614	0.10533279	0.28180150	0.10666950	0.23871822	0.19573165	0.14348211	0.09705253	0.10953411	-0.02015928	0.36850625	0.17869971	0.10343677	0.08866435	0.22203055	0.05383512	-0.07835670	0.23071839	0.49743310	0.39892212	0.55455098	0.55124321	0.44148131	0.43965021	0.46699336	0.38253291
17Networks_LH_DefaultB_Temp_6	0.20314335	0.09754470	0.13774656	0.16345017	0.14998240	0.15533060	0.20238518	0.21310193	0.12847698	0.18257266	0.06723788	-0.10018468	0.16600107	0.23030665	0.15072654	0.19962800	0.12090776	0.24139993	0.13199073	0.17079880	0.08664413	0.07417013	0.08293693	0.11347529	0.33049617	0.24858507	0.12593610	-0.06688663	0.22809447	0.19722770	0.20361119	0.30873554	0.15902799	0.15831220	-0.04100952	0.18932296	0.14338451	0.22802768	0.13092963	0.13454702	0.24933412	0.12380449	0.13490372	0.19318948	0.09837971	0.07338133	0.19595789	0.31338841	-0.00564636	0.05110556	0.25607223	0.32226933	0.17644222	0.15281638	0.20743751	0.05170544	0.24691557	0.11723436	0.27924633	0.14410894	0.12650659	0.17944344	0.10921966	0.04998582	0.04846506	0.04995176	-0.07747451	-0.01073370	0.16620370	0.04325680	-0.07716694	0.07929184	-0.02910836	0.10638086	-0.07515490	0.09015516	0.09410468	0.09473332	-0.03181311	0.18836846	0.23693732	0.45229131	0.21971008	0.20390790	0.17497271	0.11686499	0.26359509	0.03895290	0.20589167	0.22105735	0.19089376	0.17151065	0.26714832	0.33966300	0.15450930	0.22727997	0.01924318	0.28670626	0.40037260	0.33462774	0.04395523	0.08212480	0.07319347	0.09943968	0.29480707	0.23775320	0.02792097	0.28886764	0.14093170	0.24068728	0.13367203	0.22959091	0.46312879	0.12229691	0.19344751	0.24610532	0.08758469	0.08690383	0.08171523	-0.03962013	0.16681494	0.11711554	0.03355455	0.30193876	0.02097838	0.01432364	-0.02145676	0.04049020	-0.20276987	0.01690499	0.31318392	0.28205806	0.08493371	0.25287945	0.23752689	0.38358585	0.32108066	0.01730289	0.15483447	0.34335111	0.40453320	0.27767966	0.43234452	0.15803555	0.03906145	0.02233310	0.00487706	0.04413672	0.39289575	0.32285957	0.13167687	0.13524456	0.12605550	0.10594691	0.20272776	0.21517249	0.22641176	0.31392100	0.23758033	0.28286570	0.13601138	0.20532192	0.38250349	0.28089521	0.38524780	0.33973249	0.19338075	0.39399638	0.38673026	0.32905015	0.53973185	1.16435039	0.09675522	0.47554918	0.40317665	0.21232811	0.25295649	0.07594092	0.17092214	0.27501820	0.21310097	0.46550807	0.37306287	0.15774897	0.47280405	0.40986660	0.36262952	0.18784902	0.07635794	0.11927409	0.20137704	-0.02577797	0.13956161	0.20181866	0.15552769	0.21740804	0.32453865	0.18376435	0.10022879	0.17832231	0.17330306	0.19752670	0.13937607	0.15745646	0.13635248	0.07186019	0.25403250	0.09129773	0.17173526	0.17275377	0.05452950	0.07763660	0.05108896	0.23289463	0.16452403	0.28222304	0.19404384	0.04676699	0.09703156	0.05141210	0.10393885	0.16341312	0.13383987	0.13761514	0.24354850	0.23690822	0.16255792	0.34654115	0.30603061	0.09095644	0.18640439	0.27550535	0.24968541	0.17803567	0.19751975	0.13867756	0.09485323	0.27878407	0.17172487	0.08692705	0.16044424	0.05811082	0.10377756	0.10003329	0.22642110	0.25686469	0.28061399	0.25640597	0.03770992	0.16481184	0.21897314	0.32363450	0.31592671	0.10188063	0.15526800	0.17772513	0.26666447	0.24578893	0.05502615	0.00332275	0.24470725	0.27612971	-0.02509859	0.06706122	0.02728797	0.04016954	0.17768129	-0.03212140	0.11096531	0.20277728	0.19201011	0.17560187	0.10506450	0.14053323	0.07877527	0.09458534	0.13248843	0.24092543	-0.08474190	0.20203222	0.18711598	0.11863179	0.07831239	0.08340188	0.15469994	0.14811523	0.08862760	0.28666674	0.13632856	0.07389540	0.21228321	0.31976316	0.07919809	0.27883643	-0.00455553	0.33374964	0.18496620	0.21529941	0.15785753	0.09012647	0.08804313	0.22697118	-0.10229172	0.11014826	-0.06860728	-0.16575467	0.08908091	-0.04830841	0.03430539	0.04958448	0.15915264	0.06460884	-0.03823881	0.05706608	0.18841403	-0.13558467	0.27625042	0.06545326	0.15602027	0.21224997	0.17758599	0.29813275	0.26928806	0.08500112	-0.07515089	0.10561878	0.02505123	0.21819573	-0.16994062	0.13131135	0.01884615	-0.04808006	-0.01824663	0.12655936	-0.02581504	0.12775853	0.06259994	-0.07091905	0.02736199	0.00469742	0.06692619	-0.11722919	0.08589532	0.19518160	-0.05632856	-0.07582566	-0.10306436	-0.04467254	0.25815847	0.17152997	0.13329971	0.06588297	0.04582621	0.01466394	-0.02590674	0.05702332	0.09514927	0.27146537	0.17749789	0.04168043	-0.08891007	0.01652609	0.02108336	0.05722631	0.13155903	0.16698516	0.16597848	0.11766903	0.16731844	0.20932724	0.22894560	0.06030071	0.10846274	0.13042180	0.10934707	0.29481967	0.31323673	0.11519989	0.23230316	0.06721995	0.10950040	0.10746060	0.18532964	0.06984989	0.10402469	0.12891810	0.17348574	0.09632863	-0.07776884	0.14621746	0.07857378	0.14323730	0.07363278	0.13758827	0.17327096	-0.03285645	0.13245699	0.14829236	0.21586327	0.06803547	0.19028481	0.37809871	0.27673864	0.17264905	0.15396837	0.12276898	0.07738310	0.30586302	0.17794422	0.08282118	0.28282471	0.03538722	0.20047734	0.33317279	-0.00116365	0.20307939	0.23103934	0.10093223	0.15491004	0.08432335	0.13987170	0.09525904	0.08702125	0.22730770	0.14693028	0.03071512	0.05379439	0.02046046	0.16211148	0.34946804	0.12515195	0.18599637	0.13950946	0.08773295	0.15582030	0.15933720	-0.02106568	0.15864142	0.19077444	0.07752893	0.21971621	0.04467667	0.18200386	0.12462771	0.09016287	0.06499860	-0.02714546	-0.00057264	0.14939543	0.15231550	0.18511182	0.07627533	-0.00446378	0.07148630	-0.07230307	0.08231092	0.28647322	0.21076147	0.35587984	0.25810904	0.29249730	0.22322382	0.27210615	0.16600596
17Networks_LH_DefaultB_IPL_1	0.29146787	0.31232759	0.13421781	0.21934282	0.24068444	0.20937784	0.25025241	0.06247031	0.11312264	0.06632833	0.07811055	0.10613326	0.18593152	0.15757266	0.26986789	0.16466285	0.00592863	0.06545858	0.12717856	-0.03923346	0.10835876	-0.01547222	0.10165077	0.08588423	0.01656947	0.06407154	-0.08211269	-0.16732432	0.02501431	0.01131903	-0.05024426	0.00164953	0.06161343	0.02068001	-0.02400788	0.06014758	-0.14028798	0.13916861	0.10210811	0.12006490	0.07544701	0.03572061	0.06054046	-0.06324615	0.14773564	0.15903055	-0.03127212	0.09234753	0.00069321	0.09905891	0.06261829	0.11374090	0.12060715	0.10957996	-0.00806615	0.02952542	0.07718231	-0.04778089	0.11505355	0.34578043	0.21055724	0.40427032	0.19792385	0.43285547	0.14343136	-0.02575592	0.15133653	0.11169448	0.03902637	0.04800306	0.02572103	0.03709029	0.04773918	0.11973371	0.14863097	0.10626889	-0.02687584	-0.02852626	0.07240595	-0.04052645	0.18078567	0.15943480	0.30554575	0.13497562	0.13493746	0.23735905	0.09311887	0.10965287	-0.04186482	0.05955769	-0.10984930	-0.09465446	0.03921276	0.00000497	0.11166189	0.10942437	0.08588140	0.18149284	0.06959521	0.17246869	-0.00098046	0.22420546	0.34592832	-0.04950827	-0.00109691	-0.13406453	0.14998175	0.23175446	0.05372756	0.13399459	0.09354171	-0.01613666	0.24174473	-0.12436652	0.08882049	0.03429350	0.03157986	0.02633978	0.07705947	-0.06927275	0.11359573	0.18428977	0.15930960	0.21970820	0.08891618	0.01713225	0.17586080	0.13736477	-0.01050682	0.08562951	0.23071229	0.27139003	0.02964754	0.22611656	0.24842388	0.33605346	0.21318980	0.10239486	0.30725239	0.30479846	0.36957682	0.21636415	0.31668310	0.05430759	-0.00419292	0.25202925	0.07318269	-0.07888740	0.39652571	0.44400837	0.42738565	0.28725759	0.29919034	0.28575909	0.27128251	0.25677415	0.22909229	0.31979624	0.28732147	0.33643722	0.22455767	0.14539127	0.23705037	0.19211245	0.38933107	0.11105152	0.09433665	0.12540528	0.26308551	0.10620559	0.30383627	0.09675522	1.01037261	0.34246226	0.40061831	0.43825121	0.36614367	0.12950225	0.21497191	0.16944133	0.27192724	0.38563340	0.27188035	0.22013366	0.32142125	0.23172134	0.18132460	0.42090068	0.08571258	0.23872004	0.22981676	0.08683577	0.10942185	0.09565867	-0.13419067	0.04314481	0.08572970	0.04751658	0.14707745	0.21309931	0.25491170	0.16498760	0.29825189	0.17325134	0.16042560	0.19680229	0.27496432	0.08953726	0.15833046	0.06001767	0.22192179	0.09209597	0.09151464	-0.03842775	0.24359040	0.02330827	0.04617590	0.06259723	-0.08915507	-0.07578675	0.06809448	-0.05022389	0.00689538	-0.01025023	0.05666840	0.00071419	-0.04740478	-0.03290561	0.10451298	-0.10006800	-0.03132026	0.08687036	0.05020235	-0.04696777	-0.03804659	0.10247922	-0.15866955	0.11118601	0.11551978	0.01980710	0.10120342	-0.07205564	0.13660111	0.10351399	0.00404253	-0.03380556	0.00481967	0.02055800	0.01314215	0.05562503	0.13271549	-0.09627850	0.07152837	-0.14024030	-0.10344254	-0.01446477	0.09609190	0.02298828	0.18563771	0.27319343	0.26069918	0.08110172	0.10596770	0.17727343	0.04903884	-0.08309764	0.09514235	-0.00713489	0.01446133	-0.07887819	0.03478884	0.05429404	0.20630689	-0.08755011	-0.08409999	-0.03316383	-0.02320574	-0.02897104	0.10508614	-0.00763895	0.14062158	0.16458942	0.05577314	0.03751370	-0.00265895	-0.12566712	-0.06884792	0.02107318	-0.02851520	-0.10935370	0.03338481	-0.15136685	-0.18690052	0.03283834	-0.10016887	0.10552746	-0.12884148	0.05768118	-0.04778208	0.09797168	0.01481372	0.07924175	-0.01202989	0.00719806	0.01564144	0.02821408	0.20723516	0.07015486	-0.13122553	-0.23999145	-0.04679976	-0.09946717	-0.05972371	-0.06604092	0.04457236	-0.10976059	0.02532229	0.23011203	0.06697016	-0.08844319	0.02079549	0.05963932	0.02812232	0.15554004	0.04267062	0.08083956	-0.03913045	0.05266480	0.07285739	0.12721395	-0.01152562	-0.01731952	-0.09830711	0.08010624	-0.03542993	0.12611071	0.27107881	-0.11655131	0.01250405	0.08138041	-0.05751105	0.02632843	0.10470459	0.26828618	0.08902476	0.18569514	-0.06205362	0.03752217	0.13239717	0.05413237	-0.03329468	-0.02024132	0.28271001	0.12726589	-0.03461140	0.16544667	-0.14848195	0.13781140	0.21213380	0.17939607	0.19800476	0.13704540	0.19473655	0.26600676	0.06206987	0.15291509	0.20556115	0.21850730	0.03429352	0.05926338	0.17734854	0.05010578	-0.08988448	0.11093759	0.13636965	0.03577269	0.17155729	0.28405681	0.26410379	0.11746578	0.25951537	0.01363434	0.12929481	0.02205182	0.30971736	0.21460969	0.13367551	0.16676759	-0.01172095	0.21139932	-0.05276447	0.08491060	0.17568205	0.04834529	-0.05268897	-0.12723211	-0.05072484	-0.11073201	0.10685077	-0.08332335	0.04794169	0.10191062	0.09918188	0.00719217	0.27255621	0.00613893	-0.01054854	0.13979628	-0.14832863	-0.09128878	0.14178064	0.02110761	-0.05409740	0.08646491	-0.11761316	0.10791969	0.05215495	0.13629366	0.03738301	0.03992965	0.22061365	-0.00975626	-0.05624881	-0.06428386	-0.12581211	-0.09343905	0.03590522	0.10358607	-0.14539101	-0.09887091	-0.11780259	-0.01353591	0.18713060	0.11484449	0.22805660	-0.00301865	-0.04279660	0.07566451	0.12820005	0.01438825	0.20857407	0.21501531	0.24660418	0.25806559	0.18204368	0.16691087	0.15084857	0.17012662	0.24421705	0.14539037	0.04503672	0.11492540	0.21388164	0.12621405	0.01052715	0.13413935	0.24707769	0.24879209	0.27839141	0.32748742	0.33314986	0.39872748	0.36325525	0.19620482
17Networks_LH_DefaultB_IPL_2	0.23726372	0.19578795	0.18036444	0.22186366	0.27426172	0.13115445	0.25080929	0.01704131	0.07523368	0.13898693	0.02960661	-0.05829362	0.22065808	0.24228045	0.26355330	0.19402385	0.13192275	0.22531732	0.23477186	0.04581587	0.24608398	0.07232034	0.07179234	0.30087378	0.09584958	0.13574741	-0.00353894	-0.13629897	0.08353444	0.06025672	0.02576177	0.06048459	0.00949953	-0.03724345	-0.04872029	0.02231208	-0.12780709	0.16576696	0.12568744	0.02060508	0.08096161	0.04565370	0.08327225	0.03715020	0.07905243	0.21858342	-0.05715868	0.16616020	-0.05453835	0.11716195	0.10796019	0.16517881	0.08541411	0.06019581	0.08233217	0.14069915	0.19651255	0.02585256	0.21142402	0.18178910	0.12396381	0.20414074	0.04731604	0.08652458	0.12830238	0.03458391	0.02131137	0.07648978	0.04751090	0.00027178	-0.04438775	0.06258925	0.04501510	0.06771713	0.00385221	0.12881895	0.00510770	-0.02169401	0.07383153	0.05999623	0.09790615	0.50331657	0.31040576	0.26604967	0.19390336	0.16271573	0.40349295	0.03571879	0.00755766	0.06153578	-0.01171944	-0.03685464	0.09311934	0.19791187	0.17313365	0.13780258	0.12683464	0.26063132	0.40641107	0.26174596	0.02196344	0.12435120	0.25658760	0.08312911	0.09112478	0.15322948	0.09338030	0.36927835	0.10445798	0.19036857	0.13458966	0.06852211	0.34228324	-0.07840435	0.05558655	0.04288429	0.01626525	0.06487579	0.07692136	-0.05881858	0.03180465	0.20830801	0.07651646	0.34192271	-0.06175719	0.03178881	0.14846760	-0.01659588	-0.31304480	-0.05431946	0.40805542	0.32646264	0.01328342	0.26456708	0.06781012	0.54561617	0.38520902	-0.04198756	0.37778812	0.34619157	0.49822674	0.42200156	0.51399411	0.26393390	0.08422587	0.33963107	0.12532581	0.04466872	0.57789641	0.50807454	0.44186645	0.27391183	0.36585869	0.24438109	0.41302879	0.31082707	0.32421058	0.33489937	0.53470015	0.55873631	0.20119153	0.26442417	0.38799749	0.31591702	0.54337207	0.36775231	0.16725668	0.18832123	0.26914980	0.12046533	0.44576432	0.47554918	0.34246226	0.99145745	0.44157543	0.35846302	0.39744369	0.06163555	0.29974225	0.49248548	0.33644962	0.58377376	0.35942599	0.20826741	0.49973402	0.45434748	0.32206050	0.40549037	0.05697277	0.22738018	0.34735749	0.12573852	0.09565496	0.13825413	-0.01759974	0.15437317	0.30267628	-0.02274963	-0.03449233	0.09585845	0.05176053	0.21896145	0.25998700	0.10268552	0.21802528	0.26129374	0.26957445	0.08670005	0.14925805	0.09724563	0.11433327	0.06797257	0.05748178	0.02731026	0.10007174	0.25677505	0.00520300	0.13472430	0.03332353	0.04890251	0.21711172	0.21147268	0.18659649	0.08661375	0.14213522	0.05366525	0.11788015	0.10299619	0.25466939	-0.07552028	-0.01235960	0.09834281	0.16461558	0.00210270	0.01108647	0.05785868	-0.08026183	0.12044055	0.07517535	0.04816035	0.03136184	0.00684474	0.02720630	0.05350137	0.11673329	0.07066966	0.15974730	0.14908564	-0.00165643	0.08491879	0.15237703	0.15283535	0.13622002	0.02721150	0.04754054	0.13186710	0.18527289	0.08636050	0.11897559	0.03884943	0.17307366	0.05542816	0.00032364	0.21168131	0.05179770	-0.02703036	0.17878028	-0.18105576	0.07096144	-0.02435038	0.04150156	0.11574457	0.04691187	0.06077900	0.03906371	0.01614161	0.04989745	-0.04635404	0.09120338	0.08293869	0.04315768	0.10061396	-0.04869029	-0.00130195	0.02715432	-0.05637382	-0.01448432	0.14795368	-0.01563643	-0.02063272	0.02821909	0.06932063	-0.00918387	0.13955142	-0.15624675	0.24504540	0.09142303	0.14936742	0.10673987	0.09726820	-0.06520375	0.02743481	0.12562083	0.01970153	-0.14769885	-0.09588684	0.19330267	0.17257091	0.01303662	-0.10987100	0.12957915	0.04461406	-0.00619630	-0.05478497	0.19136546	-0.05393607	0.03649110	0.21594879	0.07091611	-0.02758544	0.13754871	0.12000042	0.09054550	0.14473670	-0.01825957	0.03698861	-0.09736522	0.05057969	0.12990927	0.21185360	-0.03796177	0.11911470	-0.16750594	0.11643994	-0.11745720	0.03391843	0.09489252	-0.10834524	0.06610776	-0.11495270	-0.02414653	0.00959936	0.25254688	0.30482503	0.04975925	0.02798927	-0.02450216	-0.08377133	0.26470936	0.28095680	0.22671121	0.12768583	0.39024441	0.18262758	0.10672344	0.22456325	0.03239265	0.25512675	0.36707308	0.23400436	0.09751286	0.17408512	0.22102471	0.32008219	0.16982160	0.11930303	0.35919371	0.21970598	0.10554101	0.15691014	0.31835086	0.16808185	-0.00818905	0.08565575	0.04060580	0.29807826	0.41839567	0.19782239	0.33359787	0.05684426	0.21066977	0.01341740	0.18308624	0.08858698	0.31472989	0.30704906	0.28772398	0.26283054	0.01363937	0.19724463	0.06087646	0.12746121	0.23346429	0.12810882	0.13311862	-0.14180075	-0.03523648	-0.05364425	0.25220127	-0.02861752	0.00847865	0.24928068	0.10437698	-0.00342948	0.26554453	0.12735920	0.02546458	0.18616138	-0.04180064	0.10686108	0.17456901	-0.10608788	0.05582969	0.12254709	-0.03716803	0.09935042	0.06900660	0.04192362	0.08442436	-0.09256839	0.16374355	0.12222571	0.03857898	0.07484336	-0.00469517	0.02115916	-0.01623654	0.01688741	-0.01804202	0.10096814	0.05413710	0.13639466	0.20194878	0.08925445	0.17462715	0.10769532	-0.01501912	0.12844601	0.17460117	0.12118238	0.25310229	0.20224330	0.20226747	0.24637019	0.28209250	0.19645118	0.17745807	-0.02153170	0.22813206	0.14270774	0.14980962	0.07004199	0.18464962	0.15379274	0.05342306	0.15304793	0.34631249	0.33566763	0.35792088	0.37827254	0.38491342	0.39484791	0.37771501	0.27507236
17Networks_LH_DefaultB_PFCd_1	0.48713703	0.41646576	0.34312038	0.31628619	0.22099473	0.28375579	0.32693033	0.05565085	0.18568983	0.08794668	0.15008334	-0.00297015	0.24261692	0.17696167	0.35517856	0.35497650	0.08777963	0.12668141	0.18583845	0.09744356	0.16626345	0.16437903	0.19617438	0.18479028	0.23419144	0.32470791	0.08710633	-0.22761738	0.21830394	0.11171853	0.14485916	0.31173611	0.12977912	0.09847175	0.02478051	0.15669411	0.00592350	0.57406991	0.40142851	0.27160315	0.19214454	0.10731092	0.33764439	0.16379580	0.35083174	0.25539909	-0.06178079	0.22389375	0.00030000	0.02414723	0.22097643	0.32570555	0.27185453	0.25218203	0.20415201	0.05788546	0.26987670	0.12345648	0.29691855	0.34683095	0.22636084	0.53417049	0.29162782	0.19881218	0.00072763	-0.00658057	0.01116975	0.01098520	-0.12654267	0.02046045	0.02611792	0.05914420	0.01285429	0.12187430	0.07716947	0.19823385	-0.03503859	-0.04029541	-0.02112814	0.04845247	0.43054249	0.48773380	0.33658398	0.37120798	0.30646612	0.23939891	0.18227196	-0.01717703	-0.09841500	0.12051299	0.00663282	-0.01745607	0.25184340	0.24179849	0.25280438	0.07457795	0.25220784	0.51889884	0.62399395	0.43026584	0.01947399	0.34260285	0.26564468	-0.10774370	0.19415098	-0.05250498	0.00747023	0.57867677	0.17092832	-0.00357645	0.16327601	0.36010803	0.72859515	0.22501124	0.17590350	0.12964859	0.16993068	0.04212533	0.02576317	-0.18230544	0.06761666	0.08701348	-0.05448193	0.14248807	-0.09091762	-0.09814737	0.16716705	0.03303457	-0.24503987	0.08740563	0.38244309	0.51458868	0.17231970	0.24069109	0.26360817	0.38296979	0.13187981	-0.15369018	0.35926662	0.30097975	0.58911756	0.41688593	0.79788063	-0.01943307	-0.13350672	0.07617108	0.07047362	-0.05896265	0.60009487	0.66700852	0.67394359	0.41644532	0.40731435	0.49081268	0.47127205	0.33878583	0.33778398	0.69778810	0.35023981	0.47030301	0.69266279	0.56255487	0.81078950	0.74300900	0.72962917	0.57859746	0.21880223	0.53004940	0.60716348	0.53463576	0.40690770	0.40317665	0.40061831	0.44157543	1.25071919	0.67431836	0.59573735	0.18083168	0.24249313	0.55714778	0.39317708	0.51855518	0.44644395	0.10594328	0.55124190	0.42800123	0.28300244	0.46508819	0.26689266	0.44035835	0.36093537	0.15813192	0.15543826	0.10611911	-0.09250227	0.15842294	0.19776324	0.10019993	-0.08864678	0.16971299	0.35662760	0.27233296	0.51899377	0.28894148	0.23869155	0.38251769	0.47410552	0.24073951	0.14778384	0.17762799	0.22746607	0.13184844	0.21090785	0.11532294	0.35527028	0.30698316	0.10380857	0.11077659	0.00539498	0.08940541	0.22586406	0.12788786	0.26549370	0.23775458	0.39272340	0.33927127	0.06877422	0.30887758	0.31433066	0.06147810	0.12935436	0.15908213	0.26112560	0.23234889	0.09786141	0.38959460	-0.02883973	0.35453703	0.21591154	0.01150484	0.40121873	0.06714474	0.28464568	0.07615207	0.19523170	0.10772983	0.04655561	0.07909197	0.17266028	0.06547385	0.20027804	0.13725507	0.28787302	-0.01809905	0.11347035	0.27122292	0.33764890	0.27044182	0.18719057	0.32671573	0.42708753	0.07197365	-0.22669146	0.20188189	0.12475654	-0.16521376	0.03622518	-0.08003126	0.01828884	-0.00802165	0.19010949	0.04027697	0.12335083	0.10692485	0.12094191	0.03256738	0.02792336	0.01545206	0.06755260	0.14082878	0.29546371	0.25726037	0.01807554	0.03019936	0.08416694	0.07296704	-0.08783641	0.33447704	-0.14175707	-0.14935168	0.00923344	0.03868830	-0.13726023	0.16897477	-0.13014989	0.45881925	0.16387977	0.04789622	0.30935003	-0.01282117	-0.02937298	0.28497726	-0.00745574	-0.02359184	-0.15413403	-0.22040832	0.32192860	0.23506101	-0.20904730	-0.28079773	0.25932840	0.09993880	0.02860087	-0.00308982	0.14133389	-0.31772482	0.27512854	0.44873676	0.11815726	0.28949774	-0.04480179	0.24048755	0.05149440	0.27033905	-0.02608158	-0.01008031	-0.20633120	0.01385675	-0.08516341	0.18590687	0.12626145	0.02119707	-0.08013916	0.16847363	0.18949327	0.13360211	0.08624634	-0.34021931	-0.22968512	-0.11124315	-0.25907228	-0.02447621	0.19922580	0.39377045	0.06326075	0.03701513	-0.18992272	-0.19057907	0.36172994	0.40510002	-0.10882890	-0.11657678	0.35548694	0.24621454	-0.22843053	0.11155668	-0.11415367	0.43391102	0.18438024	0.21281305	0.15456257	0.20755981	0.41250219	0.30668033	0.13230127	0.38405118	0.38390173	0.45711320	0.42052541	0.48436734	0.68903131	0.12141184	0.25068515	0.09914476	0.06928361	0.15786230	0.57870942	0.55651253	0.60874586	0.17659952	0.39555743	0.03565158	0.14343659	-0.01563120	0.51732957	0.35283122	0.29511888	0.27981876	0.04257510	0.12109363	-0.19694150	0.31202415	0.12236509	0.18234720	-0.00623757	-0.40257978	0.01371523	-0.00528952	0.08851200	-0.19281099	0.18788795	0.31648360	-0.00622025	0.06444341	0.33537520	-0.00716558	0.15112531	0.32755219	-0.03084736	-0.15389123	0.31030712	-0.14008149	0.05584818	0.20468586	0.00728237	0.25798270	0.10319191	0.12221502	0.04956753	0.00822923	0.23980647	0.12729542	0.08234094	0.15650265	-0.04912403	-0.15765848	0.04220031	0.00288097	-0.04215726	0.09282357	0.05239282	0.11745972	0.16702965	0.17553717	0.24928087	0.12827300	0.01450747	0.12568087	0.22704618	0.07255530	0.26838589	0.18665952	0.20297015	0.21015555	0.14610007	0.24370972	0.06183429	0.14819168	0.30108470	0.20187122	0.13201455	0.13817380	0.22680570	0.17897139	0.04145535	0.25812099	0.26598200	0.34781999	0.54493848	0.50740020	0.57272904	0.58269741	0.58179699	0.44811705
17Networks_LH_DefaultB_PFCd_2	0.41899766	0.42587277	0.20466108	0.22432578	0.32406904	0.20576422	0.39787251	-0.02631888	0.25575661	0.09218977	0.15495893	0.14062429	0.08739630	0.01794561	0.35344859	0.16446047	0.12130014	0.14163720	0.11935801	0.03018565	0.17493018	0.09174600	0.22488748	0.06064698	0.05824642	0.16741108	-0.10936490	-0.30044674	0.01756323	-0.04641376	-0.02683057	0.08118849	0.05190781	0.01095712	-0.01342182	-0.06245352	-0.11698790	0.45457071	0.30523832	0.05722835	0.03840402	0.09758917	0.14817667	0.03649551	0.11462990	0.27073455	-0.16922329	0.01531446	-0.03545034	-0.07727772	0.00421116	0.04961575	-0.02639482	-0.03738347	0.09689147	0.07110633	0.11657530	0.08390736	0.12762472	0.44174791	0.20387145	0.52524952	0.19729623	0.20608044	0.03546872	-0.05971887	0.18470028	0.03316478	-0.04874143	0.09533531	0.01816515	0.10111230	-0.08526939	0.01653610	0.01305985	0.08296931	-0.07627500	0.00167500	-0.00506314	0.11916550	0.38389009	0.24500929	0.31235316	0.23658744	0.08846161	-0.00622825	0.02072672	-0.10941976	-0.12073439	-0.07894519	-0.10321314	-0.20569380	-0.01470688	0.11004285	0.06218159	0.02563676	0.15877301	0.20357155	0.24313990	0.23817632	0.02791800	0.32493685	0.51344458	-0.11431236	-0.00857184	0.03929009	0.24822867	0.42744293	0.13852452	0.14401754	0.16550766	0.09554707	0.43793600	0.02300146	0.10911514	0.05888361	0.07911247	0.10866628	0.09566595	-0.19748604	0.19611489	0.27073339	-0.02532037	0.34164270	0.13595522	-0.02344576	0.14500692	0.22847346	0.03597120	0.02160021	0.37364561	0.39985715	0.07148677	0.34288185	0.36434991	0.41092597	0.29303953	0.11840642	0.40900498	0.38923318	0.51871710	0.39808669	0.33779395	-0.10663072	-0.13884513	0.17361548	0.07263358	-0.07447752	0.55761961	0.68043773	0.55638350	0.57646860	0.58137142	0.48468509	0.39231617	0.45728739	0.34150988	0.42048149	0.35661686	0.43893175	0.46662038	0.32278926	0.41868579	0.37326179	0.66673592	0.23531168	0.16094394	0.27583406	0.38065731	0.34682093	0.48559696	0.21232811	0.43825121	0.35846302	0.67431836	1.16244082	0.66948001	0.19611825	0.35345621	0.27183625	0.42107480	0.50237704	0.31748153	0.27898623	0.38829740	0.44013711	0.26318379	0.54034960	0.14265275	0.30785420	0.23303748	0.15367815	0.02307320	0.01651973	-0.21823979	-0.02648413	0.15623558	-0.00012206	0.04540415	0.11438399	0.30290068	0.25467940	0.40035974	0.25947872	0.27046523	0.49143875	0.41638398	0.14408821	0.22276758	0.06554726	0.18991180	0.17042111	0.05502803	-0.05325012	0.22841044	0.18207781	-0.01519212	0.16255759	-0.05447323	-0.02558079	0.24074363	0.09962621	0.23850043	0.02853008	0.18112194	0.09228820	-0.10999354	0.06331999	0.10534406	-0.10312597	0.10125041	0.12730954	0.10285223	0.11775700	-0.11076147	0.23635681	-0.05078819	0.14731986	0.19094351	-0.12672673	0.29438854	-0.05347534	0.14932655	0.07399771	0.04937699	-0.07044033	-0.07875977	-0.10906912	-0.06567701	-0.02963556	-0.01195522	-0.05468819	0.04314620	-0.19458837	-0.14627273	0.11219715	0.12782525	0.08147179	0.08524048	0.42615742	0.48400681	-0.05984121	-0.08501543	0.20627406	0.17859884	0.00954709	0.01044213	0.01900676	0.01186222	-0.14171703	0.10943397	0.02414958	0.27073646	-0.06581265	-0.13129665	-0.04467869	-0.14061213	-0.06961418	0.02531227	0.04202026	0.25444117	0.13999036	-0.10169145	-0.09766737	-0.15360470	-0.12381381	-0.23478887	0.17695309	-0.02456572	-0.00622337	-0.12779079	-0.05669467	-0.30425148	-0.00024232	-0.21019230	0.12624307	-0.01516591	0.07188434	0.16852095	-0.03467313	-0.13704882	0.04785716	-0.03268536	-0.14443895	-0.06394786	0.01090969	0.37306392	0.22153302	-0.05761435	-0.33939868	0.12282167	-0.09120090	-0.06566878	0.01555443	0.12185413	-0.23011034	0.08897415	0.39367313	0.15384492	0.00016805	-0.01102278	0.10975628	0.07467486	0.26408862	0.16960496	-0.07518833	-0.07446305	0.03180447	-0.05950713	0.17739955	0.09341651	-0.03418153	-0.22783426	0.12320820	0.07844761	0.21228310	0.25126867	-0.24129202	-0.05492170	-0.20719236	-0.13622681	0.10210237	0.18818913	0.37446479	0.26770532	0.24904377	-0.12285645	-0.04958841	0.27342302	0.09188927	-0.21549614	-0.18752861	0.38369438	0.17491192	-0.16341426	0.09656971	-0.15243976	0.28366920	0.21040347	0.41326911	0.17466797	0.26226697	0.44111544	0.28186019	0.22470058	0.25020077	0.32101661	0.36736930	0.30206334	0.27698365	0.40003746	0.23051826	0.01645141	0.08613286	0.11867643	0.00159783	0.48937560	0.70036565	0.29644319	0.38087066	0.27838854	0.17594152	0.16895099	0.00533014	0.48952614	0.35324070	0.15948825	0.21766208	0.18120917	0.12481434	-0.16782836	0.21875739	0.07624031	-0.00443102	-0.12980867	-0.29319006	-0.13727005	-0.14188000	0.03957306	-0.30776592	0.05309034	0.23710338	0.02029467	0.02700774	0.22666415	0.05622632	0.03057997	0.19115124	-0.13851777	-0.10476733	0.23816007	-0.21577661	0.02446991	0.07107514	-0.21535210	0.05262321	0.05090326	0.13549741	0.06607623	-0.02232961	0.24361037	0.09938162	0.00147059	0.08628302	-0.10445282	-0.08923709	-0.04973322	-0.00994513	-0.04029828	0.03734338	-0.17906382	0.04708713	0.21695993	0.13382670	0.22341676	0.18654419	0.06932169	0.15002206	0.25377216	0.06358599	0.23422150	0.24299808	0.25883632	0.21372737	0.27724662	0.30029524	0.28115170	0.31322976	0.38189074	0.17722135	0.06690606	0.17639849	0.37848993	0.14439762	0.12854443	0.25475478	0.30239947	0.39519294	0.39412765	0.48834817	0.46615523	0.51423773	0.49555663	0.45505418
17Networks_LH_DefaultB_PFCd_3	0.44820702	0.29634741	0.17708478	0.17111922	0.33870482	0.27532636	0.37067239	0.12749217	0.25549917	0.29228690	0.20791903	0.12951429	0.11925272	0.16239911	0.33412799	0.13826104	0.01591504	0.20763242	0.21104486	0.15690173	0.25912491	0.23832761	0.30044629	0.19157999	0.18515962	0.13708987	-0.04015372	-0.22671612	0.10657873	0.08300245	0.01668058	0.15392946	0.12944629	0.09817328	0.07354306	0.06615071	-0.02273526	0.30652472	0.36305821	0.28867158	0.16383635	0.04033310	0.24345955	0.04129869	0.30186963	0.33348546	-0.01175346	0.18980773	-0.10259854	0.06151084	0.17276983	0.18166649	0.17636420	0.18999037	0.08740099	0.05521592	0.14260850	0.06966720	0.24243766	0.40375441	0.21078141	0.47632707	0.17391977	0.26262270	0.16054049	0.03783289	0.09068188	-0.03659715	0.13244570	0.14626351	0.09518491	0.19131631	-0.00449595	0.05249377	0.07222875	0.09571801	-0.04240374	0.10246625	0.22154469	0.25527356	0.31885040	0.38242376	0.32041141	0.29602823	0.27524049	0.24122862	0.27728638	0.11325229	0.06988983	0.05898347	0.12507836	-0.06108866	0.15941385	0.30282718	0.15114880	0.26696276	0.31516797	0.40354667	0.45299608	0.19732504	0.27900140	0.56864953	0.56508829	0.04949080	0.24638936	0.15548975	0.21688903	0.47825153	0.23434702	0.03906524	0.06319383	0.06302312	0.49273823	-0.03834143	-0.00761270	0.05076203	0.04093704	0.03391186	0.03883034	-0.10538849	0.15978430	0.12616481	0.23774051	0.32586447	0.17944904	0.04441148	0.33886638	0.24486926	0.05682996	0.13073349	0.33955155	0.34618920	0.25517518	0.35080737	0.19025507	0.44698581	0.39144956	0.12215169	0.31649203	0.38164952	0.56344613	0.67133993	0.46601231	-0.03510848	-0.01236487	0.17926405	0.15959329	0.05429813	0.42504557	0.42612148	0.47982350	0.52831417	0.40955486	0.19019841	0.13925840	0.24671875	0.39216039	0.44660611	0.34330031	0.42735458	0.30388953	0.21354605	0.50846807	0.41435835	0.64863366	0.41707800	0.06894912	0.26789241	0.26042352	0.13344249	0.37002337	0.25295649	0.36614367	0.39744369	0.59573735	0.66948001	1.07056999	0.21017100	0.31715360	0.44811948	0.42665407	0.51475601	0.31649257	0.22067476	0.32571815	0.43959622	0.36787764	0.28393500	0.08469748	-0.01035550	0.05028400	0.05991302	-0.09848547	0.02747604	-0.10372187	0.01814537	0.21444458	0.16089073	0.14451072	0.25044485	0.30601978	0.26768799	0.42516802	0.28793270	0.26605057	0.40670648	0.42994215	0.18053362	0.23729685	0.21218834	0.24942028	0.23483899	0.04872188	-0.09308749	0.30811792	0.22544338	-0.02221293	0.06588765	0.07441453	0.11293101	0.29663109	0.13081922	0.29350947	0.05754926	0.19286874	0.13111371	-0.02701756	0.15433827	0.13444106	-0.11076401	0.19134655	0.33984896	0.12831561	0.12193074	0.02321589	0.16163941	0.00596649	0.24785211	0.31215353	-0.19642554	0.32349412	0.07878312	0.19777884	0.14035033	0.22340489	0.05481514	0.02414652	0.02848070	0.08171412	0.02427443	0.20665719	0.08472944	0.08220911	-0.02066000	0.04754906	0.00951962	0.11050877	0.05320475	0.18756973	0.31338624	0.34441354	0.13378822	0.00942933	0.28768682	0.21643178	0.08865287	0.12876540	0.04600924	0.07918463	0.10846393	0.19175655	0.17077881	0.30335253	-0.09567872	-0.02149062	0.07331254	-0.08221763	0.05498627	0.23637354	0.20334189	0.27682559	0.27612747	0.08493634	0.12605623	0.10538953	-0.04057709	-0.08183721	0.36766630	-0.00167425	0.18202595	0.06184889	0.13266889	-0.15984524	0.16679933	0.04531191	0.34550796	0.01079238	0.14628846	0.19231238	0.23430169	-0.00308311	0.17373850	0.22024137	0.11677954	0.03458546	0.15639894	0.55429773	0.41821046	0.12743462	0.02233642	0.29697909	0.30355301	0.00789003	-0.00442100	-0.02259107	-0.30147864	0.02148406	0.31350229	0.00130419	0.02270481	-0.09084922	0.01589414	-0.01665287	0.29480698	0.08317859	-0.05359017	0.06309604	0.15150601	-0.07781479	0.19677075	0.14177139	0.05098580	-0.05596780	0.21664438	0.02869898	0.19518961	0.13954601	-0.00270861	0.15228587	0.06731019	0.05872572	0.26801526	0.31922222	0.32798327	0.19808865	0.06875601	-0.06159067	0.14473656	0.40036608	0.29755406	-0.18269840	0.03491478	0.20831252	0.22666707	0.04585862	0.00986724	-0.09473746	0.19421324	0.22814647	0.30465095	0.16335664	0.11579839	0.14443494	0.01851630	0.05715852	0.34995863	0.17818068	0.15795305	0.31007207	0.23817900	0.36195411	0.37901130	0.25864001	0.13017406	0.15765786	-0.06225388	0.51254072	0.45779720	0.40270489	0.36010173	0.30996545	0.08952555	0.32126612	0.22600981	0.20963129	0.15337095	0.11601642	-0.04293442	0.16886255	-0.01326004	-0.19478556	-0.04518471	0.04929317	0.11564748	-0.09245789	-0.07914826	0.18026688	0.09464802	0.20720596	0.02743976	-0.10055272	0.09748474	-0.04363058	-0.03616170	0.26866058	0.07082500	0.01103426	0.18977367	-0.08087833	-0.10349633	0.20173945	-0.17852169	0.03769918	0.10098728	-0.13281457	0.16808261	-0.13386035	0.02894050	0.01615701	-0.07359599	0.18412219	0.09447539	0.02586757	0.11279270	-0.03787972	-0.04261145	0.02913222	0.01118117	0.01238954	0.01696098	0.03368068	0.10606285	0.16936541	0.14682808	0.16024517	0.09200088	0.05870436	0.12152766	0.27650526	0.04792413	0.20471946	0.17083318	0.25344874	0.20849553	0.22846844	0.20425370	0.30978405	0.25234346	0.27445467	0.08441313	-0.00491186	0.09096846	0.40531677	0.05991282	0.02478547	0.29087122	0.27193325	0.34297152	0.38663518	0.37932349	0.33292737	0.48628805	0.51746761	0.34847527
17Networks_LH_DefaultB_PFCd_4	0.02794824	0.18616735	0.01167288	-0.02310020	0.00812831	-0.04517550	0.07005118	-0.05354634	-0.07942705	0.11638325	0.10739406	0.05731559	-0.01244170	0.02071564	-0.02369812	0.01945022	0.14142341	-0.04226938	0.11805800	0.08948055	0.13683023	0.09745350	0.04754137	0.04072660	0.02987351	-0.01812461	0.13545383	0.11981911	0.02359930	-0.10123128	-0.10548794	-0.05428711	0.06020164	-0.03442437	0.04151060	-0.09178070	-0.05719645	0.03084605	0.02993249	-0.02099845	-0.11641436	-0.09200596	-0.00871852	0.10397020	0.06003935	0.10834251	0.03882204	0.02735623	0.09916399	0.15363815	0.09405536	-0.04200791	0.10434628	-0.00063969	-0.11124070	0.14367139	-0.04537579	0.23356646	-0.05358280	0.10672461	-0.00175955	0.00618206	0.04255220	0.15017864	0.04397208	0.05047408	0.08377722	-0.13783696	-0.08738108	-0.00698337	0.00708197	0.00772994	0.02709231	-0.01499973	-0.05747897	-0.05110129	-0.12056567	-0.11075733	0.07309862	-0.02643695	0.07238598	0.04738108	-0.12269133	-0.16132435	-0.00655911	0.04788396	0.10374715	-0.04345757	-0.00563818	-0.03265999	-0.05049529	-0.07653830	0.01099574	0.07505216	-0.00296383	-0.20152528	0.08417577	0.05947044	-0.01010968	-0.02550198	-0.16158814	0.10656336	0.13989922	0.01483120	-0.04694284	-0.02116271	0.01737214	0.03928432	0.04080120	0.08209530	-0.03968500	0.02455899	0.12764270	-0.18189405	-0.01146061	0.02312104	-0.02252332	0.06727498	0.07972123	-0.09434362	0.08387035	0.06863220	-0.00570880	0.14146469	-0.08713972	-0.03904068	0.07802543	0.13527064	0.05045347	0.15467254	0.08192806	0.14320626	0.04806556	0.06568662	0.03508494	0.04156632	-0.05967123	-0.05052634	0.14923220	0.02443636	0.06181686	0.04199692	0.15762345	-0.04020046	0.01221840	-0.06383799	0.00065541	-0.08646439	0.16171932	0.11008630	0.01555600	0.26456343	0.16227841	0.01983192	0.06713331	-0.06595554	-0.10816719	0.08300788	0.00739759	0.00727453	0.13975147	-0.04389278	0.14150311	0.08726627	0.05901289	0.03389192	0.05368265	0.00832286	0.01463195	0.08277292	0.08270886	0.07594092	0.12950225	0.06163555	0.18083168	0.19611825	0.21017100	0.89887187	0.33389891	0.16808385	0.42940265	0.11007491	0.09421301	0.17567046	0.08321381	0.16812051	0.08949871	0.10422477	0.09161767	0.05017583	0.13667345	-0.00533845	0.00464786	-0.05921343	0.00011972	0.03056616	0.08517497	-0.02796539	0.01548411	0.00480851	-0.05804464	-0.17402516	0.07023023	-0.09643214	-0.03157141	0.11908029	-0.06060874	-0.02531695	0.02494159	0.03120458	0.06174143	0.13689997	0.01857636	-0.01926512	0.03812713	0.14107075	-0.04886310	0.02279936	0.03667981	0.21461941	0.12605138	0.16639363	0.13616731	0.02306019	0.14006256	-0.10223420	-0.08445209	0.00402755	-0.07437727	-0.01339656	-0.09453775	-0.04294440	-0.14060798	-0.03325380	-0.16466808	0.05156666	-0.12025291	-0.17484592	0.00476535	-0.02319204	0.01271826	-0.07242131	-0.14798986	0.01568289	0.09785251	0.03103609	0.07861984	0.12106512	-0.05236244	0.03647192	0.13442433	0.13642920	-0.01220600	0.01362649	0.07208070	0.03654767	-0.09531786	-0.15523886	-0.06535959	0.04657623	0.12170850	-0.01869431	-0.05217590	-0.06423706	-0.00167148	-0.02595672	-0.03600279	-0.01565744	-0.06159953	-0.12133648	-0.04435741	0.05295183	0.01456607	-0.06492914	-0.07927995	-0.11460342	-0.11116956	-0.10961640	0.04751525	-0.04636083	-0.11171037	-0.06171489	-0.21837481	0.02668490	0.06656541	-0.07120022	-0.11397875	0.04695434	0.02139110	0.09893317	-0.06588811	0.08547662	0.04030924	-0.06807895	0.12630898	0.01765156	-0.08269620	-0.12662523	0.01437158	-0.10540775	-0.03953856	-0.01326644	0.03103676	-0.09779845	0.02654497	0.04123306	0.03582324	0.00578368	0.07104326	-0.03442283	0.03185287	0.04524505	-0.07622514	0.05559460	-0.09863122	-0.12650337	-0.09792462	0.13714610	0.02810575	-0.07398247	0.09698821	0.04220434	0.09380369	0.30563331	0.04229360	-0.16534745	-0.05184330	-0.07844591	-0.04984698	0.07041036	0.07205247	-0.05814885	-0.01467399	-0.03572760	0.06565619	-0.02582021	0.07004235	-0.11141721	-0.10102805	-0.14911675	-0.08090612	0.11657542	0.12918732	-0.05933871	0.26678102	0.09747145	-0.10464827	-0.00727015	-0.05270781	0.17264220	0.04383758	0.00674033	-0.01317018	0.04704069	0.01696631	-0.07524880	-0.08843158	0.00515744	0.07742027	0.00139932	-0.01206240	0.20478076	0.03445173	0.03323815	-0.16737181	-0.00140143	-0.04117261	0.05966771	0.14278374	0.04644001	-0.04620326	0.01955923	0.03789692	-0.08657694	-0.06192193	0.03646449	0.02729565	0.14975365	0.25381365	0.40072387	0.13589214	0.13097819	0.11325371	0.04062923	0.15810584	-0.01895815	0.01590914	0.05259848	0.02033437	-0.09152706	-0.03275036	-0.09494370	-0.00648871	-0.00742028	-0.12437985	-0.12870182	0.10899550	0.07184284	0.09690605	-0.05166246	-0.02596335	0.01834776	-0.01505591	0.02422698	-0.11921500	0.01375271	-0.14219722	-0.03063410	0.00834346	-0.00619572	0.08252433	-0.05164311	0.02668089	-0.00213416	-0.11280005	-0.10183969	-0.02726947	0.01903900	-0.00613091	-0.06094655	-0.03898966	-0.11879497	-0.09095502	-0.16037975	-0.04031018	0.05642205	0.02057318	0.08908486	-0.00258325	0.01708164	-0.07140965	-0.11617357	-0.05082967	0.02036665	0.03013893	0.07201311	0.04572356	-0.08117059	0.05965340	0.04756227	-0.11165706	-0.04259359	0.00252732	-0.05764100	-0.08821095	0.04393496	0.04192391	0.11700396	-0.07501184	-0.02190695	-0.01724113	0.04293045	0.19949947	0.01417520	-0.10695461	0.00650878	-0.04901200	0.00441387	-0.06376407	0.00309303	0.01708666	0.05445164	0.05743178	-0.02992488
17Networks_LH_DefaultB_PFCd_5	0.18204298	0.19829314	0.14624640	0.13306275	0.11963608	-0.01725449	0.13797647	-0.14558519	-0.03443287	0.02124815	-0.03386746	-0.03395913	-0.08202003	0.03890934	0.12529985	0.00709737	0.09188100	0.01349336	0.02812783	-0.12325341	0.11697423	-0.03306046	0.02042531	0.11571332	-0.04761900	-0.02320480	-0.03686876	-0.09133256	-0.05193431	-0.10395068	-0.09287085	-0.11763698	0.01989042	-0.07525282	-0.10158431	-0.03252840	-0.11777880	0.12567778	0.17286886	-0.11511513	-0.10183266	-0.01047269	0.07495623	-0.06201753	-0.06527304	0.12227384	-0.07811800	-0.02393607	-0.01095553	-0.03846760	-0.05799573	-0.13484156	-0.01691311	-0.02585371	-0.11159579	0.01447220	0.01794632	-0.00334614	-0.00719430	0.21255844	0.00975694	0.21302116	0.02724775	0.11105555	0.09604042	0.06332308	0.14629926	-0.11203156	0.05966036	0.15316041	-0.00196671	0.04417035	-0.02149626	-0.01703742	0.03412412	-0.01693074	-0.07053015	-0.17647812	0.05190925	-0.00031902	0.06166624	0.30626854	0.20597172	0.03946110	0.09214227	-0.03688585	0.13338297	-0.10830283	-0.08476522	-0.11901428	-0.14761529	-0.19797362	-0.17365453	0.06078309	0.01320491	-0.14875496	0.02487908	0.07298799	0.11536773	0.06552148	-0.03837122	0.10348620	0.29206372	-0.02777823	-0.04368817	0.16939725	0.18395360	0.32736245	0.11585422	0.10738546	0.07088806	0.06948524	0.22300714	-0.16442079	-0.02112748	0.01375209	-0.00330612	0.06498145	0.06082818	-0.06305221	0.02303848	0.28764376	0.08875897	0.33389409	0.12268367	0.11516511	0.21579047	0.20814981	-0.01226335	0.08256368	0.36617945	0.35888802	-0.00125295	0.30683286	0.13386335	0.33049330	0.25339097	0.15408691	0.51489057	0.32346875	0.36605995	0.31590336	0.21512958	0.06728634	0.01218523	0.10117905	0.15975666	-0.00682733	0.37387470	0.37254449	0.30362183	0.39581006	0.47046185	0.10440038	0.18075232	0.24609696	0.21417695	0.27858143	0.34295874	0.22554380	0.19338509	0.06912209	0.13740101	0.06998724	0.41771764	0.09843839	0.03129764	0.05727683	0.18717370	0.05454175	0.34395617	0.17092214	0.21497191	0.29974225	0.24249313	0.35345621	0.31715360	0.33389891	0.83201108	0.28339748	0.41388625	0.53393267	0.12348751	0.22499711	0.20902410	0.21846228	0.26434199	0.32440633	0.01407012	0.01367787	0.09785635	0.06437274	0.00563404	-0.00758149	-0.09479195	-0.01123147	0.09819927	-0.07053241	0.07997149	-0.03740735	0.09791033	0.16119223	0.18124528	0.16541716	0.15744705	0.32075872	0.18275443	-0.02212861	0.05887613	-0.05775113	0.01961330	0.04780153	-0.06943497	-0.02463427	0.09963815	0.10747871	-0.10880231	0.10042703	-0.07613763	0.05828177	0.08588273	0.11639641	0.06475270	-0.05033085	-0.02012982	-0.18286873	-0.02529209	-0.12024742	0.08259614	-0.02217349	-0.10718465	0.04248160	-0.02385085	-0.11017600	-0.12367438	0.02534819	-0.14019849	-0.10371103	0.01372128	-0.07166619	0.00810228	-0.17830538	-0.02748817	-0.02517101	-0.02703442	-0.15167105	-0.05617414	-0.00117448	-0.13935084	0.01766369	0.08749815	-0.02847041	-0.10018717	-0.02088807	-0.08108030	-0.06146057	-0.03991519	-0.18449522	-0.03518037	0.18137864	0.16875242	-0.02146528	0.01123987	0.09975158	0.03035610	0.06220754	-0.01937333	-0.08800141	-0.06771132	-0.03245112	-0.10624066	0.09002512	0.18285917	-0.05039917	-0.09764395	-0.02613275	-0.07832081	-0.16893323	0.01500031	-0.08568595	-0.10116560	0.09483711	-0.06007704	-0.04849701	-0.16402495	-0.13703721	-0.23662766	0.02417081	-0.16889947	-0.07282812	-0.15760596	-0.07543148	-0.25654123	-0.12298529	-0.06166889	-0.04090201	-0.08755709	-0.08330817	-0.13195595	-0.14533435	-0.13881895	-0.07902878	0.06758045	-0.15234187	0.02420934	0.14337686	0.09427123	0.05973217	0.07986915	-0.18745877	0.01814118	0.04961025	-0.05503355	-0.02223426	-0.00876173	-0.09417118	-0.04350169	0.17422740	-0.03589665	-0.10081026	-0.03545535	-0.02230661	0.01847379	0.21092498	0.08917619	-0.08261900	0.06853734	0.08991997	0.11994489	0.15500861	0.02097511	0.01798044	-0.06948759	0.06201272	0.03182581	0.11013939	0.22428929	-0.07445805	0.07375902	-0.18119169	0.07388232	0.14236048	0.07800714	0.18079955	0.33968276	0.14627020	0.01503637	0.06599148	0.13577955	0.03248107	0.03424963	-0.00087022	0.18181466	0.03026575	0.07487938	0.04772426	-0.06669063	0.09835448	0.18172133	0.23346164	0.06504098	0.19244553	0.05565186	0.10824655	-0.01716847	0.15941306	0.10646957	0.10827736	0.15002762	0.05910407	0.04400803	0.09690051	-0.06184667	0.02830758	0.02797300	0.04781329	0.02081395	0.25994242	0.18943773	0.30115979	0.28105674	0.09314106	0.08068369	0.00145697	0.22281737	0.16844534	0.04456862	0.05629721	0.03550474	-0.00167277	-0.03317286	-0.02578351	0.00429211	-0.01830199	-0.07467663	-0.16295088	-0.18728712	-0.18076428	0.12704687	-0.12285612	-0.02740105	0.04882296	0.02253180	0.05490625	0.04066557	0.02460831	-0.07816599	0.00034805	-0.02028314	0.06348450	0.08271657	-0.09592940	-0.01481887	-0.03370415	-0.11647515	0.00397993	0.00981396	0.00263405	0.04503303	-0.03809345	0.01958811	-0.02489330	-0.10643040	-0.07251976	0.00233282	0.03679445	-0.03283261	0.08309209	-0.07874348	-0.03903155	-0.03131361	0.02142654	0.04937182	0.02847904	0.07951978	0.05061324	-0.08085702	-0.05573181	0.03929727	0.01621688	0.03379029	0.07192841	0.04162242	0.05817823	0.09265112	0.05467744	0.13652241	0.08675909	0.10090385	-0.00550699	-0.08200481	0.08392926	0.17030794	-0.03232843	-0.06390721	0.10844315	0.19096699	0.18295371	0.19011423	0.24765159	0.25272157	0.21427208	0.22296319	0.11987587
17Networks_LH_DefaultB_PFCd_6	0.30885511	0.19829046	0.23143478	0.26229419	0.27536954	0.21603100	0.24091259	0.08786852	0.10192622	0.14388086	0.05489152	0.01760801	0.23753047	0.16327381	0.21749228	0.09961244	0.08709063	0.06765026	0.20682838	0.14384572	0.22166379	0.15884209	0.11400863	0.30936842	0.17539333	0.13429022	0.19302884	0.05317520	0.17480015	0.10797932	0.04526293	0.20209731	0.17126709	0.08920841	0.05914193	0.09438952	-0.06752182	0.23759153	0.31109140	0.22580700	0.06006921	-0.02815989	0.19843522	-0.00704060	0.23675224	0.32040807	0.03480400	0.19296768	0.02116744	0.15680573	0.08099884	0.16065348	0.21744769	0.18286186	0.05010727	0.04156496	0.17353895	0.20105363	0.21525401	0.11756698	0.17280972	0.21971790	0.14590374	0.05376007	0.07935114	0.07185433	0.13214879	0.10045547	0.03769735	0.08820607	0.11553730	0.10082481	0.11693421	0.13341044	0.15233515	0.18898655	-0.02242340	-0.07767268	0.14551504	-0.01520699	0.20867176	0.71200439	0.24303753	0.31835513	0.39469877	0.31509390	0.51181930	-0.01908250	0.08618827	0.11682785	0.11531653	0.09537165	0.15488259	0.39831644	0.31459856	0.02663158	0.24194323	0.36466653	0.60202048	0.18555774	0.18961880	0.25477992	0.18188829	0.14783042	0.34069732	0.13573143	0.08431739	0.48007578	0.15130421	-0.02786368	0.13970128	0.26177620	0.29372230	0.01177859	0.02986396	0.06362826	0.04429072	0.16731415	0.04299382	0.06947196	0.03435732	0.08879551	0.11050179	0.21976845	0.02987675	0.00188207	0.47212007	0.12209818	-0.16412990	0.18141321	0.38493028	0.37135899	0.21918227	0.22628382	0.05735623	0.38310653	0.30396233	-0.04449282	0.33114585	0.32329360	0.40660279	0.45657015	0.65969586	-0.01767916	0.05496294	0.10504641	0.10430786	0.13314620	0.44438570	0.38835447	0.38697664	0.40982514	0.40898977	0.19284538	0.19408729	0.12897107	0.23282152	0.33895133	0.30814719	0.40265096	0.31882920	0.36652717	0.51326019	0.47368272	0.48366210	0.55175244	0.13858702	0.19051823	0.29986027	0.13944332	0.34543924	0.27501820	0.16944133	0.49248548	0.55714778	0.27183625	0.44811948	0.16808385	0.28339748	1.15203078	0.28042489	0.48070045	0.37161871	0.18663390	0.48276173	0.45075227	0.37914086	0.20333427	0.13918497	0.13491139	0.17805041	0.20308635	0.11142140	0.18324926	0.08363439	0.15997540	0.33126097	0.04827722	0.00858928	0.13351516	0.13241904	0.21008940	0.37195521	0.15554651	0.24145539	0.27096768	0.26219387	0.16639936	0.07299369	0.13359156	0.10049565	0.08596141	0.12302537	0.00298989	0.13099949	0.18762128	-0.07946252	0.15757222	0.04005054	0.18310000	0.16800748	0.22332111	0.31876472	0.20421761	0.21025755	0.24621629	0.10050492	0.14302019	0.19390200	0.03985221	0.00306969	0.18730551	0.07979721	0.15249556	0.10907413	0.19540610	-0.08121109	0.12126784	0.02872716	-0.09304860	0.29383350	0.17455759	0.09582802	-0.00964579	0.12237365	0.07239526	0.01278154	0.04280428	0.12521874	0.00085814	0.19845934	0.09329894	0.13677535	0.14583891	0.14240032	0.23043936	0.11913164	0.10210497	0.26429055	0.10394379	0.03420545	0.04765988	-0.12398174	0.19795631	0.16713454	-0.05282102	0.11938882	-0.06006325	0.14672135	0.08101142	0.05792962	0.16768468	0.10733993	0.06280072	0.19196762	0.15482975	0.09225645	0.04690462	0.18107814	0.14733284	0.11454167	0.20516975	0.00310362	0.19726607	0.18334747	0.11320514	0.05938161	0.37460675	-0.17101276	-0.05254731	0.03114085	0.05005498	0.00821427	0.15254656	0.11568797	0.36581518	0.25100622	0.03294292	0.21776567	0.03434491	0.01525726	0.13952373	0.36993943	0.08359188	0.03894617	0.03912008	0.33222274	0.34554396	0.06242969	0.01003783	0.32929047	0.33825874	0.10445580	0.02037702	0.15001917	-0.11039448	0.13562120	0.20406232	-0.06621486	0.10881768	0.07079834	0.16193320	0.09280405	0.28597946	0.05141886	0.01482151	-0.05056592	0.06731158	0.04178799	0.25201254	0.20934461	0.27880435	0.10775789	0.20467837	0.07028786	0.11460568	0.09584454	-0.01834508	0.10852958	-0.06608438	0.00308997	0.13502760	0.30595003	0.26484561	0.18302606	0.00614772	0.02182607	0.06993935	0.36739362	0.48895434	0.04208700	0.06212743	0.18371360	0.31442786	0.05676677	-0.03160263	-0.00552331	0.26234430	0.19566815	0.26289937	0.12568100	0.12565133	0.06021941	0.07891441	-0.09385721	0.15609934	0.16987732	0.20812672	0.22374816	0.26827989	0.31173464	0.31980162	0.29466439	0.07966717	-0.01018937	0.24357683	0.48200416	0.19503903	0.46235606	0.13228624	0.30542616	0.00475046	0.24428666	0.18739824	0.24371968	0.15270001	0.29234788	0.07395201	0.14107209	0.13115912	0.05971784	0.08581799	0.11398634	0.25887126	0.04274138	-0.21417771	0.12342292	0.10153631	0.20000823	0.02447239	0.02282329	0.14747965	0.06731703	0.03321654	0.21282904	0.13272077	0.10576231	0.17567747	0.02294951	-0.07514606	0.20797245	-0.15980902	0.23626975	0.19491635	0.04264764	0.25650585	0.05504711	0.00848492	0.13567631	-0.02653421	0.02949174	0.08203001	0.09645529	0.01230770	0.07539476	0.00606829	-0.00785736	0.03764850	0.13099739	0.07389130	0.15068003	0.10919781	0.19302337	0.09657354	0.18627892	0.00099452	0.02172340	0.11337194	0.07623693	0.04241207	0.20708687	0.06825976	0.15067425	0.18680833	0.15644736	0.18164164	0.17536263	0.01472154	0.18605316	0.17780396	0.11061028	0.14035223	0.25663627	0.14985470	0.07417516	0.20904970	0.21175215	0.36296950	0.44432275	0.37470487	0.31855544	0.41750385	0.45820047	0.32407848
17Networks_LH_DefaultB_PFCl_1	0.17835667	0.20263542	0.05391661	0.02600952	0.10084647	0.01971901	0.14378623	-0.13748725	0.03057303	0.09234023	0.10892666	0.00368498	-0.04994012	0.05040622	0.08428420	0.08483915	0.11825235	0.03553109	0.16466819	0.00279531	0.23112879	0.04501684	0.12930641	0.05081722	0.00246170	0.08879196	0.05949007	-0.00434859	-0.03681076	0.01431677	-0.02054441	0.04155839	0.05883746	-0.00740806	0.03632363	0.01883530	-0.03679787	0.15888418	0.14752876	0.00567280	0.01959184	-0.01866389	0.10649274	0.09864757	-0.00569628	0.17076639	-0.03315279	0.04066930	0.04419673	0.06381763	0.04763787	-0.00978347	-0.01021603	-0.06404085	0.01351706	0.15877416	0.03295148	0.21302716	0.04144356	0.23605420	0.01103733	0.15625037	-0.01427818	0.12269613	0.12409830	0.00439381	0.18971615	-0.11770354	0.00090584	0.07677668	0.01606800	0.08297558	-0.05265050	-0.07620501	-0.06088845	-0.02880768	-0.08876679	-0.03324989	0.09704658	0.11695178	0.07313043	0.21661687	0.21251919	0.09494539	0.11304182	-0.02145464	0.07590596	-0.06598798	-0.07280148	-0.09628304	-0.01855604	-0.10032465	0.04797169	0.10479272	-0.05579593	-0.03263978	0.15526978	0.10512556	0.20071671	0.16437578	-0.00219932	0.23974198	0.40847241	0.05528136	0.01952058	0.10873676	0.08573833	0.32906187	0.05177020	0.03370086	-0.03582339	-0.03446593	0.37380662	-0.13042002	-0.10014745	-0.12569080	0.00462169	-0.04982297	-0.01968674	-0.23520734	0.08956672	0.20373824	0.01994321	0.32438045	0.00183996	0.01718384	0.16264015	0.08797140	-0.00112731	0.08114090	0.30678305	0.29948412	0.04541168	0.16591619	0.08010269	0.34109508	0.16110491	0.04497161	0.41742378	0.22934408	0.36408586	0.31099479	0.32363921	0.14351178	0.01843364	0.17729193	0.13268611	0.03397450	0.35184973	0.39767558	0.34066621	0.40855769	0.42063839	0.22935986	0.30771577	0.19726836	0.16843178	0.22272329	0.35736282	0.30797609	0.25114710	0.15157995	0.35006881	0.26252227	0.39355618	0.23919928	-0.01984080	0.14053283	0.17174527	0.15421485	0.31062269	0.21310097	0.27192724	0.33644962	0.39317708	0.42107480	0.42665407	0.42940265	0.41388625	0.28042489	0.93872594	0.46377663	0.17891481	0.16314110	0.19445832	0.25363429	0.21716035	0.28007494	0.00743800	0.14865263	0.19283701	0.05229295	0.01337231	-0.04414541	-0.08159854	-0.01832325	0.10548469	-0.04100420	0.05759448	-0.04837395	0.04283020	0.05929954	0.20368304	0.02553193	0.05748785	0.34403810	0.09456030	0.01900318	0.11308858	-0.00169316	0.09576451	0.14692351	-0.01657315	0.01537573	0.05224184	0.11355233	0.00670350	0.08555113	-0.05038278	0.09038580	0.22406552	0.08486850	0.16095397	-0.00030460	0.14733438	-0.12003510	0.02742500	0.03585011	0.03122038	-0.02906713	-0.02902258	0.11825712	0.06247279	0.00722964	-0.06297948	0.07927693	-0.01299430	0.02367668	0.06403876	0.04383666	0.03474926	-0.08284204	-0.03734057	-0.00546400	0.05073007	-0.07980885	0.04642009	0.06930195	-0.11876882	0.07639779	0.06420588	0.08736530	-0.01462015	-0.03227143	-0.07749275	0.03942988	0.00738347	-0.02727301	0.05212970	0.10895623	0.27342034	-0.02537185	-0.02697240	0.14061128	0.02175150	0.02245031	0.03475832	-0.01987297	-0.00471160	-0.04407205	-0.01842363	0.04374551	0.15167023	-0.04763159	-0.11656167	-0.03311511	-0.15690075	-0.07536080	0.01423321	-0.02060954	-0.09955966	0.05279151	-0.06823299	-0.06083294	-0.02875203	-0.17886127	-0.18344237	0.06476852	-0.06337635	0.13314217	-0.10820368	0.00023935	-0.15139900	0.02486144	-0.02493283	0.09052841	-0.09753624	-0.06073094	0.06224856	-0.03705031	-0.08929942	-0.09392350	0.02888831	-0.12913413	-0.04625044	0.04802582	0.14481059	0.16658536	0.13742493	-0.09137101	0.10866356	0.13007268	-0.15790134	-0.07095298	-0.08398283	-0.25143754	-0.14070572	0.25039093	-0.00871604	-0.08315980	0.00012111	-0.05169070	-0.00205406	0.22824623	0.12264046	-0.11905398	0.06104425	0.08917107	0.11015914	0.09969040	-0.01358888	0.01731658	-0.10259699	0.13622335	0.05975481	0.00151026	0.08348819	-0.14284395	0.00424903	-0.14690391	0.03728722	0.19713077	0.22245075	0.15653328	0.31569928	0.04919067	-0.17098416	-0.07172091	0.06223913	0.14888404	0.07273093	0.05912446	0.27472001	0.05248378	0.13535517	0.09006626	-0.02259492	0.10622129	0.18512286	0.19317280	0.09828878	0.29230133	0.21934123	0.25997436	0.05142954	0.07784548	0.13824167	0.15203389	0.14193054	0.13402318	0.17602111	0.06172303	0.05696917	-0.04322567	-0.06217822	0.01555004	0.23413686	0.38046906	0.29698764	0.38920871	0.09958113	0.03983740	0.06321338	0.04814954	0.29521621	0.24186319	0.04993545	0.15075028	0.05948803	0.03581782	-0.07457511	0.01295702	0.05933921	-0.04721605	-0.12086735	-0.19357879	-0.08279901	-0.11967951	0.08294441	-0.15246827	-0.14117224	0.10476384	-0.07922227	-0.12051078	0.02200411	0.05803935	-0.04330595	0.05251045	0.01317516	0.08243186	0.22505555	-0.10746394	0.00562088	0.07211594	-0.14567899	-0.03111543	-0.08698637	0.09455505	-0.05580154	-0.17545476	-0.04052797	0.03102098	-0.02115183	-0.06415924	-0.00261066	-0.01789940	0.00893709	0.03771651	0.00277264	0.02226356	-0.08571011	0.07038741	0.06198254	0.08904439	0.11270332	0.12244390	-0.00069745	-0.00468811	0.16136155	0.09980729	0.03781816	0.14794239	0.07259283	0.12383636	0.03237238	0.09751163	0.19356269	0.19418960	0.10780109	0.07092284	0.01664849	0.00438484	0.33887342	0.01108587	-0.03243466	0.13651683	0.14353939	0.22878431	0.16143170	0.21124221	0.24746066	0.24027479	0.22693351	0.21712342
17Networks_LH_DefaultB_PFCl_2	0.35697434	0.27188406	0.30921119	0.25547285	0.16281026	0.12062524	0.30058937	-0.01433448	0.21390916	0.11945806	0.08248526	-0.08311861	-0.06409806	0.15143210	0.29703646	0.06088959	0.03142502	0.21430647	0.14649404	-0.07249078	0.19875417	-0.06451605	0.18996297	0.26589266	0.15119795	0.18300005	0.04266988	-0.13615230	0.15017959	0.03629464	0.03429093	0.13128245	0.13215816	0.10282472	-0.02031328	0.18098372	-0.04295280	0.29207399	0.44059695	0.11884586	0.18164052	-0.01427271	0.24741746	0.00516401	0.01072952	0.20083326	-0.17422927	0.13101033	-0.05388949	-0.05558778	0.02685746	0.05792431	0.07661428	0.06025413	0.11051178	0.04718720	0.29376442	0.05179595	0.32447365	0.28705639	-0.02400367	0.41371098	0.03630022	0.21213326	0.15976702	-0.01581302	0.20030593	-0.03376381	0.24729553	0.34618113	0.09780299	0.28627861	0.00269923	0.09754047	0.20083456	0.11103327	0.05347991	-0.06370516	0.05639254	0.10676503	0.18269410	0.72645145	0.66987007	0.37634563	0.44901220	0.06713157	0.24213520	-0.01202272	-0.16877349	-0.13978984	-0.04839744	-0.15885246	-0.03654162	0.24535266	0.21298888	0.05187456	0.20504330	0.32675414	0.46661880	0.25054065	0.16439345	0.10696600	0.47398396	-0.03637366	0.12821923	0.24384406	0.25258336	0.65663263	0.21078282	0.06537700	0.20784754	0.21161716	0.54845444	0.03094696	0.10874560	0.10183506	0.11379429	0.06509917	-0.04345598	-0.16752219	0.10604594	0.44644197	0.32062845	0.62740991	0.28423696	0.18299899	0.41792863	0.34874217	-0.10995057	0.10963119	0.72392039	0.67059366	0.10954573	0.49821760	0.27450102	0.77097563	0.67337201	0.30850653	0.72226708	0.72590801	0.74824672	0.61730157	0.63386508	0.14187731	0.06611184	0.26918789	0.21616092	0.12822704	0.65792358	0.70830077	0.58454176	0.61337152	0.70587720	0.19327472	0.29298416	0.43284386	0.46896550	0.49803643	0.58785994	0.55471492	0.32242499	0.26970013	0.38153619	0.19477129	0.82624282	0.30865011	0.06364546	0.31329955	0.46046684	0.08192056	0.73972201	0.46550807	0.38563340	0.58377376	0.51855518	0.50237704	0.51475601	0.11007491	0.53393267	0.48070045	0.46377663	1.29013698	0.17009967	0.23281348	0.48108940	0.42092044	0.53489701	0.51053824	-0.01145117	0.07729892	0.17519343	0.03061986	-0.05345120	-0.00409558	-0.14440814	-0.01763795	0.23024748	0.08906985	0.19355884	0.05054333	0.22365504	0.45273260	0.43450725	0.24258798	0.21167118	0.56467212	0.36122768	0.18368418	0.25279966	0.15483630	0.05886688	0.16071084	0.00001948	-0.06752505	0.18461337	0.23430418	-0.11008313	0.12605648	-0.10637287	0.08103763	0.18267928	0.18787929	0.18562306	0.16217959	0.27631399	0.11553716	0.18982180	0.10174952	0.34519230	-0.05258195	-0.00470776	0.31186942	0.19577043	0.10419566	0.09576484	0.13358049	-0.03937453	0.19341133	0.14234519	-0.02793543	0.19325983	-0.04316960	0.20818379	-0.05272874	0.05199016	-0.04646140	0.10818067	0.04889775	-0.06633823	0.06693608	0.15536816	0.04869297	0.09533536	-0.01341403	-0.00661087	0.14362036	0.27958324	0.11216779	0.13217298	0.31955649	0.31193578	0.20943040	0.10508402	0.32435643	0.15555204	0.03434039	0.14330633	-0.09066024	0.08303999	0.10630699	-0.02790255	0.18204145	0.41338830	0.06326266	0.04512155	0.17292185	0.06975132	0.04885906	0.01524044	0.00318149	0.06384839	0.38246362	0.18558160	-0.00047104	-0.09346714	-0.09252679	-0.09443704	0.31671850	-0.19462310	-0.14808033	-0.10657675	-0.02701163	-0.18781507	0.08570756	-0.07948996	0.25069636	0.08270990	0.10278588	0.04301195	-0.01996145	-0.17480778	0.02670035	-0.00958695	-0.04557783	0.06456174	0.13031910	0.16909566	0.10392330	0.05237271	-0.23390503	0.08674841	0.16452599	-0.01517466	-0.22075816	0.15492402	-0.12994970	-0.03157067	0.30557578	0.04748575	0.09139994	-0.05036220	0.10848310	0.02871639	0.09915390	0.14130188	0.12940604	0.14802198	0.29564111	0.10087129	0.42866795	0.11900972	0.20669321	0.00407131	0.32031348	0.11184515	0.27339312	0.27850127	-0.15678253	0.24102466	-0.05250640	0.14553682	0.11139994	0.22589190	0.51131239	0.29427996	0.08821975	-0.02343574	0.09776333	0.34697388	0.15820582	0.10264241	0.02072863	0.30533038	0.15195573	0.07476653	0.08321473	0.03200667	0.29848090	0.22365330	0.47661338	0.15173574	0.13915931	0.02617051	0.18149003	0.07691128	0.25203129	0.24558230	0.21473054	0.16143739	0.05581365	0.20133061	0.15055339	-0.10196474	0.14531236	0.13018992	0.08217724	0.25665272	0.43283687	0.37402495	0.11517207	0.25965608	-0.18666740	0.07905975	0.06664357	0.34267983	0.35596824	0.14980701	0.07596976	0.01389909	0.12159504	-0.05847964	-0.02786251	-0.04886293	-0.00211009	-0.01464458	-0.16466481	-0.20126267	-0.14239997	0.15161321	-0.13410073	-0.07860675	0.07806170	0.10625524	-0.03369331	0.24068136	-0.02013710	0.09860799	0.17001082	-0.09596459	0.01169514	0.21020259	-0.17250419	0.06432811	0.18054063	-0.07156737	0.25269377	0.07612871	0.10894197	0.06227564	-0.11818268	0.18043762	0.10394855	0.05123362	0.04061187	-0.01306649	-0.14332351	-0.05862434	0.05147473	0.00161051	0.16901124	0.00496578	0.21666805	0.15981597	0.10156613	0.18417303	0.06345911	-0.12844172	0.07215752	0.11919066	-0.01728279	0.31562565	0.14382354	0.10498960	0.17278513	0.17820164	0.10909147	0.14967663	-0.03845687	0.34978716	0.13451131	0.02805706	0.06429242	0.22031727	0.04378614	-0.09828463	0.21865503	0.44396126	0.40367020	0.54066211	0.54741679	0.46209172	0.43841482	0.51127381	0.35911206
17Networks_LH_DefaultB_PFCv_1	0.26099148	0.29279513	0.04165673	0.23634610	0.35545470	0.36567504	0.27360765	0.14765608	0.23504449	0.04736671	0.06859147	0.05989537	0.45564779	0.29576818	0.24158760	0.33954654	0.18745454	0.17416318	0.07654977	0.21282923	0.02438425	0.10415117	0.00826653	0.16276662	0.30050656	0.18404050	0.09701384	-0.09974196	0.19730356	0.27737482	0.27862482	0.26418652	0.16104000	0.08903711	-0.01168292	0.14238194	-0.00019144	0.15434885	0.12244953	0.19247750	0.18991475	0.16551590	0.17197139	0.03498024	0.35657550	0.28016015	0.28836239	0.41260738	0.05557020	0.28778487	0.25461009	0.36106652	0.35113551	0.21994902	0.04668970	-0.01791414	0.07898318	0.09880964	0.13897913	0.19529532	0.45381152	0.16437768	0.26797918	0.06912523	-0.13789371	-0.01636498	-0.10178819	0.00665443	-0.11521396	-0.17747211	-0.07165208	-0.06490166	0.10749619	0.09750977	-0.06347253	0.16364882	0.05291101	0.03800802	0.00167324	0.01990481	0.26098964	0.30876068	0.00974782	0.16961646	0.15541508	0.45505739	0.33670301	0.14214237	0.43158932	0.37011232	0.18012240	0.22412141	0.37468957	0.25542844	0.30497453	0.23873367	0.03437600	0.39724709	0.39834253	0.36772390	0.08130809	0.18633311	0.02574240	0.21519550	0.36995896	0.08076653	0.15904927	0.31829622	0.15167033	0.41416898	0.26909649	0.22173220	0.24994981	-0.10203133	0.14724922	0.14000978	-0.00200648	0.22660850	0.27252318	0.21319323	0.03190288	-0.08743579	-0.03655717	-0.01789135	-0.09439474	-0.05254446	0.02059629	0.13168763	-0.13436409	0.04380775	0.15454846	0.30626859	0.18304043	0.10110234	0.17917548	0.15032418	0.10627221	-0.20176184	0.00108631	0.22681703	0.22622009	0.14093166	0.44898571	-0.02401444	-0.03762224	-0.08061853	0.05638792	0.00690564	0.36570688	0.27910327	0.14509753	0.15006551	0.12845886	0.16384874	0.17568683	0.07859152	0.16169263	0.29503976	0.07581359	0.18639794	0.26323927	0.35908567	0.45351114	0.53517535	0.19936504	0.43134445	0.34166830	0.18718923	0.33559169	0.18077505	0.19934394	0.37306287	0.27188035	0.35942599	0.44644395	0.31748153	0.31649257	0.09421301	0.12348751	0.37161871	0.17891481	0.17009967	1.04576619	0.42059045	0.60482331	0.56649035	0.29144342	0.17580915	0.28081583	0.24988475	0.26389422	0.36044247	0.36383181	0.40323902	0.29022296	0.26607188	0.31204382	0.15515868	-0.08193762	0.36265713	0.20640592	-0.01037050	0.16296431	0.16663349	0.24385224	-0.07030292	0.32516808	0.19498503	0.05991785	0.10892937	0.09639885	0.02116880	0.25996389	0.26276357	0.27214242	0.18341873	0.26453909	-0.03739662	0.12266449	0.09199447	0.07986708	0.07575642	0.14104948	0.09627478	0.07441056	0.25091043	0.00090715	0.31995852	0.14354041	0.13113299	0.17175490	0.11096561	0.12438793	0.14507803	0.14523444	0.20056219	0.00407360	0.23518662	0.21949122	0.13108659	0.13595292	0.08272232	0.08848351	0.25889537	0.23662756	0.22748029	0.12051074	0.25646420	0.23316544	0.13262816	0.38172768	0.23925384	0.30624609	0.21788294	0.22801404	0.10273699	0.12606492	0.16040054	0.37593377	0.06930368	0.10141417	0.02082482	-0.17074605	-0.07592200	0.05427498	-0.11194615	0.15268807	-0.09396293	0.03518102	-0.01557919	0.24901009	0.07522985	0.02085716	0.08304353	0.08483985	-0.02092983	0.08998094	0.05229678	0.05005962	0.24022311	0.26229453	0.08080257	-0.02416203	0.08697323	0.35582410	0.20496163	0.15484750	0.25962449	0.15620069	0.19056457	0.29092387	0.28375177	0.13924359	0.31665310	0.14486584	0.37856301	0.24511948	0.11693644	0.27925046	0.11226658	0.16423755	0.28429509	0.13888586	0.14822038	0.04075137	-0.12526852	0.33079055	0.12175244	0.00558153	0.06972914	0.26036858	0.10178024	0.13836544	0.33691463	0.25935113	0.03240898	0.38035350	0.10210000	0.07542853	0.00726599	0.20645714	0.22019770	0.17579972	0.20865513	-0.10949690	-0.03910151	-0.13187472	-0.05233969	-0.11365744	0.09167707	0.14849924	-0.02108975	-0.03039746	0.04425487	0.00001532	0.13988809	0.23779141	-0.07147924	-0.07214943	0.03709558	-0.13755512	-0.07630402	0.12676457	0.11557162	-0.03408776	0.28000931	0.07559326	0.14646413	0.28158128	0.30124455	-0.06258009	0.00345584	0.07016033	0.03415073	-0.17538921	0.05833787	-0.10524742	0.23563407	0.20285986	0.05890465	-0.00971587	0.13120429	0.06431086	0.12359671	0.09126795	0.17715592	0.12436176	0.24779700	0.16122539	0.37555713	0.39564713	0.22504175	0.27357040	0.17042541	0.13425479	0.32238842	0.42674939	0.23938094	0.29480815	0.15101744	0.30181495	0.44080386	0.50940163	0.23780477	0.17339157	0.02461472	0.23173587	0.13579637	0.06287803	0.26990256	0.19316243	0.34862362	0.27519904	0.35088248	0.14456510	-0.13857614	0.17376648	0.23618207	0.18082318	0.09342575	0.28744096	0.34086083	0.20031053	0.25903963	0.27187418	0.18959860	0.15607105	0.28655716	0.08568455	-0.01805565	0.27633981	0.09671968	0.17240165	0.24274992	0.02681091	0.19114589	0.25947892	0.09068164	0.20321676	0.35471594	0.13492765	0.13998408	0.12438402	0.16252700	0.01701053	-0.06471585	0.03956094	0.06209886	0.15987187	0.05394375	0.09758411	0.13319650	0.21065802	0.11325612	0.25482033	0.12353313	0.11994152	0.18504151	0.18115503	0.13276098	0.25184854	0.09456145	0.24420159	0.23514788	0.27526330	0.28334502	0.18737151	0.16759770	0.17515264	0.17556446	0.22601012	0.19794723	0.06011132	0.23947415	0.18972711	0.17449732	0.18243319	0.22425766	0.21184515	0.13917985	0.34958261	0.29415048	0.24554804	0.21054289
17Networks_LH_DefaultB_PFCv_2	0.10147601	0.15188751	0.00041817	0.14047705	0.33430494	0.24816673	0.18860815	0.11513076	0.21719804	0.14043464	-0.04476721	0.02494571	0.14274596	0.12079179	0.10004069	0.07077195	0.13991206	0.06546176	0.05265780	0.10050248	0.03475923	0.06214103	-0.07651926	-0.00668681	0.10898460	-0.02299476	-0.02428560	-0.01252339	-0.05079411	0.07601024	-0.14873119	-0.04153781	-0.00376568	-0.03334437	-0.15512296	-0.08739214	-0.19224691	-0.06982621	-0.09545102	-0.04735673	-0.13318875	-0.04598668	-0.06440956	-0.01306227	-0.01917055	0.14370444	0.06712297	0.12243045	-0.13411882	-0.01578209	-0.02347854	0.00507454	-0.07928391	-0.09536795	-0.19686581	-0.03628446	-0.19269088	0.04520797	-0.12282655	0.14746590	0.15552517	0.14110141	0.14470701	0.20570051	0.00767091	0.09729206	0.01665209	-0.14500494	-0.11202724	0.02674541	-0.05229014	-0.02161982	0.07010555	-0.01413702	0.02404904	0.04959697	0.01073278	-0.11404387	-0.02629577	0.01121250	0.18547729	0.17168232	0.03173373	0.05156525	0.12627174	0.09177363	0.19951790	0.09060953	0.17646987	0.02755195	0.16439881	0.08004450	0.09298206	0.28640411	0.16637918	0.03653271	-0.02999579	0.06422304	0.12233349	0.08565145	0.02620169	0.03181378	0.20503048	0.18750318	0.25903578	0.30755867	0.54174121	0.14257496	0.15467483	0.56527511	0.33070182	-0.03068761	0.07149577	-0.39059900	0.06166394	-0.03351243	-0.12454714	0.20752252	0.23076086	0.13583823	0.09727474	0.04681275	0.14292476	0.11197977	0.15896548	-0.04549401	0.10758506	0.45126341	0.08163289	0.15633664	0.24176341	0.25244722	0.14456742	0.28758279	0.16982639	0.18020611	0.29622786	0.03034738	0.17194401	0.39560196	0.24065879	0.10739881	0.13293843	-0.11243776	-0.01681391	-0.09840080	-0.04057868	-0.03590394	0.26327396	0.20135888	0.02450230	0.23766041	0.23940536	0.00775998	0.01631965	0.05591323	0.06856097	0.06042011	-0.01538430	-0.02367778	0.06525293	0.08298305	0.05633174	0.09158270	0.13835238	0.08816808	0.27648276	-0.12747180	0.09951807	-0.03582220	0.26306507	0.15774897	0.22013366	0.20826741	0.10594328	0.27898623	0.22067476	0.17567046	0.22499711	0.18663390	0.16314110	0.23281348	0.42059045	1.12983919	0.45781894	0.55284663	0.34031419	0.22274562	0.08456068	0.11667468	0.08237957	0.22133594	0.03835622	0.13465984	0.14030163	-0.03294425	0.24731758	0.07088676	0.05169439	0.21516573	0.09195474	0.01588265	0.02255191	0.14386970	0.25868007	0.04237242	0.15567656	0.03225397	0.01150658	0.03587867	-0.10869011	0.01998306	-0.03660121	0.02081276	0.10791344	0.04268111	0.05495760	-0.03018534	0.05237312	0.07520921	0.04845387	0.14138924	0.08654365	-0.10587518	-0.13049809	-0.01077632	-0.08309819	0.04701737	-0.03449832	-0.03694623	-0.05290914	-0.02022119	-0.03886868	-0.08409325	-0.08200755	-0.06387032	-0.10622748	-0.07311892	-0.04654175	0.06597990	-0.03906101	-0.04514367	-0.17276913	0.10522042	0.08754949	0.03283062	-0.00600106	0.13583375	-0.01286258	-0.00768931	0.12263729	0.07193908	0.07068027	0.07380227	-0.01657752	0.09831050	-0.16049485	-0.10569853	0.12412176	0.09571964	-0.03825860	-0.03637067	-0.00500836	-0.11550407	0.01921615	-0.16234397	0.03829997	-0.10829801	-0.01108260	-0.14158746	-0.02034564	0.05356273	0.15012343	-0.09180402	-0.07413695	-0.07331975	-0.03053879	-0.09756666	-0.03045809	0.03725257	-0.03572336	-0.03983160	-0.09506427	-0.00654748	0.12118906	-0.01834606	0.05098788	0.10962403	-0.03307540	0.09615463	0.06522007	0.19532476	0.09509841	0.13021643	0.20871793	0.05481309	0.02636117	-0.06257945	0.09085964	-0.06955550	0.01504877	0.04826284	0.08189703	-0.01967398	0.30475471	0.10793548	0.14323671	-0.00432492	0.16470108	0.06653326	-0.02334478	-0.01803265	0.01838133	0.21183829	0.22904182	0.26235364	0.04677365	0.06946252	0.03456827	-0.35171050	0.34626151	-0.00716793	0.07605197	0.18308745	-0.09035136	-0.04576835	-0.08792492	-0.14977515	-0.00292632	0.22377143	0.17353014	-0.03582891	-0.01769064	-0.02224726	-0.01438709	0.05236363	0.28078744	-0.09139132	0.01766511	-0.04670751	-0.14434804	0.04728067	0.06215272	0.06379849	0.10977342	0.54575793	0.29551133	0.33470309	0.15528306	0.08564757	-0.22181704	-0.16714058	-0.12027080	-0.08926237	-0.15604362	-0.17231366	-0.12790235	-0.09013637	0.02864798	0.10061281	0.05146538	0.01165911	-0.04627147	-0.07484449	-0.09876872	0.03096993	-0.11779485	0.08350819	0.05939772	0.03310900	-0.02630667	0.16937464	0.01087839	0.01244169	0.10923327	0.23846163	0.05980255	0.17524655	0.04803493	0.11359907	0.22274037	0.27898116	0.40569438	0.29356032	0.03170223	-0.15697785	0.08636611	-0.04064294	-0.02770917	-0.00675411	0.18770161	-0.08700176	-0.03821229	-0.01465438	-0.02544800	-0.03981139	-0.02899580	0.08895436	-0.00725972	-0.03382159	0.01840240	0.08220294	0.12292469	0.13519409	0.07590707	0.07557866	-0.05090415	0.09161669	0.07330311	0.12460649	0.15330036	0.05420155	0.19494299	0.15761442	0.03606408	0.03512273	0.08871104	-0.14474833	0.18184682	0.18094955	0.04878683	0.00893637	-0.04024337	-0.00953730	0.08831128	0.01403248	-0.13761345	0.08328585	0.16511376	0.10248657	-0.01722454	-0.00918584	0.04341495	-0.15662978	-0.04591703	-0.01055811	0.09997945	-0.13858671	0.03864203	0.10845966	0.14693245	-0.06111305	0.08424619	0.12302346	0.25642143	0.09124405	0.26879684	0.13687564	0.01879969	-0.11916478	-0.09720743	0.03937986	0.00289451	-0.02158297	0.02803213	0.08423034	0.02671104	0.09090507	-0.07877208	0.03087512	0.00708574	0.09431463	0.10381517	0.00190413
17Networks_LH_DefaultB_PFCv_3	0.28028554	0.32080091	0.19689187	0.35115715	0.30493923	0.29871020	0.30058303	0.13407067	0.21710461	0.06807481	0.01059916	-0.01518273	0.29131248	0.21410360	0.28908028	0.22933224	0.08524363	0.16683712	0.11796364	0.10353846	0.06008525	0.04073156	0.00625063	0.23207454	0.26435016	0.15276652	0.05795007	-0.09650652	0.17051668	0.15899921	0.13830652	0.18697945	0.12278134	0.09891238	-0.04652031	0.11446569	-0.05588875	0.24805135	0.21916633	0.13985553	0.13104637	0.07200625	0.11307645	0.03680553	0.17698954	0.19553586	0.07053716	0.23982062	-0.06747193	0.11432022	0.14833959	0.24220597	0.20937174	0.15896310	0.04026646	-0.02897596	0.13276830	0.05603891	0.16115892	0.22976387	0.25251218	0.30485684	0.23260043	0.12848228	-0.07190255	-0.01401638	-0.01165857	0.03081002	-0.06863570	-0.02364448	-0.03662040	0.04383684	0.10027227	0.13190630	0.08111252	0.24489016	0.06625762	-0.03338736	-0.05476086	-0.01889377	0.27356567	0.52097901	0.21592913	0.24896220	0.26903002	0.29633685	0.30568632	0.01300311	0.12305542	0.09005347	0.07572586	0.07860778	0.17668132	0.26497943	0.27399056	0.08787314	0.09117116	0.37668931	0.44367796	0.35841125	0.00683658	0.03409837	0.12759372	0.07256258	0.24670693	0.10354218	0.24449217	0.40887999	0.24561066	0.35783871	0.36100726	0.29140549	0.43378518	-0.03306087	0.20114607	0.18199910	0.13350020	0.26700372	0.21373732	0.10276117	0.01359804	0.11890914	0.01798878	0.18895405	-0.05338923	-0.09153697	0.15471934	0.19489260	-0.28098470	0.07945518	0.38488375	0.45308204	0.13404441	0.32605665	0.26212315	0.40785102	0.28962026	-0.11065647	0.27544081	0.45601988	0.45826552	0.24384242	0.59660131	0.04490112	-0.01851340	0.05504143	0.02297417	0.02336061	0.58319059	0.54243734	0.33227263	0.31360548	0.33377841	0.26197937	0.33568468	0.24961075	0.29953436	0.38078622	0.27821482	0.34952276	0.35299652	0.38289087	0.45093305	0.44434463	0.43724437	0.41946755	0.35442590	0.27490713	0.49186138	0.23513059	0.45405132	0.47280405	0.32142125	0.49973402	0.55124190	0.38829740	0.32571815	0.08321381	0.20902410	0.48276173	0.19445832	0.48108940	0.60482331	0.45781894	0.99425993	0.59734178	0.39227186	0.40272334	0.20211037	0.33352814	0.33937551	0.23023553	0.23050044	0.24344785	0.11788445	0.15420902	0.37581342	0.07596956	-0.07680527	0.21234995	0.26125381	0.22661703	0.34421806	0.22871294	0.27475208	0.18746978	0.36290102	0.24312677	0.09896732	0.14196978	0.04737189	0.07019977	0.19301145	0.17025311	0.23285662	0.17903864	0.08825707	0.04378335	0.04070662	0.05052159	0.09143892	0.13565199	0.17049105	0.15329372	0.15881969	0.25155474	0.04853968	0.25295440	0.26551639	0.06571023	0.06453626	0.11741899	0.11391005	0.12518535	0.13425442	0.21435956	-0.07357917	0.18468774	0.14334519	0.09629255	0.20795447	0.07308914	0.13147965	0.09117725	0.13073594	0.10947504	0.12619376	0.18116052	0.13155733	0.06950006	0.25007347	0.17977025	0.25939034	0.13005633	0.16545752	0.17190686	0.18606387	0.14118123	0.29149224	0.20148154	0.20070941	0.06919855	-0.09817881	0.10488563	0.12929056	-0.14935836	0.12021730	-0.13337141	0.07077505	-0.06482968	0.15101531	0.11180922	0.08976495	0.07854054	0.10458530	0.01911892	0.10062418	0.00694535	0.00876184	0.16377249	0.19887912	0.19127875	-0.02601051	0.03100182	0.17041736	0.09297871	0.06763825	0.28299021	0.00063106	-0.10457840	0.07191427	0.14014017	0.05686409	0.19945890	0.01873158	0.33965031	0.19526539	0.08142243	0.19392565	-0.04233772	0.00238402	0.25029934	0.11013130	0.01070034	-0.00135652	-0.13970902	0.19693641	0.04998522	-0.08211340	-0.12426634	0.16174254	0.02015686	0.14867849	0.13248701	0.37114576	0.07772926	0.32477342	0.26795218	0.15877936	0.08693561	0.23274129	0.28304770	0.14281225	0.23668788	-0.04852357	0.05614249	-0.17255377	-0.06762458	-0.02263681	0.26477669	0.17524493	0.07645725	-0.04483750	0.09319926	0.02368821	0.20967567	0.27041780	-0.18524599	-0.03275954	-0.07102376	-0.19840881	-0.07976246	0.17570869	0.32156693	0.02220602	0.28013108	0.09219588	0.07274854	0.33800437	0.29736396	-0.01075390	-0.06318848	0.18913902	0.09840953	-0.18206968	0.05373297	-0.05885267	0.35007706	0.24074834	0.21812351	0.10733927	0.14014815	0.11119318	0.19761547	0.08314057	0.18756970	0.22414723	0.35050656	0.21889333	0.29377963	0.36851256	0.18883140	0.11550074	0.14895100	0.11628192	0.38976835	0.41470491	0.29711023	0.36542559	0.06853116	0.35346436	0.16075427	0.36134676	0.14415343	0.33975756	0.15498262	0.27300261	0.18926604	-0.03639079	0.21861514	0.13455615	0.27010990	0.12738622	0.20979294	0.13175404	-0.22650288	0.02890203	0.08262450	0.16729766	-0.05918973	0.21228447	0.25152751	0.21106524	0.16437884	0.27568912	0.10128595	0.15315853	0.30939738	-0.03960106	-0.04049452	0.23887905	-0.06190857	0.12489558	0.22362699	0.04354751	0.24706424	0.24318255	0.03619465	0.17377980	0.19697742	0.18259816	0.12907756	0.12106613	0.13633042	0.00992311	-0.14647816	-0.04552334	0.06724700	0.08359525	0.16152306	0.04555252	0.13229223	0.22229302	0.04297379	0.18781567	0.06202863	0.03440877	0.13203623	0.15305663	0.12088444	0.30599294	0.10537310	0.18840542	0.25723982	0.26342761	0.22764151	0.10520291	0.09423063	0.24760032	0.12634624	0.16641127	0.14329175	0.02252301	0.22872978	0.05848088	0.19743298	0.21093546	0.32377344	0.34650548	0.33510807	0.38988100	0.38992608	0.42021097	0.27554912
17Networks_LH_DefaultB_PFCv_4	0.28553946	0.25565658	0.15201307	0.21388607	0.35793318	0.30895577	0.29185993	0.13068891	0.26383140	0.12003730	0.09113166	-0.01927040	0.24587358	0.17307791	0.21073534	0.15851534	0.11060505	0.16336270	0.12045850	0.20053135	0.08652295	0.08798459	0.10632569	0.12626907	0.19089809	0.05374745	-0.02898377	-0.11482912	0.00401501	0.08653332	0.03079870	0.08176011	-0.00513455	-0.07460339	-0.12687871	0.01164429	-0.19894971	0.21423090	0.14650343	0.05340814	-0.00058733	0.05815862	0.07614115	0.03720357	0.15207095	0.32634990	0.10371756	0.23408898	-0.08143388	0.08770520	0.08864323	0.11196088	0.12312018	0.04089917	-0.02965313	0.01932588	0.01268988	0.08521185	0.06055017	0.14343384	0.21634135	0.22965556	0.17839321	0.12670218	0.04880485	0.03826973	0.03629095	-0.02381153	-0.01417789	-0.03536009	-0.05087409	-0.01339644	0.01623603	-0.01788253	0.01624071	0.02588022	0.03738700	-0.11281076	0.02993824	0.10128390	0.31171705	0.44169783	0.16320984	0.29330648	0.22891535	0.23111961	0.40672804	0.09718078	0.26296617	0.24345419	0.19437289	0.06952044	0.23736657	0.53567942	0.28773248	0.16525527	0.11943840	0.32403281	0.44906927	0.24879764	0.06679478	0.20097947	0.30702806	0.21476261	0.41681597	0.29408958	0.21886440	0.35359722	0.13902086	0.39373687	0.28556209	0.12291649	0.26565912	-0.18605795	0.09561236	0.07139164	-0.00331866	0.17508451	0.23931922	0.10735129	0.13637914	0.07774287	0.18443197	0.21271875	0.07663464	-0.04821107	0.14641880	0.46218521	-0.12349404	0.14186104	0.43599806	0.43601497	0.17883728	0.26073882	0.22469069	0.32335824	0.38089631	-0.04045587	0.21140893	0.48590915	0.39785585	0.30121392	0.46598678	-0.16965847	-0.04702614	0.13851009	-0.05912302	0.01566137	0.44850321	0.36259979	0.23251470	0.38954944	0.36706741	0.09457444	0.13105860	0.17490418	0.14673112	0.26916404	0.13884722	0.28459320	0.21930046	0.18262233	0.39248494	0.35519067	0.33822875	0.34637980	0.36759774	0.10798237	0.23041828	0.18110233	0.46252020	0.40986660	0.23172134	0.45434748	0.42800123	0.44013711	0.43959622	0.16812051	0.21846228	0.45075227	0.25363429	0.42092044	0.56649035	0.55284663	0.59734178	1.16589603	0.56816599	0.32553940	0.17131807	0.15610693	0.22795924	0.15294683	0.10774262	0.19328247	0.13535080	0.06554912	0.38057839	0.18902117	0.05474465	0.34277196	0.16244741	0.14650909	0.20838339	0.17945070	0.29464892	0.23007411	0.29109584	0.11690514	0.13824501	0.10770066	-0.02131884	0.03059603	0.08391952	0.03946369	0.20218079	0.09287832	0.00018539	-0.02062395	0.09952020	0.06972009	0.14115126	0.17259139	0.20199620	0.01496937	0.06519197	0.16188515	-0.05081186	0.17704968	0.06517162	-0.05456997	-0.04027878	0.10931637	0.02957813	0.03796350	-0.01078983	0.12544856	-0.08958833	0.04471606	0.06066103	0.01848888	0.09695852	0.03329257	0.03085598	0.18757429	0.19435785	0.18906893	0.11002278	0.22165746	0.04032523	0.02840875	0.21097557	0.21957792	0.14926365	0.07122116	0.11152880	0.22297756	0.04928095	0.06183477	0.18149101	0.12960520	0.18160824	0.05807669	-0.11807445	0.06331930	0.13647675	-0.13152633	0.09290989	-0.17242982	0.04518677	-0.03954377	0.00381955	0.10018796	0.15752914	0.03869181	0.04025121	-0.02076641	0.00141932	0.06211720	0.04980072	0.12032358	0.24108636	0.06762783	-0.08287545	0.02002111	0.21124035	0.06947303	0.17887315	0.35975414	0.11556460	0.21135148	0.17856015	0.27977877	0.07628360	0.24226828	0.19033677	0.33586943	0.20906475	0.05230467	0.27598265	0.05007257	-0.04163727	0.14109407	0.05525546	0.14919240	0.20282664	-0.01220698	0.28104860	0.15302110	0.07680123	0.05858401	0.14115733	0.09641556	0.00276442	0.19198229	0.26207234	0.00423999	0.17419948	0.21705120	0.04890863	-0.12403376	0.25011766	0.14406876	0.17816277	0.20964645	-0.08605238	0.01521583	-0.13153255	0.00958637	-0.15345560	0.28455874	0.26275597	0.05701287	0.01882938	0.12355138	0.02962724	0.10033180	0.26128086	-0.15000264	-0.04555630	-0.02300409	-0.17709166	-0.04725935	0.19553867	0.23031635	0.07384564	0.38501493	0.05528363	0.16887431	0.28379960	0.31914899	-0.17034777	-0.18001067	0.04242007	0.09587868	-0.17561843	-0.10278320	-0.08388367	0.08056884	0.11015593	0.15016076	0.07636624	0.04338838	0.00750825	0.03984370	-0.04741386	0.11552421	0.11246441	0.22030442	0.17855332	0.17827712	0.22447822	0.15152671	0.10062536	0.07853130	0.13774878	0.28942220	0.40493940	0.29217526	0.24361939	0.10453808	0.21591352	0.20630748	0.47091694	0.32873671	0.16920459	0.01473390	0.18896020	0.06722240	0.10629411	0.11508377	0.13070569	0.08111384	0.09173359	0.08800813	0.05508259	-0.19088884	0.07754435	0.15577702	0.10959693	-0.02362510	0.07911078	0.19426845	0.15885081	0.19396239	0.19363866	0.15087926	0.06484710	0.20681913	0.01288011	0.02541981	0.21504856	-0.05625544	0.25575581	0.22166346	-0.00893863	0.13934969	0.16096078	-0.00927753	0.17641406	0.09679099	0.11389556	0.05927006	0.09120962	0.10191536	-0.03273531	-0.03037395	-0.10117873	-0.05931820	0.19953885	0.15992517	0.03736449	0.11727000	0.14862231	0.02799415	0.17335578	0.10684536	0.08838991	0.07185329	0.19263221	0.14357473	0.21574103	0.02038202	0.18173940	0.15343558	0.20771069	0.18442511	0.19957287	0.09524054	0.22301744	0.09647597	0.05756338	0.14833807	0.13671994	0.09039749	0.07798956	0.25071049	0.25139947	0.22908544	0.23786184	0.22481553	0.23008202	0.33573617	0.30474524	0.17194882
17Networks_LH_DefaultB_PFCv_5	0.22517497	0.14846614	0.01831882	-0.00846326	0.17902935	0.21630572	0.15220256	0.14725650	0.18944237	0.00467918	-0.01294568	-0.07297958	0.09517029	0.19062636	0.15171391	0.16117921	-0.04243583	0.11185106	0.09938249	0.23094776	0.06767649	0.10488460	0.12610470	0.15283644	0.17538313	0.04770632	-0.00216519	-0.13124366	0.04959734	0.10681301	0.00883382	0.12656485	-0.04263531	-0.03124998	-0.10913850	0.06808889	-0.06837149	0.09493788	0.18934721	0.06384090	0.10212442	0.02052743	0.04642133	0.00316364	0.13199346	0.20451112	0.23861798	0.20791922	-0.10455576	0.15136814	0.16083174	0.13481125	0.16285452	0.09042031	0.07143281	0.00788309	0.14239058	0.07255082	0.19607615	0.11858234	0.14575237	0.13562928	0.03523401	0.12402839	0.02175268	0.03808424	0.14551301	-0.04640039	0.23819747	0.21300099	-0.01208992	0.07911444	0.02881111	0.01415236	0.00979413	0.00795045	0.04030934	-0.05800435	0.00538216	0.03354577	0.13181506	0.53329644	0.29365874	0.28824956	0.37872437	0.19430820	0.36030264	0.06913895	0.24800998	0.12366430	0.26679947	0.06918692	0.14682227	0.58169657	0.18834968	0.06274800	0.04325821	0.28593709	0.46687279	0.14987330	0.11060159	0.14277135	0.34894295	0.26193559	0.54837296	0.45333605	0.15920387	0.56085950	0.10906451	0.20066931	0.15465075	0.05182302	0.24492137	-0.09809602	0.10467795	0.11493070	0.02838525	0.09594598	0.08446335	0.03887765	0.15770531	0.23629181	0.33188686	0.42563015	0.25751759	0.13269608	0.26449764	0.60528645	-0.00194098	0.24810088	0.60998143	0.57171382	0.23122923	0.21662787	0.22440410	0.41264411	0.53598326	0.28760882	0.28688906	0.65569112	0.40267657	0.36158360	0.44093363	-0.08522329	0.07495290	0.01703427	-0.02583522	0.03800986	0.36523216	0.27406987	0.10234792	0.42163533	0.32178837	-0.18988525	-0.07447906	0.10863638	0.24260511	0.19500711	0.13921251	0.08147873	0.06483753	0.00409622	0.24190798	0.22182926	0.26941666	0.29456843	0.12318811	0.12886604	0.19395699	0.06265331	0.55043724	0.36262952	0.18132460	0.32206050	0.28300244	0.26318379	0.36787764	0.08949871	0.26434199	0.37914086	0.21716035	0.53489701	0.29144342	0.34031419	0.39227186	0.56816599	1.00444817	0.20795156	0.03849352	-0.11566691	0.01195915	0.04540409	0.01466783	0.23192743	0.13207953	-0.01324452	0.31347949	0.32441693	0.32695926	0.25041543	0.13258775	0.19492170	0.17250024	0.12884828	0.22963840	0.16186983	0.22713729	0.09224996	0.18625680	0.05840895	-0.08652642	0.03188417	0.03770898	0.03101185	0.19803827	0.02127664	-0.03025757	-0.13560619	0.04231432	0.12616376	0.04404351	0.13763585	0.11697847	0.08303629	0.06068084	0.16946886	-0.05657701	0.18564906	0.08151021	-0.08612310	0.01905247	0.24558364	0.01249867	0.08196353	0.10839752	0.08895719	-0.04731591	0.06601738	0.03528466	-0.06001069	0.10558541	-0.06456871	0.04832246	0.05612767	0.21464260	0.24915934	0.15880473	0.25609054	0.01358976	0.00534214	0.26207205	0.26050034	0.14128726	0.14273995	0.10712769	0.17722998	0.14912391	0.13416854	0.09965699	0.07368612	0.00559241	0.15521694	0.03437240	0.12548670	0.11478564	0.00813015	0.10467949	-0.11540810	0.06082384	0.15957332	0.05796224	0.10197102	0.35882331	0.11908698	0.03449632	0.06281091	0.00566951	0.11298400	-0.01889400	0.04931619	0.15341464	0.20535994	0.16332225	0.14034711	0.15085546	0.07476985	0.16173070	0.40376176	-0.05471748	0.18441528	0.19092645	0.27359189	-0.01781988	0.29665168	0.31376071	0.27399513	0.15572274	0.02620460	0.06223300	-0.00715677	-0.06975484	0.01097096	0.01177735	0.11472736	0.29317114	0.22166552	0.26536806	0.00611673	0.23475226	0.21691175	0.20969362	0.34612566	-0.11782284	-0.09037508	0.05303867	-0.10138035	0.06017544	0.14279250	-0.01373269	0.01486109	0.01706376	0.08519939	0.05654139	0.10295097	0.01110345	0.09215971	0.14828206	0.22636031	-0.16620673	0.40350210	0.27974659	0.23234247	0.22509554	0.31341343	0.08400487	0.15553300	0.30491830	0.03091861	0.20414919	0.10165374	0.14651066	0.08845828	0.12719391	0.26849407	0.13406712	0.21511765	-0.00010460	0.25554038	0.26270195	0.13104225	-0.06252902	-0.03742497	-0.17337040	-0.01036132	-0.02872046	-0.19808856	-0.02648952	0.00129875	0.03943372	0.20821756	-0.02406690	-0.11420736	-0.32054636	-0.16409390	-0.09267841	0.09906381	-0.06566054	0.00810160	0.14806901	0.04516800	0.02673336	0.13772682	0.04101447	0.07386474	0.22927566	0.08159121	0.16113395	0.24552807	0.16366829	0.04061474	0.08302691	-0.00959887	0.25500791	0.34134808	-0.08479256	-0.08032649	0.03673720	-0.16948070	0.09590976	0.07672699	-0.00172395	-0.13712642	-0.10953377	0.02522801	0.02442043	-0.03434989	-0.01746055	0.06635702	0.04583793	0.02102798	0.04285525	0.14870235	0.13936957	0.18196730	0.18499218	0.19568059	0.23259169	0.24724688	0.05423776	0.06976540	0.26362615	-0.01249259	0.27582153	0.34678203	0.03493017	0.28458428	0.06421253	-0.06301114	0.16566108	0.12121470	0.08930832	0.19321433	0.23529326	0.13973008	-0.00813565	-0.01828382	-0.00142273	0.12818849	0.31169177	0.37179650	0.20342143	0.31305060	0.04548900	0.03923978	0.14020729	0.02969199	0.05200348	-0.00476439	0.09830265	0.02283399	0.11178422	-0.07930658	0.06099774	0.06107860	-0.08165115	-0.04803443	0.03807889	0.01105373	0.14864636	-0.02426695	-0.04624762	0.07800570	0.10038939	-0.03994014	-0.05187630	0.16091391	0.28710441	0.05553811	0.19550380	0.15133152	0.11149503	0.15524189	0.19801092	0.03278221
17Networks_LH_DefaultC_IPL_1	0.23338527	0.28590766	0.30214009	0.28179898	0.24230556	0.02516853	0.30211469	-0.13169079	0.06551127	0.02836386	0.02415779	0.01649610	0.03229794	-0.00932859	0.27174765	0.13156885	0.06072120	0.11093465	0.10377601	-0.09477394	0.19740447	-0.05117279	0.06352927	0.23634052	-0.06673475	0.01692220	-0.17153456	-0.25129478	-0.05487101	-0.12351621	-0.09486379	-0.05921860	-0.07839533	-0.04587770	-0.07849635	-0.08522453	-0.12529785	0.28859953	0.24163737	-0.13715861	0.00357869	0.07896569	0.03576873	-0.05523896	-0.04485080	0.16450663	-0.24150823	-0.11611582	-0.06661953	0.00630673	-0.13544957	-0.12942489	-0.08129911	-0.09383631	-0.10388155	-0.08360092	-0.00103115	-0.04253387	0.01960470	0.27213453	0.06099223	0.41243898	0.13617113	0.15996439	0.17881567	-0.00956439	0.21137070	0.07043502	-0.11030120	0.00460590	-0.02784799	0.05004714	-0.03894056	-0.03198635	0.08785573	0.03398067	-0.08756533	-0.12213544	-0.00587458	-0.01540068	0.10028171	0.33286172	0.31611563	0.20774772	0.11246448	0.01400509	0.04560541	-0.11245638	-0.27076643	-0.14067928	-0.34846650	-0.32474555	-0.20022627	-0.07893201	0.05567958	-0.16576342	0.10126072	0.07317551	0.10150579	0.19105131	-0.13151554	-0.00975053	0.24940709	-0.15582167	-0.18724117	-0.08544467	0.25403653	0.34753841	0.00690299	0.16359941	0.21211150	0.16215839	0.44146230	-0.05566869	0.09643499	-0.03015367	0.07240964	0.07092403	0.03271905	-0.13291869	0.04949518	0.42701455	-0.05738458	0.29328448	0.01186155	-0.01390772	0.12744028	0.18926106	-0.09577074	0.03912500	0.49409535	0.50367241	-0.05081947	0.29674357	0.32865026	0.44182877	0.19421165	0.06942958	0.56918100	0.42752032	0.45894776	0.23312233	0.27565430	0.16299760	0.02649722	0.39092642	0.01378136	-0.06749822	0.56902362	0.69295455	0.64472632	0.45959691	0.59006705	0.50050890	0.60087120	0.56149529	0.22490520	0.37272857	0.60158680	0.56839016	0.48332753	0.32667527	0.23557282	0.23450155	0.57137247	0.14981011	0.13573673	0.19675743	0.34577719	0.32065999	0.49366570	0.18784902	0.42090068	0.40549037	0.46508819	0.54034960	0.28393500	0.10422477	0.32440633	0.20333427	0.28007494	0.51053824	0.17580915	0.22274562	0.40272334	0.32553940	0.20795156	1.05989953	0.21244151	0.50401381	0.51072190	0.15198094	0.20689570	0.00001405	-0.20591308	-0.10170631	0.16151394	-0.06120959	-0.03798489	-0.01467360	0.25128091	0.29914892	0.33280128	0.15308405	0.23356901	0.47531418	0.31684263	0.05399276	0.12111015	-0.03867601	0.10577764	0.05912806	0.00173950	0.02778288	0.07521942	0.11845435	-0.03467623	0.17479098	-0.10584970	0.00400888	0.20659174	0.15998926	0.16565955	0.05135582	0.03267013	-0.12039199	0.04170095	-0.06691316	0.18407020	-0.05974254	-0.05128197	0.03290828	0.11940237	-0.01418505	-0.07369060	0.11488126	-0.14353838	0.05104284	0.03930912	-0.00262409	0.09643366	-0.15811102	0.07666838	-0.01390785	-0.10338538	-0.18060767	-0.10407058	-0.11091906	-0.05315286	-0.13304756	0.00610977	-0.15552312	-0.10987557	-0.09426914	-0.08836228	-0.02236849	0.02256306	-0.08655694	0.12864097	0.35903574	0.30836511	-0.03287282	0.02905339	0.33873270	0.06918542	-0.06182354	0.02825578	-0.13910536	-0.02812131	-0.25072235	-0.00630737	0.05697867	0.12488177	-0.09074766	0.02277554	-0.01699946	0.01208183	-0.14478562	0.01424739	-0.02285025	0.09337975	0.10077269	-0.09580927	-0.23877888	-0.20952232	-0.14499834	-0.17968737	-0.08576170	-0.19859817	-0.27316492	-0.16880957	-0.26794760	-0.34618855	-0.19407919	-0.33445848	-0.05990314	-0.05271115	-0.00541636	-0.03502974	-0.14144926	-0.15942451	-0.07215367	-0.10859118	-0.20259563	-0.14014969	-0.09774761	0.05076021	0.10503995	-0.18829965	-0.52047706	-0.10843045	-0.24133795	-0.05990029	-0.10036231	0.18384374	-0.04514749	0.07061329	0.44217566	0.06906296	-0.04191047	-0.01289675	0.06617636	-0.03961987	0.15105091	0.11129417	0.04924805	-0.14554294	-0.05261988	0.20722400	0.18638513	-0.08466375	0.10049335	-0.23967722	0.06190377	0.10239594	0.11329966	0.29699316	-0.29373451	-0.06521513	-0.20479176	-0.17124608	-0.06872780	0.06041709	0.36136345	0.17645922	0.27921865	-0.00996029	-0.13729138	0.20405059	-0.03324568	0.12730131	-0.08483464	0.62160394	0.24858242	-0.07890170	0.14141434	-0.07512189	0.25818339	0.23216177	0.36950674	0.29545521	0.37468071	0.43521162	0.56153561	0.21124693	0.09493473	0.45838732	0.47486742	0.15884988	0.16622371	0.27516772	0.05549101	-0.22960185	0.10336515	0.04052993	0.09926285	0.18014723	0.37022403	0.21514195	0.13755496	0.17753474	-0.08139419	-0.00820202	-0.17942149	0.62518215	0.59698413	0.36762301	0.51356545	0.02078550	0.23529917	-0.08394227	0.26983376	0.10382687	-0.00759565	-0.13792815	-0.33772711	-0.33272081	-0.26515372	0.06310560	-0.36450596	0.03741004	0.17953047	0.01075272	-0.06549347	0.19433436	0.02217859	0.01881982	0.04585751	-0.15605898	-0.09739379	0.13904864	-0.18563381	-0.09489106	-0.06383423	-0.11631845	0.03498775	0.09128350	0.08537375	-0.02621196	-0.06697276	0.09737815	-0.02083673	-0.06024682	-0.03602907	-0.13633117	-0.06780888	-0.14433830	-0.02906666	-0.16676897	-0.08621844	-0.22968093	-0.03514336	0.18922427	0.12018683	0.13776505	0.11089725	0.01967353	0.10768341	0.08249989	0.08628849	0.25517992	0.29018457	0.12903296	0.22268486	0.29706684	0.20420928	0.22053634	0.01643210	0.41100738	0.16224089	0.03466626	0.09741176	0.16621049	0.17000445	-0.02061039	0.27934299	0.34908637	0.42630571	0.39948585	0.50795338	0.48810506	0.40855678	0.40276033	0.33817228
17Networks_LH_DefaultC_Rsp_1	0.28454738	0.38421260	0.14605594	0.26066425	0.21014174	0.33890959	0.24684201	0.10483168	0.14177781	0.05068801	0.03576105	0.00454044	0.50805989	0.38206124	0.28986419	0.49031521	0.35787572	0.16955251	0.22363126	0.33662003	0.13403484	0.25313062	-0.03653575	0.23491612	0.13473279	0.06441444	0.08653375	0.05382116	0.16506175	0.02676129	0.15780316	0.12437261	0.20914268	0.15241763	0.10451714	0.22449519	0.09671890	0.07412455	0.13680824	0.20267318	0.12521173	0.08060806	0.09680364	-0.01359100	0.28882910	0.16377976	0.23830744	0.06664404	0.01620310	0.26140537	0.17458449	0.12152510	0.27652950	0.21186093	-0.17094108	-0.19351044	-0.18874994	0.03196429	-0.05423401	0.18246739	0.37887846	0.23163332	0.40842096	-0.04234904	-0.07131984	-0.06123820	0.04881162	0.04056504	-0.24210836	-0.13082618	-0.04837898	-0.09164338	0.12647727	0.12872445	0.05469814	0.14102836	0.02825655	-0.07839475	-0.05320730	-0.05363445	0.07873186	0.19687987	0.04785367	0.10916512	0.20981537	0.29258633	0.13233538	0.08393885	0.32266543	0.29427718	0.04973988	-0.02603262	0.09276507	0.01044453	0.09057803	-0.03805450	0.03568703	0.23639528	0.21074214	0.15352936	-0.05961858	0.01910600	-0.16740417	0.02651555	0.17317023	-0.11346877	-0.00578508	0.27330008	0.15681398	0.12553403	0.10674262	0.27684694	0.10976036	-0.03427302	0.08333152	0.03120123	0.07326403	0.05045962	0.13364708	0.18031726	0.04231723	0.00700404	-0.21395583	-0.03273208	-0.15447346	-0.12052236	0.11257469	0.00632483	0.00404130	0.12639323	0.13653080	0.23242462	0.14903467	-0.01928725	0.16558708	-0.01060347	-0.20860229	-0.24758381	0.12899248	-0.03461262	0.02733706	-0.12155002	0.09591517	0.14191571	0.07094628	0.02871986	0.02888839	-0.05755962	0.08534433	0.20730170	0.22161120	0.13330387	0.12946954	0.25091101	0.26344438	0.09911798	-0.08776326	0.25500478	0.19428457	0.23825957	0.44982209	0.33950621	0.23108170	0.33465966	0.12478342	0.22268369	0.23708294	0.06778963	0.25324913	0.34562996	0.05847156	0.07635794	0.08571258	0.05697277	0.26689266	0.14265275	0.08469748	0.09161767	0.01407012	0.13918497	0.00743800	-0.01145117	0.28081583	0.08456068	0.20211037	0.17131807	0.03849352	0.21244151	1.08958690	0.55731838	0.66479511	0.28201034	0.46298769	0.48658837	0.26650859	0.26962519	0.18286685	0.08743026	-0.16130961	0.16797151	0.24955833	0.00115369	0.21090805	0.22602628	0.22236331	-0.11904026	0.39144533	0.17409816	0.06084448	0.10375530	0.08612631	-0.02409104	0.38670213	0.41664958	0.37887957	0.27084916	0.30299026	0.04145184	0.28638368	0.22638820	0.17787773	0.08194014	0.10970913	0.11102677	0.04838226	0.13854647	-0.02741912	0.13699968	0.14885244	0.21155301	0.06742733	-0.03959529	0.09472353	0.08165755	0.15906965	0.14375515	-0.01439769	0.10180914	0.02972297	0.11650149	0.22858364	-0.00869946	0.00466401	0.34380146	0.26485624	0.23713891	-0.11178255	0.14739435	0.42358291	-0.07822163	0.16753471	0.06308358	0.02959712	0.18035394	0.31327213	-0.01197277	-0.15158663	-0.00339478	0.23357205	0.10732718	0.07126227	0.01261169	-0.17017456	-0.08019285	-0.03524099	-0.13330996	0.06595910	-0.11807920	-0.06225056	-0.15016916	0.19249294	0.10942018	-0.06721861	0.06160423	0.13260535	0.04507316	0.12179387	0.05602925	0.05176459	0.15834166	0.11809801	0.09722585	-0.02240251	0.04701052	0.09033316	0.09115596	-0.00824993	-0.01673679	0.09161011	0.14698732	0.32601401	0.12538940	0.00260956	0.11416579	0.13921351	0.19597678	0.07505165	0.07669835	0.15100946	0.03563444	-0.01897968	0.26246021	0.10077182	-0.04329281	-0.07708579	-0.20330899	0.03966203	0.01438749	-0.04298026	-0.10513219	0.14179757	0.00452201	0.09835231	0.33155379	0.14241321	-0.00607668	0.33890955	0.16608137	0.11557460	0.03161203	0.16532693	0.14554240	0.07965133	0.17471148	-0.02763573	0.11966519	-0.14231456	-0.14159939	0.12638159	0.09256440	-0.00001719	0.07105836	-0.03002908	-0.07525071	0.09350822	0.02968337	0.17353076	-0.20073351	-0.14587919	0.00221421	-0.21590031	-0.05579422	0.02905567	0.06369385	-0.00754600	0.17002571	0.00661495	-0.08317397	0.06410106	-0.00416862	0.17257580	0.06679962	0.30970051	0.24545000	-0.10446240	0.07810305	-0.08404979	0.15022164	0.07231574	0.00840075	0.04801324	0.22641590	0.23414765	0.30309335	0.10049353	0.11172160	0.20375985	0.30371423	0.13314289	0.37420887	0.28766137	0.07506351	0.06293101	0.12405740	-0.06287731	0.18034798	0.11847439	0.07286568	0.19112375	0.11297900	0.06533263	0.41138435	0.14122405	0.01407119	0.32258551	0.22392109	0.67876706	0.57839183	0.19276725	0.35785001	0.10321584	0.39538111	0.21561692	0.31728761	-0.01096511	-0.19412941	0.03235137	0.15271438	-0.02826559	-0.14855690	0.32050347	0.36048825	0.03077477	0.19237424	0.30541086	0.03074742	0.00094240	0.08538061	0.14672356	-0.13314875	0.11403026	0.03540542	0.15060684	0.08184657	-0.08427246	0.08604103	0.25612924	0.29802927	0.13606706	0.36606280	0.20445984	-0.03641376	-0.14559452	0.01021419	0.06959251	0.03605237	-0.00935071	0.13340270	0.10134372	-0.11664202	-0.10402480	-0.06486158	0.26198370	0.18542761	0.13479315	0.15764653	0.04981454	0.12468781	0.13843885	0.05476762	0.18996132	0.07284819	0.22185349	0.14031327	0.14915558	0.24538146	0.11183487	0.29290284	0.21344871	0.18700500	0.24120120	0.22911387	0.02302554	0.21302361	0.02412137	-0.01005353	0.22283359	0.10709921	0.18946023	0.18397411	0.30694589	0.22413942	0.12726838	0.12149094
17Networks_LH_DefaultC_Rsp_2	0.11982810	0.37399147	0.24301095	0.30764850	0.10155119	0.07834177	0.14847181	-0.18284292	-0.03943425	-0.09350676	-0.03994345	-0.03176210	0.35571085	0.10337996	0.24173465	0.34739150	0.25983857	0.04100972	0.15737419	0.02332579	0.10131132	-0.03523973	-0.16216271	0.09918592	0.02447499	0.16508219	0.02813533	-0.03288574	0.07133128	-0.01752298	-0.02710897	0.11505731	0.09586932	0.07565394	0.08580049	0.01707082	-0.00158229	0.21529415	0.06972246	0.02313894	0.03358824	0.04045219	0.00913140	0.03595501	0.07808838	0.09926255	0.01074244	-0.06624135	0.14000676	0.12900552	-0.06590938	-0.00707310	0.04574681	-0.06284769	-0.08740173	-0.05699397	-0.08621999	0.12295890	-0.07876850	0.22863974	0.16327627	0.30149320	0.26428130	-0.03006894	-0.14335357	-0.06220934	0.08135027	0.04442903	-0.43281777	-0.27025401	-0.17906946	-0.10679982	0.06299227	0.13268038	0.08997484	0.15318376	-0.07013491	-0.06824539	-0.14524945	-0.07512641	0.07489626	0.17735573	0.14827378	0.16727400	0.04502056	0.09341758	-0.06416541	-0.14644059	-0.08792197	-0.01730566	-0.20300427	-0.09965781	-0.00985562	-0.21612208	0.01724115	-0.16809661	-0.10465074	0.13402967	0.08795609	0.23416679	-0.25213610	-0.14377093	-0.16367814	-0.08435596	-0.14501039	-0.37810043	0.04091150	0.23643660	0.10196807	0.17235417	0.16967629	0.25310870	0.28665879	-0.01794494	0.10539221	-0.02411811	0.07441999	0.16074755	0.05779017	-0.04592019	-0.09311904	0.16409335	-0.42343282	-0.02332714	-0.31542600	-0.28161123	-0.02897328	-0.18588175	-0.16937740	-0.10502128	0.24172480	0.24007444	-0.03342077	0.07218383	0.16352583	0.14248138	-0.26633040	-0.34381563	0.30597072	-0.03209356	0.15086733	-0.16852772	0.17680985	0.32172644	-0.03146107	0.19253812	0.03702000	-0.01113780	0.33840806	0.57078617	0.44066181	0.10742778	0.30515935	0.77246823	0.83478263	0.40875592	0.05884396	0.36509920	0.44092614	0.49215424	0.66221444	0.62308249	0.30447252	0.41181454	0.29482492	0.24848965	0.24313245	0.17386384	0.44912000	0.50762179	0.13512583	0.11927409	0.23872004	0.22738018	0.44035835	0.30785420	-0.01035550	0.05017583	0.01367787	0.13491139	0.14865263	0.07729892	0.24988475	0.11667468	0.33352814	0.15610693	-0.11566691	0.50401381	0.55731838	1.30043794	0.82897685	0.27706909	0.37482319	0.25732794	-0.03638758	0.10863761	0.18060269	-0.19935358	-0.34113193	-0.03654755	0.18913655	0.09988661	0.27329879	0.15555180	0.12841517	0.16387361	0.31306901	0.12872892	-0.09131109	-0.01600873	0.07875760	0.03154843	0.26453341	0.31269567	0.14365030	0.15041329	0.20305402	0.25015304	0.05980520	0.04986664	0.15756684	0.10666148	0.11245999	0.07381227	0.03785055	0.03602088	-0.00170921	0.01460075	0.07039328	0.15973836	-0.06946194	-0.16977204	0.08954292	-0.02230655	-0.01675556	0.07786025	-0.04845276	0.08477315	-0.10426656	0.12746099	0.09574622	-0.04209832	-0.00892874	0.09329871	0.01294657	-0.09392597	-0.11615993	-0.04519894	0.16548701	-0.05992084	-0.00051842	-0.09640258	-0.00709907	-0.01581321	0.03670987	0.09554656	-0.06520770	0.08143649	0.12750940	0.17886441	0.20265924	-0.19164419	-0.18851479	-0.01564047	-0.15283026	-0.24162918	-0.01020520	-0.18181770	-0.10007788	-0.39087205	0.04672253	0.00298841	-0.27516293	0.04884535	0.04846513	-0.08176466	0.04024777	-0.06931195	-0.07594532	0.07359620	0.05038651	-0.02660802	-0.22549427	-0.15951095	-0.06502477	-0.00384861	-0.15628571	-0.21609007	-0.12108219	-0.14654759	-0.05832881	-0.18475357	-0.04946249	-0.06397133	-0.25234361	0.08543166	-0.04494352	0.05815299	0.09347972	-0.19233168	-0.08149188	0.14013147	0.00218814	-0.28631223	-0.28710888	-0.31691121	-0.04576809	0.07222335	-0.19508922	-0.42905297	0.04817474	-0.26261543	0.07671772	0.18306492	0.26722112	-0.00067878	0.29714973	0.35597723	0.14394585	-0.03752952	0.21421801	0.19743695	0.04761415	0.20676939	-0.02304920	-0.00120743	-0.36026533	-0.31402958	0.30730149	0.07639014	-0.15657243	0.04164789	-0.25866322	-0.15942674	0.08463901	0.00388223	0.08173842	-0.43742623	-0.27285167	-0.24563837	-0.39987509	-0.10883730	0.04592027	0.17571627	0.00706367	0.20814319	0.03774834	-0.25395686	0.05054653	-0.01679153	0.31132975	-0.01252437	0.68048352	0.33150401	-0.16844797	0.38894041	0.12662190	0.34277022	0.18812427	0.19701710	0.25280003	0.51190463	0.69961726	0.78799316	0.32589660	0.07591892	0.58666790	0.63247306	0.21599173	0.46148468	0.45542904	0.02702458	-0.05489632	0.03639893	-0.14838261	0.32153892	0.14324649	0.22445683	0.25189219	0.09613414	0.06635777	0.27417414	-0.02881105	-0.19342597	0.68619732	0.52187449	0.71372065	0.92681189	0.10080229	0.33755747	0.01305766	0.56842143	0.29778760	0.12039247	0.00633451	-0.39842024	-0.21855233	-0.12356580	-0.07213046	-0.36577240	0.31401685	0.36261698	0.01668839	0.01517695	0.23681915	0.04958622	0.12454914	0.23817421	0.06432974	-0.01667405	0.15722139	-0.03442697	0.00001035	0.02399838	-0.03338659	0.02264322	0.31320371	0.28411862	0.08959994	0.09403642	0.20628243	0.02727079	0.12009041	0.06003676	0.05163125	0.00697388	-0.04483528	0.06222375	-0.04774878	-0.09305352	-0.19912644	-0.03971109	0.26200615	0.11089977	0.20238047	0.16215561	-0.04738167	0.11274431	0.13123545	0.09204070	0.19083262	0.23277791	0.19216368	0.22166140	0.23862223	0.26062021	0.10410224	0.18012245	0.26069730	0.24688378	0.25862065	0.11801077	0.05737554	0.30755393	0.09052675	0.08469542	0.11458768	0.27431537	0.27499992	0.32079986	0.39429668	0.31981091	0.23725004	0.29510092
17Networks_LH_DefaultC_Rsp_3	0.12136500	0.37896254	0.15864077	0.24646915	0.11389143	0.07240485	0.15220450	-0.06291815	-0.01617422	-0.02732301	0.05663397	0.03841604	0.37959600	0.29717649	0.27475047	0.46049022	0.31314084	0.16729526	0.26326346	0.18950098	0.24273678	0.14656754	-0.07402822	0.27698675	0.01978673	0.13685243	0.06280163	-0.03680057	0.07853837	-0.02479771	0.03792826	0.07629803	0.06550433	0.04187151	0.08874385	0.04297346	0.00959416	0.11497346	0.04253127	-0.00642325	0.10376689	0.08988878	-0.01530516	0.01684054	0.06805965	0.11186245	0.03542154	0.00585710	0.01263908	0.33011311	0.12308621	0.06254436	0.15512254	0.02327044	-0.05934000	-0.05218593	-0.04821718	0.12836200	0.03408494	0.11497220	0.24779891	0.12498814	0.22161360	-0.03842659	0.03607481	-0.04173752	0.08411718	0.05061407	-0.38020543	-0.28099429	-0.11688491	-0.07445817	0.02056880	0.10732923	-0.01498507	0.09953669	-0.08972448	-0.05413844	-0.02314251	-0.02058994	0.02505731	0.29298244	0.14053721	0.16513455	0.06210000	0.10644296	0.09597128	-0.15366827	0.04278533	0.03709455	-0.21332086	-0.19436502	-0.00947101	-0.15155335	-0.00578059	-0.12521495	0.00948674	0.05823530	0.18493769	0.27015075	-0.20133847	-0.13669373	-0.15186987	-0.04857806	-0.04230832	-0.25883170	-0.01235103	0.29124553	0.05846447	0.18062605	0.11628155	0.22146842	0.23153110	-0.02677158	0.10494639	-0.01602768	0.07960525	0.10331522	0.10677657	0.00702371	-0.04810475	0.19271082	-0.38114435	0.06244318	-0.39086825	-0.20280028	-0.04706948	-0.14433706	-0.19272401	-0.08616503	0.31139178	0.28757023	-0.03591599	-0.04304366	0.08044600	0.25263795	-0.23865846	-0.33584624	0.33021899	0.01083864	0.20697153	-0.06333657	0.24251184	0.46040943	0.18391308	0.38894127	0.08500200	0.01876598	0.34618030	0.52530089	0.44407786	0.12345046	0.30273570	0.57963893	0.77227112	0.30236557	-0.01084901	0.27503854	0.60689201	0.56623851	0.53966267	0.46072793	0.32853143	0.39395589	0.28082433	0.31232600	0.26631890	0.17925285	0.31541315	0.39615438	0.12994454	0.20137704	0.22981676	0.34735749	0.36093537	0.23303748	0.05028400	0.13667345	0.09785635	0.17805041	0.19283701	0.17519343	0.26389422	0.08237957	0.33937551	0.22795924	0.01195915	0.51072190	0.66479511	0.82897685	1.30898209	0.36001037	0.49669272	0.37821431	0.07564172	0.11267782	0.20391595	-0.19640146	-0.28058590	-0.02515697	0.15730158	0.04697963	0.26711530	0.08775533	0.10663652	0.08383290	0.30627960	0.13867963	0.01858820	0.01675583	0.14107214	0.06619396	0.27689362	0.41128076	0.18608984	0.21272635	0.18878743	0.14627756	0.13718160	0.17615122	0.23131080	0.12200536	0.15069786	0.09925823	0.06905704	-0.03405234	0.03648853	0.09658777	0.21319048	0.14589775	-0.02279478	-0.10695807	0.17162789	0.04359585	0.04077262	0.09994910	-0.03837645	0.07425183	-0.04621754	0.19396413	0.05603156	-0.07984671	-0.03279437	0.18151167	0.14252850	0.06612113	0.04163771	0.15765838	0.16501231	-0.02143488	0.13745618	0.09004834	-0.00323107	0.14486457	0.18945314	0.07077702	-0.01746469	0.04324603	0.22786749	0.06406100	0.18504152	-0.10912544	-0.14446496	0.11660705	-0.13011856	-0.23119125	0.11186913	-0.22677415	0.03914743	-0.37205471	0.08479572	0.09602580	-0.26476617	0.05293856	0.05972560	-0.08504074	0.07620353	-0.03776174	0.01448971	0.06160251	0.06004459	-0.04334990	-0.17086296	-0.17252534	-0.04147325	-0.04900502	-0.14233332	-0.21613853	-0.06706448	-0.05738549	0.10102998	-0.02257515	-0.09221974	-0.07238526	-0.22224895	0.03974558	-0.00240207	0.08951826	0.14657894	-0.05578627	-0.02335388	0.04827147	0.00842897	-0.23990646	-0.28605786	-0.31085765	-0.05764824	0.06916012	-0.10895330	-0.36561948	0.09573329	-0.19118757	0.04833997	0.23032258	0.21752805	0.00621225	0.28199419	0.28412667	0.14439832	0.02374468	0.26026380	0.19213809	0.07491517	0.17587938	-0.01666008	0.02745316	-0.29034371	-0.27042746	0.41248707	0.16588484	-0.15621623	0.16057504	-0.23643014	-0.06857386	0.01299053	-0.06304662	0.08571786	-0.39368483	-0.19295445	-0.24646010	-0.30587006	-0.06124658	0.12748284	0.18026159	-0.00339128	0.13952043	0.00181453	-0.26244000	0.11534033	0.00801158	0.51507200	0.14287642	0.77266404	0.34484499	0.04728354	0.35937631	0.04452708	0.33107069	0.27688832	0.13144489	0.21632347	0.53933480	0.52856559	0.81633992	0.19461321	-0.03510965	0.54783079	0.50951543	0.14207699	0.42093957	0.44991033	0.03835652	-0.09647585	0.10367110	-0.18362678	0.36792531	0.19308253	0.12327532	0.25456622	0.08772372	0.02239950	0.25034327	0.00412848	-0.19195301	0.66237586	0.56178128	0.73893725	0.98286893	0.10912147	0.45333472	0.06655248	0.51749919	0.37385569	0.20805688	-0.01498596	-0.37261315	-0.16610431	-0.04619067	0.05656204	-0.33810559	0.30769398	0.36226492	-0.02471418	0.01717257	0.23495360	0.03563265	0.00302721	0.15675852	-0.01179360	-0.00819388	0.17265072	-0.00568555	-0.01586221	-0.02704382	-0.07041510	-0.00663777	0.30143210	0.27700752	0.07100317	0.14235972	0.16650394	0.02455550	-0.04182010	-0.02724528	0.05611391	0.11699898	-0.06730630	0.07602166	-0.06079430	-0.14072968	-0.16214214	-0.03491152	0.29541054	0.18791324	0.23483835	0.22356029	0.03382509	0.18442279	0.17168188	0.12366301	0.25512718	0.23843906	0.20468937	0.22878307	0.25185737	0.31955110	0.09707353	0.19538101	0.31895240	0.28960612	0.26905216	0.17290385	0.04161221	0.33223343	0.05818565	0.09660342	0.28329895	0.28681634	0.29338015	0.29028205	0.46288242	0.30270636	0.19135240	0.26872125
17Networks_LH_DefaultC_PHC_1	0.18308210	0.24869469	0.10008610	0.20640284	0.25745584	0.22014563	0.14413289	-0.02111771	0.07837234	-0.14691959	-0.03683720	0.07284424	0.24913434	0.19319083	0.19368458	0.18665331	0.10569119	0.01684918	-0.05013675	0.03439415	-0.01010626	0.01602122	-0.04439850	0.10759945	0.08798420	0.11360174	0.08823667	-0.06038170	0.11946773	0.08081761	0.09644787	0.08598273	0.14697548	0.09500368	0.14747890	0.04512007	-0.04138578	0.08966680	0.12315184	0.18676297	0.12280326	0.12114033	0.10164592	-0.02741486	0.09179773	0.07956337	0.05413443	0.16084403	0.01112000	0.28781421	0.10378355	0.19675953	0.15451726	0.08721350	-0.03462509	-0.12710468	-0.04351331	-0.01636424	0.05743784	0.12612186	0.43008644	0.09233597	0.23278907	-0.04808954	0.00231083	0.05334506	-0.00991665	0.09810885	-0.19119594	-0.09705144	0.06769752	-0.02114400	0.08401074	0.14247295	0.05987649	0.13165096	0.01724878	0.08501462	0.14367313	0.03274889	0.07511126	0.13629844	0.03702508	0.09050907	0.09415594	0.23494879	0.19653413	0.03644403	0.25885262	0.11894359	-0.06485731	0.03778870	0.10977152	-0.03575351	0.13109215	0.04628448	0.07138806	0.12615395	0.16704917	0.14225399	0.07519222	0.04122926	-0.09402622	-0.02439044	0.13265346	-0.09411451	0.14057526	0.17483694	0.09385484	0.21081099	0.18845791	0.14652006	0.05117317	-0.10446685	0.02878860	-0.08231787	-0.05284279	0.23482617	0.16761069	0.25109717	-0.11083161	-0.00718316	-0.11150847	-0.05813001	-0.02671591	0.02324689	0.15161969	0.02532859	0.00718819	0.03708527	0.13426457	0.10832982	0.14596392	0.00834032	0.08288135	0.04505428	-0.09424112	-0.14213627	0.14144542	0.06418750	0.10789942	0.06346343	0.09791601	0.07504745	0.18892284	0.17014402	0.09153558	-0.00110001	0.09758670	0.16862883	0.16567641	0.12254765	0.17086278	0.16240045	0.22985190	0.07117758	0.06086933	0.13684776	0.24967069	0.20631867	0.26437489	0.25409497	0.23068622	0.33046760	0.12618339	0.20275608	0.17846268	-0.02633880	0.10793028	0.08434469	-0.09168958	-0.02577797	0.08683577	0.12573852	0.15813192	0.15367815	0.05991302	-0.00533845	0.06437274	0.20308635	0.05229295	0.03061986	0.36044247	0.22133594	0.23023553	0.15294683	0.04540409	0.15198094	0.28201034	0.27706909	0.36001037	1.01501205	0.40282572	0.40867112	0.15942766	0.18317923	0.01077525	-0.07065140	-0.15956374	0.04864658	0.12639268	0.00941096	0.10807596	0.18213355	0.16926801	0.01880132	0.26644305	0.12959159	-0.00508157	-0.02507159	0.02527547	-0.00227547	0.17327416	0.28717230	0.15382452	0.01058616	0.02937972	-0.10361313	0.02207985	0.05995833	0.05422986	0.03401680	0.07553804	0.01918606	-0.06004123	0.04551658	-0.01040263	0.05832841	0.06256246	0.13308019	0.16912047	0.02309001	0.07787070	0.06958868	0.10579553	0.11248067	0.01346848	0.10839561	0.10902543	0.00281957	0.14700309	0.15097576	0.08833860	0.18100870	0.11132440	-0.02673385	-0.06725505	0.02916083	0.17580182	-0.11147220	0.15601841	0.04411633	0.13211726	0.22764279	0.16572401	0.01695613	-0.02873927	0.04745275	0.50146314	0.15464695	0.01711479	-0.10407961	-0.10981081	0.04576350	0.06701344	-0.10999079	0.15669678	-0.10216952	0.12530379	-0.05919324	0.14334559	0.12818251	-0.01346333	0.03154966	0.03773398	0.06786043	0.01845342	-0.03697305	0.14281217	0.15398894	0.12471215	0.09828659	0.02850687	0.06996970	0.13365152	0.08325762	-0.02233198	0.02458067	-0.02027780	0.00566873	0.12246798	0.03227632	-0.06154100	0.06973518	0.03156252	0.16739742	0.10856876	0.11874475	0.12235104	0.05622566	0.00407049	0.09559021	0.24790838	-0.06032774	-0.01854455	-0.01434779	0.21296338	0.18034724	0.00539059	-0.07089298	0.12946134	0.02534158	0.17401899	0.28227086	0.11076392	0.08735047	0.22468409	0.11848321	0.12217378	-0.07335903	0.13925850	0.01424307	0.08428837	0.17868193	-0.00540075	-0.00315957	-0.11364849	-0.03082182	0.20914199	0.09023849	-0.02528918	0.17435713	0.01107535	-0.03099572	0.04434605	0.06840326	0.20165857	-0.02886892	-0.00156037	-0.07699178	-0.08297082	0.08607061	0.09513095	0.09731259	0.04471853	0.19320035	0.15102544	0.13451109	0.22505058	0.05493574	0.15702418	0.06101368	0.33116523	0.07946192	0.12707662	0.17273787	-0.02143240	0.12447732	0.17175172	0.09796225	0.13974482	0.26093248	0.13180685	0.31637262	0.07116836	0.10716206	0.17001822	0.25341553	0.13817378	0.30058398	0.26933301	0.23652966	0.09734627	0.12554331	-0.07998090	0.18813097	0.23650545	0.14502926	0.18270609	0.15509773	0.15459881	0.31388854	0.22375006	0.02695741	0.22921041	0.21658172	0.35075297	0.28835284	0.15972816	0.36728772	0.29464417	0.33411232	0.22569712	0.27690072	-0.08330669	-0.17362550	-0.09474157	0.04755784	0.08604731	-0.04249107	0.17797624	0.14889926	-0.03454888	0.07093643	0.20839663	0.03255940	0.12496492	0.14709751	0.05819385	-0.01714014	0.03421426	0.11441962	0.09907072	-0.09456790	0.02492427	0.08711799	0.17103988	0.15099797	0.14390704	0.23849282	0.11380456	0.06136143	0.00693846	0.10865969	0.08819118	0.06801869	-0.06599715	-0.01081225	0.02755085	-0.22070340	0.03572505	0.01428968	0.27498512	0.08693856	0.18762259	0.12067990	0.16504926	0.22379674	0.10220390	0.14834575	0.22923829	0.16318290	0.17645393	0.14992227	0.25968222	0.28257741	0.26442823	0.26574621	0.25603003	0.14703526	0.13053940	0.16598147	0.15185832	0.24627159	0.42630358	0.18829317	0.13584962	0.14758206	0.11932921	0.13114093	0.23136722	0.12903256	0.03531151	0.24268469
17Networks_LH_DefaultC_PHC_2	0.13713621	0.31043851	0.12496654	0.17847335	0.28984929	0.25306348	0.18871291	0.06433656	0.08461702	-0.08655620	-0.00361575	0.05358278	0.44297560	0.27655343	0.11934710	0.29418769	0.24349483	0.09117609	0.04878347	0.21808004	0.03537327	0.07516767	-0.01694385	0.12018258	0.00720921	0.09705514	0.11853742	0.02261768	0.10067384	0.15862368	0.16531566	0.05737973	0.13963440	0.07185228	0.08208918	0.17816078	0.05614728	0.13025769	0.04984374	0.14866952	0.14828291	0.21551805	0.10655145	-0.01524029	0.18359226	0.08513069	0.32531521	0.13923229	0.03554210	0.37508563	0.17210863	0.26779039	0.24241483	0.14605216	-0.00314112	-0.12345633	-0.02346893	0.10566622	0.05541259	0.14684014	0.53151453	-0.00124005	0.32184197	-0.02512172	-0.02191245	-0.02850003	0.05950054	0.13091425	-0.17731057	-0.15208580	0.11518608	-0.01404613	0.10487301	0.12387237	-0.03921809	0.10294392	-0.01430891	-0.01919513	0.07255786	-0.08377352	0.08852349	0.12682902	-0.06067348	0.01073993	0.06624642	0.29270725	0.16606370	-0.04296489	0.34727001	0.28121153	0.00394290	0.06677315	0.11299375	-0.08013204	0.11482837	-0.11123166	0.03528618	0.05651324	0.07103112	0.19467098	-0.05583915	-0.08001417	-0.28940197	0.11187887	0.13956401	-0.06418260	-0.10315242	0.12104257	-0.05639807	0.19181202	0.02107675	0.23959859	-0.05770491	-0.05538315	0.13409991	0.06042150	-0.00414573	0.23253118	0.24499920	0.21454267	0.06385562	0.04597928	-0.19839852	-0.06264190	-0.19429751	0.01166426	-0.04977777	-0.03974831	-0.03028930	0.05090930	0.06592574	0.17347830	0.04170925	-0.13035488	0.18229058	-0.07346119	-0.17360176	-0.14572002	0.04377307	-0.01028884	-0.05857176	-0.14769166	0.07578851	0.13366613	0.15220364	0.11474276	-0.00573941	-0.04969126	0.08276137	0.10749647	0.09825116	0.00875383	0.03250833	0.17160201	0.23676649	0.11136542	-0.10263741	0.06574016	0.12147470	0.15387079	0.21288820	0.23828372	0.14271422	0.28871047	-0.03432070	0.20490884	0.17803019	-0.03959228	0.10239322	0.20863880	0.02208455	0.13956161	0.10942185	0.09565496	0.15543826	0.02307320	-0.09848547	0.00464786	0.00563404	0.11142140	0.01337231	-0.05345120	0.36383181	0.03835622	0.23050044	0.10774262	0.01466783	0.20689570	0.46298769	0.37482319	0.49669272	0.40282572	1.07237878	0.53181878	0.38491099	0.29246730	0.07543248	0.01576163	-0.09674171	0.12081241	0.11264061	-0.07169916	0.00406258	0.03527489	0.19186855	-0.15684445	0.19065296	0.08578678	-0.00391970	-0.05097598	0.03248324	-0.04670447	0.29231756	0.44070956	0.14048979	0.02924168	0.29600432	-0.02273038	0.02572808	0.11476484	0.02857741	-0.00827526	0.01808429	0.18502662	0.05680408	0.10846310	0.03922687	0.18418661	0.15552188	0.23653608	0.10506252	0.02356997	0.12279708	0.11054120	0.19827794	0.22800704	0.05614977	0.12219056	0.10061573	0.22534902	0.12430650	0.06952505	0.03769842	0.12407178	0.07500442	0.08758320	0.01030059	0.11889567	0.15955441	0.02978762	0.19028793	0.09115844	0.13717925	0.24004158	0.23350685	0.00708306	0.02939319	0.13499944	0.37971118	0.00543415	-0.02432839	-0.07985275	-0.18633435	-0.04943420	-0.03565964	-0.07184522	0.22311922	-0.03985328	0.18892992	-0.08635532	0.19410482	0.13149513	-0.11490077	0.19855678	0.12433282	0.00019432	0.08388374	-0.02772932	0.09790746	0.15372759	0.13882832	-0.01138062	-0.03605962	-0.03019387	0.14134075	0.17343635	0.10856364	-0.08747395	0.05515903	-0.04803502	0.21337099	0.08180006	-0.06623087	0.06507692	-0.01464032	0.06975061	0.14934948	0.01792327	0.12664969	-0.01040278	0.19427209	0.02968187	0.03706934	-0.04904408	-0.10664037	-0.18180442	-0.02193553	-0.05226376	-0.12824221	-0.07508433	0.06584459	-0.04456984	0.07012430	0.28664292	0.06774617	0.02242695	0.40909825	0.01394110	0.13639008	0.00865957	0.26094136	0.14015259	0.24000157	0.20864568	-0.01850251	0.02391635	-0.07457039	-0.08095781	0.12014357	-0.04104207	-0.01374267	0.13482525	0.02897580	-0.01952525	0.06783369	-0.01968884	0.22406160	-0.07877472	-0.14281815	-0.07895575	-0.12514004	-0.12468919	0.02334897	0.00569069	0.01505879	0.16777998	-0.06447558	-0.04298913	-0.00862800	0.01693829	0.27854846	0.08804452	0.24692379	0.05742269	0.04555770	0.16549542	-0.03085949	0.12588548	0.09712005	-0.05574056	-0.00539895	0.23649436	0.12590967	0.35572139	0.08662456	-0.04839259	0.10506139	0.19744266	-0.04808152	0.25920857	0.20088919	0.00936280	-0.04908889	0.08587214	-0.07754782	0.29510879	0.14411760	0.07210609	0.06931281	0.02064850	0.08901728	0.31002813	0.11855888	-0.02851913	0.20661470	0.19592546	0.42120032	0.45011371	0.10891196	0.50864983	0.24932368	0.46962336	0.25485541	0.26590852	-0.03340751	-0.19055935	-0.11816781	0.03034655	0.00425316	-0.08032850	0.42812765	0.41272178	0.16484963	0.24123939	0.21859647	0.14872601	0.12563954	0.09964011	0.12643861	-0.10633289	0.17611976	0.07192647	0.03251343	0.06007638	-0.03275576	0.00872921	0.31849980	0.25768839	0.22167555	0.35610030	0.08703770	0.14246706	0.01026132	0.05951024	-0.01374072	-0.00458132	-0.01346875	-0.01880889	-0.05852563	-0.14796841	-0.13587738	-0.06195608	0.24195990	0.19864889	0.30326033	0.20397068	0.10236363	0.26487791	0.20722034	0.17259768	0.20519702	0.20949850	0.15350894	0.16121506	0.11982586	0.24690985	0.04960883	0.10579113	0.22931208	0.30578054	0.24719439	0.17939792	0.00123063	0.39237481	0.24784883	0.11772385	0.17415339	0.18460068	0.08721154	0.14947007	0.39855027	0.13404246	0.02581696	0.09189344
17Networks_LH_DefaultC_PHC_3	0.15224213	0.23473337	-0.00064907	0.11394932	0.33199035	0.43481878	0.14579740	0.15080349	0.15089247	-0.12354006	-0.07397389	-0.04645436	0.61130637	0.44983671	0.22469396	0.42538885	0.17133603	0.14117963	0.05560156	0.34654031	-0.05748507	0.13652876	-0.07712713	0.05411952	0.13580978	0.02972582	0.08517058	0.03700015	0.13715744	0.13667699	0.15271374	0.08731614	0.15852468	0.08532715	0.05754987	0.20326948	0.07354301	-0.06136586	0.02165121	0.20840814	0.16443598	0.09234015	0.12223651	-0.01526319	0.26406582	0.05553451	0.36256890	0.20897793	0.06633972	0.33749960	0.21423878	0.27544328	0.19752126	0.14321055	0.01184548	-0.13968401	-0.02315859	0.02693636	0.06182534	0.01832651	0.54924611	-0.03388835	0.30157103	-0.10486792	-0.05793054	0.00023790	0.00754364	0.06198375	-0.12786432	-0.08553852	-0.03926963	-0.09058764	0.09599660	0.15237135	-0.05806930	0.13033704	0.05786614	0.05059009	0.01719650	-0.04256863	0.05488609	0.18312935	-0.02149926	0.09760347	0.17535425	0.31345186	0.22350773	-0.02197860	0.59780006	0.42057634	0.18735928	0.15753099	0.15800242	0.05397702	0.15001462	-0.00143297	-0.12648018	0.15946083	0.23148920	0.17910361	0.06355755	0.00345315	-0.20913212	0.21759768	0.42796617	0.04804838	-0.02316395	0.27276012	0.04787980	0.23114685	0.12074536	0.18243261	-0.08570877	-0.05292980	0.16760374	0.13204906	-0.05606532	0.21796792	0.27345891	0.39465114	0.00514940	0.02677498	-0.18092751	-0.00566853	-0.09978413	0.01694729	0.03029676	0.04531283	-0.00197203	0.09175534	0.14385849	0.21517172	0.12409339	-0.08920003	0.15150196	0.01743161	-0.06114951	-0.13665908	0.00473481	0.05651974	0.03871157	-0.01728273	0.10307680	0.13045242	0.18279401	0.02484936	0.03822919	-0.03091476	0.10684945	0.06790737	-0.01319068	-0.02551444	0.02740479	-0.00951929	0.09322136	0.05239928	-0.02219611	0.02935289	0.09247477	0.08105567	0.08974444	0.18055485	0.22048022	0.33512720	-0.05069787	0.25068477	0.15708015	-0.00717931	0.10372049	0.12310073	0.02610615	0.20181866	0.09565867	0.13825413	0.10611911	0.01651973	0.02747604	-0.05921343	-0.00758149	0.18324926	-0.04414541	-0.00409558	0.40323902	0.13465984	0.24344785	0.19328247	0.23192743	0.00001405	0.48658837	0.25732794	0.37821431	0.40867112	0.53181878	1.10483435	0.38808514	0.23309750	0.16256671	0.08794032	-0.04836498	0.11185442	0.06394166	-0.00957038	-0.02187330	0.17443242	0.30608914	-0.31546921	0.28488837	0.12526730	0.00095243	-0.07592220	-0.00993756	-0.03886305	0.33964488	0.53324024	0.26934668	-0.03708584	0.27981192	-0.09331349	0.08427670	0.10500529	-0.01458369	-0.02735832	-0.00181772	0.08747999	-0.04642385	0.15695216	-0.08249379	0.18942200	0.05278123	0.22963858	0.13827563	0.06925924	0.02501795	0.08772001	0.22008934	0.08069940	0.09442481	0.11423998	0.05137071	0.10337625	0.13073669	0.13540017	0.00544929	0.27185490	0.27176485	0.19771067	0.03288722	0.15449020	0.21368438	-0.01313448	0.22697259	0.11586107	0.17497055	0.29686750	0.17379901	0.02971249	-0.00592007	0.11914040	0.30317439	-0.10392846	-0.17651192	-0.03114816	-0.17544062	-0.13366245	-0.06207958	-0.08055305	0.16374275	-0.16711834	0.12129239	0.00720034	0.19388943	0.15379901	-0.00984280	0.18666232	0.09177952	0.03098200	0.11553418	0.08899942	0.02060005	0.20074962	0.18315651	0.03143416	0.08008967	0.17846611	0.15758694	0.21000399	0.13205305	0.05715280	0.09309272	0.12191326	0.38333699	0.20207215	0.03655689	0.20074038	0.24130419	0.24451889	0.14888112	0.11864343	0.06895452	0.00468672	0.12046668	0.11535629	0.17711617	0.00875063	0.02746767	-0.03107473	0.22376241	0.01544690	0.07180689	0.14335290	0.26230830	0.13920692	0.04992359	0.29823859	0.16238140	0.08713748	0.46680194	-0.04219351	0.10603089	0.01898255	0.25617908	0.19816269	0.25905782	0.13068558	-0.04062283	0.06507099	-0.03556180	0.00702890	0.07289959	0.11726404	0.05221199	0.21654081	0.03126957	0.03920973	0.01479136	0.01195619	0.31427255	0.04598165	0.04722511	0.01429212	-0.02688930	-0.01703780	0.09915622	0.10486862	0.00936284	0.18092911	0.06664233	0.08842673	0.19437853	0.02138104	0.20092041	0.10926490	0.12557073	0.09371963	0.02519773	0.11349161	-0.07419614	0.10698284	0.16049709	0.01161979	0.00558033	0.17246156	-0.01192658	0.18506947	0.12977161	-0.02168285	0.04255036	0.13579140	0.06714706	0.37901534	0.24852961	0.24666355	0.04491530	0.16767354	0.03873870	0.35107656	0.18737486	0.10411903	0.08236580	0.02973533	0.09489725	0.42864347	0.23518531	0.13703904	0.04050457	0.03586129	0.39326103	0.27334204	0.17171214	0.42865118	0.28056042	0.39640136	0.28293891	0.34825019	0.10290083	-0.09988239	-0.04114202	0.06130522	0.05593960	0.04966410	0.45546488	0.42902771	0.17200261	0.35772199	0.21490587	0.22112587	0.17386738	0.19933036	0.11124387	0.05159441	0.21362032	0.16829841	0.21962003	0.18345712	0.02274465	0.14940789	0.37837744	0.28285897	0.35963220	0.48025145	0.13289680	0.19610172	0.00419508	0.13799343	0.06189858	0.11035824	0.05134421	0.08291466	0.17626071	-0.01589149	0.08090068	0.09812940	0.22629716	0.10472218	0.23851163	0.14720864	0.03658398	0.19160299	0.16646392	0.03207900	0.14653189	0.06526873	0.14031251	0.12938773	0.04510536	0.12018476	0.02364587	0.13600954	0.06553875	0.13659622	0.15234144	0.15257927	-0.00337744	0.18215424	0.23153784	-0.00504538	0.06804392	-0.02480612	0.02232822	0.01799093	0.14673543	-0.04230522	-0.06670157	-0.05176383
17Networks_LH_TempPar_1	0.05610090	0.02320099	-0.04724748	0.03054604	0.14543982	0.24938591	0.07099784	0.22355131	0.16530436	0.15244043	0.00226463	-0.02271719	0.32726332	0.30138236	0.01773968	0.25464393	0.24074679	0.15457206	0.08975397	0.35584525	0.04605272	0.22491011	-0.02324862	0.15610819	0.20901494	0.09170944	0.22571640	0.19105183	0.10211636	0.22461319	0.24062769	0.20192290	0.17122196	0.12257928	0.03413254	0.23194939	0.16062052	-0.11668031	-0.04987214	0.16792728	0.13263402	0.11328284	0.00729375	0.09818207	0.22503490	0.08396059	0.49635171	0.33904035	0.01509411	0.27185955	0.21605442	0.32771511	0.30929951	0.27384371	0.01056931	-0.01549287	-0.04197983	0.13545768	0.05442263	-0.03144225	0.28426087	-0.14405884	0.19441918	-0.02792072	-0.10954710	-0.02124420	-0.08742363	-0.05761357	0.03503209	-0.05134852	0.02611168	0.05487835	0.22764000	0.14301231	-0.01274739	0.10123822	0.13323639	0.04071655	0.10334217	0.03320566	0.03238855	0.10723621	-0.15051303	-0.03523647	0.17152126	0.32133121	0.34010973	0.24970317	0.52712599	0.34415069	0.38575670	0.37269179	0.38773859	0.21170290	0.15063752	0.10483365	0.00458027	0.19148956	0.16394769	0.12188581	0.19377865	0.02757491	-0.19245315	0.33764246	0.42441421	0.24692004	-0.01768182	0.08916783	-0.01435704	0.21104238	0.04182421	0.11509977	-0.14047705	-0.08744637	0.04668561	0.05496330	-0.05924916	0.14012370	0.16493048	0.31502480	0.08713112	-0.13747137	0.15537808	-0.09055752	0.02142439	0.02534583	0.01322451	0.11625958	0.13562223	0.14906310	-0.01374007	0.02364387	0.17772114	-0.08932783	-0.00246220	-0.19733741	-0.01660142	-0.06033737	-0.17308238	0.00828771	-0.19110469	-0.12491121	0.01563011	-0.00320363	0.15062560	-0.17634438	-0.04120579	0.05210304	-0.14155056	-0.27451241	-0.25569902	-0.06458357	-0.17194708	-0.25507697	-0.23261659	-0.18222593	-0.12456067	-0.09034051	-0.21832490	-0.15776209	-0.12514887	-0.01770809	-0.01720638	0.07389671	-0.25330050	0.15656509	0.16843914	-0.10441491	-0.02622695	0.02730944	-0.02153621	0.15552769	-0.13419067	-0.01759974	-0.09250227	-0.21823979	-0.10372187	0.00011972	-0.09479195	0.08363439	-0.08159854	-0.14440814	0.29022296	0.14030163	0.11788445	0.13535080	0.13207953	-0.20591308	0.26650859	-0.03638758	0.07564172	0.15942766	0.38491099	0.38808514	0.90963032	0.36921960	0.14314383	0.21147902	0.11088704	0.27023755	-0.00058425	-0.16905364	-0.11262587	-0.02235747	0.05048906	-0.34286450	-0.01343744	0.10790063	0.03006749	0.13393713	-0.03816724	-0.03765637	0.19198428	0.37711231	0.06246136	0.16672776	0.29872269	-0.03077698	0.26919526	0.24112043	0.08132376	0.11639557	0.12452704	0.08363958	0.02075450	0.18897411	0.06616082	0.28176568	0.00766883	0.17196278	0.12125674	0.09855090	0.08485133	0.09348940	0.24033820	0.10222634	0.15619404	0.09795871	-0.00392125	0.24465959	0.00579524	0.08079367	-0.06929822	0.17775036	0.23066800	0.24547169	0.16568308	0.26171704	0.15586462	0.12780142	0.23299645	0.31953357	0.23017172	0.34526274	0.31755708	0.06012815	-0.03708417	0.09612237	0.27699938	-0.18720301	-0.21206578	0.09813680	-0.10675173	-0.18171270	-0.00705936	0.01537995	0.20251694	-0.01153773	0.11581046	0.19695339	0.13265101	0.10209432	-0.01843435	0.17194356	0.14372632	0.06967115	0.06665515	0.15202918	0.06378188	0.12712992	-0.01186398	0.01579982	0.07145898	0.14506636	0.39157408	0.31215136	0.32073951	0.16826966	0.21482281	0.23803873	0.37268088	0.38316191	0.26366314	0.34890787	0.36252239	0.22208268	0.25171602	0.05913733	0.16448159	0.15778472	0.21419482	0.17004258	0.13313774	0.23736175	0.22698522	-0.01409050	-0.00448273	-0.05707774	0.18683943	0.37912056	0.12856699	0.24650186	0.02780248	0.25276086	0.04571551	0.13591686	0.20894415	-0.20771948	0.07956673	-0.04132762	0.22333618	0.09565117	0.18277171	0.03849154	-0.12747037	0.06001143	0.13161816	0.09517188	-0.09429976	-0.01600504	0.14582119	0.09858441	0.20174892	0.05444990	0.00898898	-0.06469476	0.05535196	0.12760981	0.00179743	0.19101707	0.08816413	-0.04388230	-0.03757467	-0.18539772	-0.07956303	0.08696979	0.02646651	0.17004029	-0.02054696	0.11539404	0.12456497	0.16845927	-0.26179072	-0.15859161	0.05564752	-0.12839267	-0.01652115	-0.14535526	-0.10448873	-0.18563771	-0.17209750	-0.12635555	-0.33758665	-0.18010424	-0.10016536	-0.05895367	-0.26355709	-0.16236645	-0.14404212	0.06708299	-0.02608514	0.04996312	0.12022440	-0.00904626	-0.00651983	0.16771820	0.06578558	-0.19563442	-0.04047527	-0.06009974	-0.04982306	0.29143195	0.27089399	0.27381648	-0.24191106	-0.23929221	0.13418780	-0.05095173	0.01328400	0.22525307	0.26630381	0.10142579	0.00960901	0.26384692	0.05326422	0.16596672	0.23484926	0.34625920	-0.04357717	0.22717673	0.24695273	0.19714668	0.15679113	0.28734270	0.11762105	0.14621107	0.10717379	0.09559584	0.20128798	0.07869256	0.13690166	0.22361631	0.27559297	0.25397717	0.12139206	0.07241902	0.18586993	0.15549986	0.21941028	0.36090654	0.01281025	0.07345091	0.05084372	0.10543297	0.11918800	0.03922149	0.09775699	0.05272029	0.28598058	0.08943716	0.10664999	0.04878355	0.08081611	0.07713568	0.12337475	0.11767672	0.05773153	0.11762810	0.08255995	0.18639868	0.08739621	-0.10872914	0.07298235	0.03480072	0.03813093	0.04754848	0.06086736	0.02123936	0.04327529	0.10091728	0.20924365	0.08863176	-0.04306523	0.20500957	0.12254041	0.00510315	0.04123170	-0.08254419	-0.09069006	-0.16716916	0.01303266	-0.08461834	-0.12268255	-0.15155727
17Networks_LH_TempPar_2	0.21462678	0.20238032	0.09114521	0.22762018	0.15529562	0.22925135	0.15134655	0.19186235	0.11627511	0.20665710	0.02960861	0.02416043	0.45839754	0.30583967	0.17565704	0.23341393	0.25359974	0.10178684	0.14232356	0.16645625	0.03536447	0.16620456	0.01136079	0.27651526	0.23905759	0.09087321	0.25979792	0.17048627	0.14079662	0.34104915	0.21277142	0.14313895	0.22204325	0.10409040	0.01079804	0.16731100	0.02337254	-0.00774869	0.02045496	0.20616529	0.10891633	0.12477505	0.13270626	0.10629930	0.30040693	0.17452828	0.30068708	0.30300715	0.12519513	0.24755038	0.19960604	0.31748101	0.37046543	0.27468770	-0.04095989	0.01846155	0.02335333	-0.03593400	0.05814850	0.21050410	0.26902925	0.18196828	0.27951841	-0.01217992	-0.10393230	-0.08411153	-0.13113300	0.19673597	0.00501697	0.00731983	0.09459970	0.05034843	0.21394603	0.27285643	0.13656451	0.21438745	0.22274979	0.06365710	0.06226920	0.00830429	-0.03552642	0.10429102	-0.09465087	0.04345768	0.16289044	0.39363572	0.35016321	0.33143124	0.31983701	0.38629797	0.16487036	0.27553156	0.30936691	0.12469731	0.21928947	0.18431027	0.09763601	0.33389419	0.17404765	0.15794756	0.11386583	0.11819963	-0.11750889	0.06830868	0.10888176	-0.02350636	-0.16882044	0.05260989	0.02948193	0.10710685	-0.00105408	0.08043646	-0.07910363	-0.07324067	0.00171016	0.04842071	-0.07630133	0.01747180	-0.00872688	0.23580390	0.03819061	-0.20776216	0.14403807	-0.07348184	0.05031217	0.00248213	0.09535244	-0.06979894	0.03506142	0.08294240	-0.06858903	-0.06585692	0.12283105	0.02480749	-0.00444405	-0.08152265	-0.01117961	-0.14587863	-0.08838567	-0.05890316	-0.07941058	-0.05945207	0.20763523	-0.04891179	0.00517150	-0.08281698	0.00028040	-0.04647596	-0.01401058	-0.14625867	-0.01110676	-0.03255220	-0.20909246	-0.04877612	-0.13532030	-0.12610625	-0.00874564	0.15635986	-0.14983396	-0.01160553	-0.01395108	0.11974060	0.05312422	0.16310527	-0.09361452	0.14540649	0.04521497	-0.09831650	0.08526382	0.15481631	-0.00663543	0.21740804	0.04314481	0.15437317	0.15842294	-0.02648413	0.01814537	0.03056616	-0.01123147	0.15997540	-0.01832325	-0.01763795	0.26607188	-0.03294425	0.15420902	0.06554912	-0.01324452	-0.10170631	0.26962519	0.10863761	0.11267782	0.18317923	0.29246730	0.23309750	0.36921960	1.07358102	0.12529470	0.16243149	0.01876410	0.30084397	0.06565201	0.06828962	0.10195197	0.08193771	0.04281786	-0.09739678	0.08063840	0.18199576	0.12623748	0.20850043	0.04283917	-0.00535498	0.27040562	0.23951066	0.12932039	0.37727163	0.24553958	0.11115559	0.26135653	0.12242198	0.08028821	0.16795481	0.07159342	0.15182042	0.12496167	0.24007449	0.13052657	0.16946897	0.18490861	0.14561621	0.12664409	0.05837544	0.18567436	0.07886313	0.16395458	0.21493217	-0.08191404	0.14822288	0.08932175	0.14486743	0.02565069	0.03707979	0.03762084	0.21760245	0.22934234	0.12020670	0.06027716	0.15807233	0.32213222	0.11299081	0.23377514	0.16771091	0.20367997	0.23124185	0.34500344	0.04060529	0.01038579	0.07291957	0.30465390	-0.00228441	-0.08658785	0.04972767	-0.13347001	-0.08251496	0.04943507	-0.03880203	0.17917537	0.06854226	0.11991138	0.21961672	0.20961561	0.09200721	-0.13850912	0.18632520	0.23022092	0.04277340	0.14059604	0.11591887	0.11028330	0.19384854	0.12505361	0.14141240	0.03992147	0.16845621	0.29832928	0.22571609	0.24185427	0.22616920	0.27892366	0.16525340	0.27019922	0.21392594	0.17312623	0.31674511	0.17440094	0.33917361	0.15439746	0.16645822	0.06023168	0.18433162	0.14668200	0.29742046	0.20073131	0.23333293	0.08690511	-0.10764677	0.12855285	-0.03795207	-0.03393815	0.12053555	0.09839187	0.20417150	0.06236560	0.07904201	0.00425721	-0.01836878	0.04449979	-0.14408456	0.09741996	-0.03495509	0.19375776	0.02168432	0.18178145	-0.04103067	-0.16848801	0.04486448	-0.04223837	0.04344502	-0.14224064	-0.05231686	0.08089347	0.03783428	0.11227305	0.01350044	0.08862975	-0.07594515	0.00057956	0.04901182	-0.06253933	0.25523897	0.01303387	-0.07843551	0.02320155	-0.07878466	-0.07209701	-0.09697612	-0.08336033	0.06072175	0.03463545	0.26964337	0.06234882	0.15153272	-0.16005961	-0.04014526	-0.04444590	0.11429190	-0.06775774	-0.00035946	-0.00736783	-0.14452788	-0.06713396	-0.14216158	-0.09988521	-0.16654778	-0.01671085	0.18816092	-0.10082767	-0.05233833	-0.03338850	0.09942005	0.12973573	0.06091760	0.18419567	0.00873302	-0.01961203	0.17534747	0.19945984	-0.09533768	0.23071228	-0.01778531	0.25691951	0.16248371	0.20996969	0.18955701	-0.10884486	-0.12730661	0.28735024	0.02587589	-0.00629373	0.18789147	0.25121874	0.05762511	0.03810290	0.33100714	0.07900514	0.01297964	0.27204135	0.30886672	0.07457327	0.24053980	0.11875126	0.20082467	0.13693693	0.17118639	0.24997396	0.00501694	0.24473687	0.05928356	0.07962342	0.01962828	0.02621917	0.05188862	0.15070853	0.19994672	0.10486686	0.11459469	0.06750878	0.14162411	0.12191009	0.24090405	0.21659308	0.19673569	0.07723081	0.11048473	0.05712618	-0.03218333	0.06275560	-0.12681333	0.08029972	-0.00696472	0.09777173	0.08492725	0.10940400	0.08414105	0.06997099	0.03045333	0.03704084	0.07016106	0.08897652	0.12442320	0.08025710	-0.04550972	0.14784715	0.07752691	0.08939234	0.07670772	0.05725572	-0.05396934	0.06277334	0.11633874	0.24832478	0.03912747	-0.02163157	0.14983310	0.01573569	-0.08650697	0.16654059	0.02554332	0.03174882	0.00904661	0.07428560	0.08706582	0.08884091	-0.01370566
17Networks_LH_TempPar_3	0.14687310	0.26124921	-0.00570359	0.14748192	0.14019831	0.18571024	0.25077587	0.24050979	0.30629971	0.23624726	0.20657218	0.22752596	0.27013851	0.21520599	0.28936779	0.12980795	0.11696873	0.19103784	0.27116046	0.30094808	0.13710667	0.18241146	0.11210251	0.13548837	0.35315539	0.08287803	0.07232822	0.10836354	0.20629119	0.06043918	0.19682907	0.28024646	0.12073524	0.21351837	0.07934762	0.14266389	0.23040755	0.11429087	0.19306710	0.13883657	0.18339965	0.08703325	0.09897942	0.12258377	0.28737183	0.30641073	0.24029661	0.17573801	0.23150062	0.28408397	0.08286710	0.03861551	0.21754615	0.08198760	-0.09834348	-0.13063157	-0.04802398	0.20776499	0.01062251	0.10508288	0.14920179	0.11793197	0.22176122	0.06093006	-0.12186241	0.13133381	0.16448300	0.10307589	0.12089115	0.02720518	-0.00111014	0.16092342	0.05238219	0.08019404	-0.02826370	0.19244193	0.21146672	0.16794134	0.03162594	0.14033863	0.13646685	0.50489209	0.13771830	0.26194521	0.21377326	0.24074475	0.30330170	0.03984689	0.15383104	0.14157934	0.22368997	0.16159005	0.26033704	0.36431461	0.21400774	0.04441046	0.01411667	0.29330715	0.34570737	0.22363941	0.01635707	0.02484904	0.01669855	0.14757485	0.24746466	0.12307605	0.03348057	0.26780148	0.14943022	0.14948231	0.11968003	0.10041542	0.24727822	0.10661362	0.16546675	0.15082614	0.25078291	0.18774411	0.01885292	0.00946762	0.23139723	0.12792009	0.01309065	0.25076920	0.09339120	-0.01055615	-0.00440163	0.13224938	-0.07171049	0.13934277	0.29227302	0.27147710	0.12898687	0.11815241	0.31246746	0.24022837	0.26331686	0.01820012	0.06069200	0.21734432	0.10431882	0.13274558	0.25220856	0.12799224	0.08457998	0.00551612	0.12287402	0.12680831	0.36375412	0.32571429	0.01050177	0.22993978	0.16633257	0.11892764	0.17915358	0.18073817	0.22698888	0.09876645	0.14910419	0.18463133	0.09535942	0.12152380	0.10466437	0.12475302	0.17991844	0.18225477	0.21163499	0.30201133	0.23566788	0.17502519	0.48216786	0.32453865	0.08572970	0.30267628	0.19776324	0.15623558	0.21444458	0.08517497	0.09819927	0.33126097	0.10548469	0.23024748	0.31204382	0.24731758	0.37581342	0.38057839	0.31347949	0.16151394	0.18286685	0.18060269	0.20391595	0.01077525	0.07543248	0.16256671	0.14314383	0.12529470	1.04435268	0.30462850	0.07829538	0.31655088	0.18310079	0.07357595	0.28950227	-0.01326434	0.20427578	0.08860788	0.19843190	0.40533444	0.28993460	0.37061541	0.18907565	0.31982589	0.27081493	0.10018819	0.06610266	0.15986159	0.03202424	0.19688599	0.14479690	0.20985652	0.12815943	0.25379394	0.27601952	0.13002380	0.00155355	0.18917713	0.03245082	0.34095058	0.19641007	0.20739675	0.16639601	0.18814766	0.18037568	0.26648743	0.26077060	0.17981186	0.09556037	0.12399343	0.09847281	0.08055325	0.22092540	0.08258849	0.05434826	0.04562225	0.26627349	0.27955132	0.14138212	0.23373401	0.22890799	0.03679369	0.17456378	0.24909824	0.21942951	0.20895001	0.24970987	0.18416390	-0.04046225	0.05539612	0.19369905	0.04198922	0.13331872	0.27462380	0.07381200	0.11200499	0.20727292	0.13326605	0.13408475	0.14333438	0.12758342	0.07324062	0.25880011	0.21426790	0.12614715	0.19254097	0.16735441	0.16683104	0.21465391	0.22987872	0.08459022	0.22598708	0.21315715	0.08852700	-0.01351105	0.09161752	0.30028174	0.36909999	0.26262913	0.29535599	0.11101911	0.08612653	0.23210818	0.29302593	0.21741212	0.32645000	0.19733561	0.35629487	0.30573514	0.16998093	0.15831717	0.09368771	0.08332035	0.22528003	0.14210498	0.23075986	-0.03347335	0.01126196	0.14163290	0.08744630	0.08018363	0.19017201	0.20680928	0.22293155	-0.13601394	-0.04393842	0.12637841	-0.11803893	0.11601818	0.14154102	0.00618426	0.16670812	0.07162474	0.21219662	0.03938186	0.08318224	0.07006668	0.10442673	0.03803974	0.08344506	-0.09463626	0.12856177	0.20516235	0.04645026	0.03197215	0.04758651	0.09225787	0.20011950	0.16082889	0.12561731	0.15482787	0.04002356	0.04762884	0.01012055	0.17084572	0.13562396	0.02276912	0.03149739	-0.08320756	0.00581052	0.13218313	0.14791640	0.07450654	0.08155786	-0.02052771	0.15102741	-0.04115681	0.01514274	0.20207513	0.24111838	0.22802814	0.23957033	0.04099677	0.04421429	0.00162123	0.04107369	0.17463919	0.06923337	0.09201960	0.10994235	0.19651013	0.08836834	0.04271242	0.21430816	0.11404729	0.12157595	0.26163933	0.22112479	0.17288833	0.10546240	0.09872915	0.10691827	0.08011378	0.06472984	0.19270854	0.18998109	0.11221824	-0.00235545	0.22977718	0.09544319	0.08587844	0.23236117	0.09532126	0.17580612	0.04415997	0.30386850	0.32124725	0.18539707	0.23786730	0.36575630	0.23884611	0.13913048	0.15743372	0.23188444	0.20028080	0.01066011	0.21460677	0.17947963	0.24251257	0.34302067	-0.01010194	-0.04547460	0.15569778	-0.00408953	0.30912618	0.27189492	0.00058033	0.16280837	0.12361294	0.07939521	0.11068359	0.02000314	0.10526872	0.16160872	0.24759878	0.17930532	-0.02527248	0.10283009	0.18711599	0.12459636	0.32076115	0.24051193	0.09276807	0.17368627	0.26728502	0.21397822	0.21758723	0.06078468	0.15020058	0.34473709	0.22298861	0.07037273	0.19043828	0.16169579	0.37424001	0.28579384	0.11971732	0.20835320	0.04133514	0.00856273	0.14645692	0.20837140	0.27497677	0.11246436	0.17051477	0.19790697	0.03771007	0.22833501	0.30266391	0.22983587	0.33041037	0.21374059	0.27649809	0.27655183	0.27175980	0.26894869
17Networks_LH_TempPar_4	0.23038397	0.12221753	-0.06770853	0.01815004	0.12160202	0.29056988	0.23537450	0.28948635	0.33677902	0.18216767	0.19605322	0.14162725	0.19710631	0.13065829	0.16706282	0.13958443	-0.03991545	0.19124324	0.14324451	0.31767931	0.03008646	0.20458915	0.17317004	0.06499875	0.26032173	0.11088212	0.10118796	-0.05011272	0.14865047	0.19342220	0.17621084	0.27767085	0.09970590	0.14343926	0.02122639	0.30213657	0.15362083	0.06362461	0.15957966	0.33542455	0.21670562	0.08515545	0.09704139	0.08194463	0.32281585	0.22517235	0.31675542	0.23147032	0.04896160	0.21149604	0.26940397	0.29235888	0.29800916	0.25228020	0.06299007	-0.05385535	0.12561665	0.04657676	0.17177189	0.16008168	0.16270925	0.13191696	0.19230444	0.17022862	-0.03993885	0.05879090	0.06014522	0.01066435	0.32288798	0.15716401	0.12872617	0.12034260	0.11337973	0.04384033	0.04252825	0.05190517	0.15488623	0.12876763	0.10801785	0.10149999	0.08942972	0.19763658	0.09944898	0.18243116	0.32097499	0.32154483	0.26484335	0.34220979	0.24012059	0.32236615	0.33590294	0.28332849	0.31472053	0.42279344	0.19860084	0.21364619	0.09584249	0.37020458	0.27507104	0.17504734	0.24673213	0.19608800	0.13493839	0.14256065	0.42056042	0.23468890	-0.04145287	0.20548566	0.04128133	0.03120870	0.05454516	0.03202584	0.16945834	0.09958468	0.09468862	0.10611920	0.11835297	-0.03557526	0.00906567	0.05977575	0.27109558	-0.04367702	0.35585874	0.14857712	0.29388655	0.15817011	0.12022541	0.32637702	0.07961172	0.29149878	0.13974963	0.18631847	0.27323591	0.06430686	0.25801194	0.06332215	0.28981625	0.21656242	-0.12001590	0.24829987	0.07085859	0.13481574	0.15532418	-0.14804723	0.05455761	-0.18860333	0.00556639	0.07309088	0.00037477	-0.07621896	-0.09396345	0.14839738	-0.10491692	-0.30615446	-0.34430321	-0.03932719	0.11224331	0.13672899	-0.20558571	-0.11485333	-0.10920478	-0.07096109	0.02891139	0.02755843	0.03047163	0.02902633	0.09320904	0.15026350	0.04558649	-0.03404549	0.30844892	0.18376435	0.04751658	-0.02274963	0.10019993	-0.00012206	0.16089073	-0.02796539	-0.07053241	0.04827722	-0.04100420	0.08906985	0.15515868	0.07088676	0.07596956	0.18902117	0.32441693	-0.06120959	0.08743026	-0.19935358	-0.19640146	-0.07065140	0.01576163	0.08794032	0.21147902	0.16243149	0.30462850	0.94776029	0.33963231	0.40898925	0.17253617	0.07359438	0.16275816	0.05456480	0.10789471	-0.00694570	0.14961247	0.23397378	0.28607288	0.29931076	0.05640148	0.10489554	0.14121132	0.00724334	0.22954807	0.16373936	0.07936079	-0.06533679	0.16052546	0.17282935	0.05745345	0.06797642	0.09836174	0.17844884	0.09248914	0.29241934	0.03745002	0.26604705	0.11693112	0.01800833	0.19017107	0.28868676	0.13124598	0.21515952	0.33892995	0.15673711	0.04334449	0.19136318	0.18537969	0.10625402	0.17286817	-0.02133342	0.17703823	0.13085908	0.34973229	0.37116241	0.17293737	0.24145303	0.21771044	0.03760302	0.24739007	0.28353381	0.26989839	0.16081031	0.28933755	0.12405859	0.14109457	0.20815760	0.17232053	0.05890119	0.03024775	0.35911910	0.13099057	0.03212599	0.18162361	0.13705814	0.16235616	0.15531829	0.09335247	0.37737606	0.25803324	0.13549928	0.33607236	0.18032228	0.14269260	0.17446175	0.09357381	0.26658960	0.06628635	0.18015743	0.23833063	0.25160791	0.32379519	0.23248259	0.35742315	0.25473590	0.32135265	0.41917441	0.20156805	0.16525009	0.38305795	0.33325288	0.14770019	0.36528182	0.38685848	0.34563810	0.21335186	0.12298608	0.05372518	0.17898582	0.10241798	0.23470313	0.04295917	0.39514719	0.29273665	0.11988242	0.15796621	-0.03501701	0.13026329	0.36628825	0.08871026	0.35330837	-0.09649638	-0.03611038	-0.05607017	-0.08604593	0.04342136	-0.05752521	-0.02956833	0.16491776	-0.13840499	0.01547639	-0.00235112	-0.09058562	-0.02687069	0.12436896	0.20668714	0.31533318	-0.29711607	0.09405188	0.23489781	-0.00204566	0.31925338	0.18700001	0.15381342	0.14510260	0.16108623	0.23492199	0.15132709	0.33667943	0.21492020	0.03149044	-0.02657243	0.01426742	-0.10891691	-0.00388492	-0.05085162	0.23095925	0.14079792	0.06436729	-0.18423850	0.01858444	-0.41355702	-0.03979083	-0.09516473	-0.16304365	0.05301322	-0.09321408	-0.06641055	-0.02555300	-0.07072619	-0.35364439	-0.37188258	-0.39546704	-0.06847999	0.17484199	-0.27098659	-0.16261910	0.06763928	-0.11875954	-0.14369586	0.05641158	0.08912218	0.09633819	0.27083991	-0.13303137	0.03016827	0.03054793	0.07347565	-0.05296580	0.04865044	-0.10694449	0.17365879	0.28692043	-0.25777398	-0.22878945	-0.02148379	-0.30534321	0.01021994	0.06643589	-0.03312425	-0.14991338	-0.19089155	0.12986675	0.10315053	0.27198503	0.33772436	0.37433812	0.12877778	0.33608311	0.05800499	0.10900531	0.18502056	0.15425094	0.19055661	0.08174569	0.28810619	0.15119266	0.08111428	-0.04158064	0.18033248	0.05822003	0.32406196	0.33999158	0.04759538	0.25154660	-0.01600409	0.06321187	0.02405443	0.12392712	0.10778385	0.12162955	0.17838625	0.05555879	-0.09986506	-0.10395989	0.04339598	0.06635063	0.33117923	0.23207725	0.15829970	0.15415540	0.14376930	0.14622776	0.06648298	0.02084579	0.14037611	0.14767209	0.14719897	0.11211628	0.18518449	-0.00755949	0.18444666	0.09021995	-0.05252702	0.04930513	-0.00449319	0.01388082	0.15827281	0.07760069	0.08696337	0.12896871	0.07660017	0.01953758	0.02734523	0.17309015	0.29609844	0.02630931	0.20000094	0.11056622	0.09587343	0.13222155	0.11552951	0.08170856
17Networks_LH_TempPar_5	0.18882625	-0.00053331	0.01718064	-0.08434636	0.05947718	0.06737526	0.00928722	0.15834108	0.10814336	0.12778564	0.08778409	0.12796483	-0.09757043	0.14520474	0.06934202	0.01461994	-0.00416747	0.07680282	0.12121100	0.13122988	0.14696988	0.19392306	0.13927869	0.06067146	0.00451819	0.02025037	0.02975294	-0.03481253	-0.05395174	0.01476301	-0.04960083	0.02378837	-0.06018775	-0.08188053	-0.09074725	0.05348257	0.05671912	-0.04057478	0.01921461	0.03333291	0.00519595	-0.04555114	-0.13026870	0.01461646	0.06606934	0.13995175	0.22329262	0.19122749	0.14527415	0.14770314	0.10498215	0.01376195	0.11170284	0.06371606	0.03054998	-0.00861287	0.07600371	0.00387250	0.10306896	0.05912481	-0.04809971	0.08831763	-0.08521786	0.33483045	0.16500215	0.04810941	0.18352867	0.09246841	0.35260276	0.32683617	0.11666939	0.17497903	0.01539693	-0.06938736	0.10555336	-0.13153527	0.04158339	-0.05981199	0.09724449	-0.01963435	0.09949686	0.05491246	0.15707101	0.04873198	0.13332396	0.12711716	0.21195975	0.17419304	0.14201758	0.05670892	0.16170140	0.05484278	0.11428819	0.29958397	0.05354140	0.12836682	0.08286561	0.08158112	0.03254235	-0.11507435	0.20449722	0.15284782	0.30367861	0.20922597	0.28855311	0.32973014	0.05860952	0.19773891	0.02699896	-0.06932280	-0.08722924	-0.11822924	-0.01735149	0.02719782	0.01071559	0.07290354	0.00687333	0.01160428	-0.17447924	-0.03585991	0.42177877	0.08778892	0.48967725	0.30149145	0.43971052	0.24418469	0.19925753	0.40505209	0.28067130	0.27054475	0.17351040	0.19847164	0.12936851	0.12983544	0.15820702	0.09236149	0.35480071	0.51424132	0.06976738	0.29107408	0.14030944	0.18383243	0.05803055	-0.22196462	0.03268861	0.03667895	0.00601881	0.03326341	-0.01330329	-0.11306618	-0.08442317	0.20324639	0.05305058	-0.27163406	-0.36805227	-0.04798725	0.05389563	-0.01039192	-0.18823643	-0.13888369	-0.22256727	-0.24683127	-0.11939935	-0.19818771	0.04590220	-0.04771478	-0.11633890	0.00427464	-0.07953628	-0.13715317	0.29698297	0.10022879	0.14707745	-0.03449233	-0.08864678	0.04540415	0.14451072	0.01548411	0.07997149	0.00858928	0.05759448	0.19355884	-0.08193762	0.05169439	-0.07680527	0.05474465	0.32695926	-0.03798489	-0.16130961	-0.34113193	-0.28058590	-0.15956374	-0.09674171	-0.04836498	0.11088704	0.01876410	0.07829538	0.33963231	1.09843432	0.29378549	0.03356185	0.16800868	0.13554356	-0.04094050	0.03977768	0.08156669	-0.01368733	-0.03616021	0.18355218	0.07867555	0.03806391	0.11577289	-0.12489680	-0.15422966	0.06925124	0.04278578	-0.03329882	0.08623954	0.13314068	0.16493282	0.06877827	0.00958406	-0.02809371	-0.02748854	-0.08567522	0.03148482	-0.06095984	-0.04448908	-0.10895670	-0.23442758	0.00399102	0.17402540	-0.07676769	0.04073069	0.03119526	-0.01196651	-0.01327130	-0.03596669	-0.02532947	-0.06774218	0.00523628	-0.07965969	0.01203860	-0.06802426	0.12250617	0.14538339	0.15543284	0.14858653	-0.08828642	-0.03549742	0.11919442	0.11195496	0.02023985	-0.03920160	-0.02853194	-0.02482646	0.06139610	0.00326934	-0.13303576	0.04401393	-0.07514255	0.20364102	0.33241542	0.20761342	0.08028628	0.21331919	0.07521533	0.23504264	0.05209778	0.25199148	0.00134167	0.03208026	0.44892071	-0.01899579	-0.11499863	0.05084046	-0.05786715	0.08437394	0.02838341	-0.12576363	0.02276183	0.11207965	0.24064931	0.10014593	0.08148055	0.04301258	0.01782277	0.18809888	0.04807918	0.12319624	0.11514331	0.14763333	-0.05783223	0.16392062	0.26937865	0.01402579	-0.05316542	0.00621710	-0.10746060	0.15098172	0.05490531	-0.08377194	-0.06610098	0.17721545	0.42190398	0.36655800	0.05967261	-0.08945264	0.25481457	0.24317808	0.03298749	0.28686603	-0.11608058	-0.22973164	-0.19519873	-0.00628288	-0.17990797	-0.11836599	-0.07845836	0.03107376	-0.14445170	-0.00364123	-0.04876573	0.01708670	0.09835957	0.00819044	0.38675872	0.29221633	-0.16696135	0.10391405	0.16220392	0.01752473	0.24879823	0.22477911	0.10833854	0.20848137	0.12403368	0.23944381	0.26998540	0.20566028	0.38190388	0.09189978	-0.06871154	0.01684058	0.10313016	-0.06702421	-0.09090790	0.29991506	0.06741797	-0.00179080	-0.17417102	-0.09497914	-0.39548400	-0.16701424	0.04547178	-0.26895046	-0.01660821	-0.15689960	-0.11951557	0.10912099	-0.01319457	-0.28658620	-0.49625553	-0.44166365	-0.22659540	0.02198013	-0.35857343	-0.30075315	-0.01001440	-0.27586750	-0.27104775	0.00098237	-0.05889124	-0.10800503	0.19666897	-0.28686984	-0.12458447	-0.01649765	-0.00542858	-0.05194602	-0.06431850	-0.24109317	0.02512878	0.18066244	-0.23090324	-0.17138622	-0.20136482	-0.41266558	0.05434888	-0.02560987	-0.07719053	-0.37688815	-0.23807913	-0.16189492	-0.05148924	0.27413565	0.09285080	0.10413968	-0.02993005	0.10698342	-0.09725634	-0.08199216	0.18466235	0.02299217	0.11147103	0.06507509	0.09278885	0.10032882	-0.05409083	0.04818740	0.08774785	0.04722592	0.17544777	0.29013700	0.00188699	0.08039776	-0.13058134	-0.09048758	0.05214081	-0.11625253	0.01967798	0.07543121	0.10050251	0.01979229	-0.00530853	0.01168340	0.00668408	0.10542584	0.20022452	0.25012292	0.02281698	-0.00886123	0.00140448	0.06892701	-0.00653500	-0.00095089	0.10344393	0.04032201	0.15575167	0.08097414	0.15409617	-0.03012134	0.12174287	0.07968966	-0.01336477	-0.03582063	0.09168130	-0.11667492	0.06787805	0.01764854	-0.06662338	0.05264902	0.13734536	-0.10110675	-0.08782343	0.10915042	0.16837105	0.01508972	0.14851561	0.04958102	0.00229346	0.03556570	0.13429412	0.02940365
17Networks_LH_TempPar_6	0.24258388	0.23696327	0.04557916	0.23311758	0.27803949	0.30320597	0.34424719	0.38748790	0.39110336	0.24913808	0.19014852	0.21129429	0.34589381	0.18353518	0.24412202	0.17160491	0.09701518	0.20029214	0.09864370	0.21186902	0.01083711	0.19294962	0.15363921	0.08370455	0.31453967	0.12978224	0.16233294	-0.01881327	0.28046962	0.22374658	0.15906598	0.27218315	0.17421384	0.19316825	0.05712467	0.28617002	0.09033422	0.00532092	0.11684988	0.36526114	0.22177192	0.09999340	0.11759550	-0.00476849	0.39708225	0.30809446	0.39576543	0.37564839	0.07912697	0.27306182	0.25659017	0.34029083	0.42644749	0.33992134	0.00752370	-0.10417051	0.02156751	0.00587720	0.09962327	0.18517694	0.26917761	0.24362517	0.28655245	0.28352885	-0.04310980	0.04448967	-0.05332297	0.11139925	0.23307316	0.11722593	0.10794339	0.16274612	0.16418334	0.18299146	0.14298018	0.17077449	0.18454705	0.11600423	0.14385484	0.17244995	0.14208750	0.17335178	0.04204546	0.18691160	0.23452616	0.53732006	0.45873235	0.44974333	0.33106377	0.36642910	0.39025550	0.33945537	0.42034223	0.37472862	0.29170817	0.39105677	0.13493835	0.42206307	0.26298503	0.21787178	0.27680271	0.28972087	0.12227904	0.15191900	0.33288831	0.10196004	0.09949524	0.18166238	0.06815720	0.09753803	0.03371996	0.08026230	0.03610214	-0.06330410	0.06942027	0.10565207	0.00356240	0.03051051	0.01622219	0.10154086	0.10848272	-0.15361191	0.34057339	0.02012490	0.20829501	0.14894564	0.14639141	0.29540996	0.17068029	0.20679604	0.04120189	0.16058750	0.29200586	0.10249300	0.15498128	-0.01042067	0.17408229	0.04560546	-0.15088535	0.18904179	0.05794152	0.14329604	0.17896940	-0.21871155	-0.01042317	-0.08466752	-0.02928292	0.01257987	0.02588456	-0.03412312	-0.07393796	0.15383741	-0.14138063	-0.11142215	-0.18656084	-0.05843170	0.03410728	0.23360051	-0.18427293	-0.01427178	-0.01997682	0.03634397	0.12191037	0.14160859	0.07415233	0.12172045	0.09462886	-0.04953561	0.08248701	0.07112279	0.26478713	0.17832231	0.21309931	0.09585845	0.16971299	0.11438399	0.25044485	0.00480851	-0.03740735	0.13351516	-0.04837395	0.05054333	0.36265713	0.21516573	0.21234995	0.34277196	0.25041543	-0.01467360	0.16797151	-0.03654755	-0.02515697	0.04864658	0.12081241	0.11185442	0.27023755	0.30084397	0.31655088	0.40898925	0.29378549	1.05307064	0.21697000	0.09161902	0.20147807	0.08754205	0.13857509	0.01204098	0.19142088	0.29122192	0.32746153	0.32688414	0.14994461	0.16617757	0.18571005	0.04431191	0.18018845	0.20666639	0.05444411	0.03768186	0.21412835	0.16082519	0.07370447	0.07044098	0.06657222	0.01738600	0.05976416	0.26777399	-0.05831972	0.26202147	0.11636713	0.02605423	0.15724492	0.21359546	0.10350550	0.15673142	0.22440594	0.17278085	-0.02146572	0.12908440	0.26207423	0.06403294	0.14619374	0.08832691	0.18724751	0.19142308	0.17285222	0.22665830	0.13152386	0.29209773	0.29558120	0.10666315	0.35403479	0.20751296	0.25150062	0.15821038	0.34132950	0.11889246	0.04243368	0.10420511	0.25978135	0.09029726	0.05256015	0.25603654	0.03731521	0.03476069	0.20720782	0.08239025	0.18676903	0.16473031	0.07954317	0.28181103	0.25203329	0.13523234	0.06637212	0.02177492	0.08720809	0.04386419	0.11921631	0.24411507	0.18531524	0.22625549	0.30471398	0.17421169	0.14265395	0.22759942	0.50945124	0.35161526	0.36780845	0.38315605	0.25187433	0.21702550	0.32483666	0.27720444	0.21864680	0.36316312	0.24696756	0.37696045	0.13437647	0.20409098	0.18853393	0.35502069	0.23203977	0.38935057	0.09874102	0.42976889	0.18659304	0.04269741	0.24616180	0.12161169	0.07570899	0.33449169	0.09547062	0.22347842	0.05741802	0.04312447	-0.02528064	-0.01422551	0.08787750	-0.13580466	-0.01124709	-0.01893094	0.09646657	0.05046053	0.08679486	0.00336536	-0.07527608	0.04461196	0.02502485	0.12463983	-0.33189099	-0.00343042	0.16720762	0.00493312	0.19876779	0.04504468	0.11860399	0.07317688	0.09446232	0.11959271	0.02460804	0.35745729	0.09324346	-0.05589640	0.01080194	-0.07209914	-0.13525290	0.02607851	-0.07822979	0.25338086	0.10024950	0.17527499	-0.19915470	0.03325742	-0.30461400	-0.00095351	-0.12180337	-0.14810254	-0.08676055	-0.06438971	-0.08511559	-0.03629061	-0.05443391	-0.26027665	-0.23751423	-0.27269568	-0.07567916	0.16833729	-0.13611550	-0.09416189	-0.04828310	-0.02569193	0.03666177	0.10538626	0.17759005	0.02716883	0.19726829	-0.02446629	0.18879776	-0.02129651	0.09858972	0.02341398	0.16178773	0.12167049	0.33024696	0.27538599	-0.15236715	-0.20732741	0.09182524	-0.16601325	0.00551510	0.13910322	0.04434300	-0.04601490	-0.04675523	0.19853134	-0.00865899	0.15076645	0.47892155	0.49834004	0.05330285	0.38525099	0.04538027	0.07436119	0.15776564	0.10945529	0.27802301	0.10484502	0.18445097	0.19728522	-0.00074823	-0.13934613	0.04820555	-0.01926645	0.26729876	0.25702547	-0.01599670	0.19436910	-0.01175938	-0.06402676	0.11701673	0.21562414	0.10445912	-0.00132473	0.13889554	0.08741688	0.01694019	-0.10220344	0.07011464	0.11528972	0.19762651	0.07433305	0.08410522	0.12825817	0.16424006	0.13085978	0.19451889	0.02933051	0.19365598	0.23114030	0.25214553	0.16567850	0.15410944	-0.01246069	0.26623023	0.16658229	0.14641335	0.13932264	0.03045717	-0.07212116	0.20607293	0.12082890	0.14097093	0.12864263	0.12636080	0.20393814	0.08177756	0.23626162	0.20722400	0.11599331	0.15111403	0.03680191	0.15158867	0.29397251	0.19533329	0.09690236
17Networks_RH_VisCent_ExStr_1	0.52338255	0.36727031	0.29875725	0.43443892	0.20755333	0.27795124	0.32072406	0.22788989	0.27980686	0.16086489	0.15684939	0.19618647	0.15504023	0.18524660	0.37166326	0.20770819	-0.03718018	0.07566862	0.07884508	0.07242315	0.05444084	0.13563279	0.20180684	0.17975295	0.21964273	0.20210060	0.10461659	-0.06791049	0.25817424	0.16872527	0.22775542	0.23401688	0.37115626	0.41300973	0.18124486	0.31062419	0.17291601	0.28287390	0.37732886	0.38680864	0.28033653	0.20456282	0.25796645	-0.02477685	0.19845243	0.06144686	0.09058098	0.05679818	-0.11089689	-0.08512861	0.08071362	0.20002376	0.26848027	0.33515600	0.00892312	-0.18076509	0.01382836	-0.01866247	0.12670106	0.37759734	0.35015216	0.55790706	0.45045304	0.24491605	0.05485975	0.11755978	0.07951559	-0.01376109	0.08167037	0.16686424	0.08983288	0.17207991	0.13086327	0.28837801	0.27619990	0.27578906	0.21781128	0.14570197	0.02831291	0.17457303	0.20145748	0.25390427	0.27735738	0.14645237	0.22438470	0.20162589	0.00947240	0.14445263	0.04882114	-0.05202976	-0.00265645	0.00279502	0.13406436	0.11535981	0.09160728	0.14186381	0.13891191	0.37383236	0.22334386	0.28906466	0.18662060	0.25863111	0.10862500	-0.08792445	0.09289300	-0.06023919	0.03652793	0.22796145	0.22511927	-0.00846694	0.04323445	0.23792291	0.38443629	0.07552369	0.07074508	0.12000003	0.11534635	0.00530974	0.03146653	-0.07059197	0.09718522	0.05006567	0.12501588	0.09561103	0.14084417	0.02198481	0.22914935	0.08425244	0.00799595	0.17951639	0.15559549	0.16537445	0.16442108	0.30345531	0.27439958	0.16531435	0.09263496	0.07369533	0.19695652	0.18540474	0.21629943	0.18099339	0.18166164	0.06347266	0.05611236	-0.01378944	0.16008796	-0.00953123	0.17816913	0.27511821	0.24547852	0.21422192	0.18686031	0.22869200	0.13437141	0.23228224	0.25722368	0.41939434	0.19524474	0.25115991	0.28323208	0.16715212	0.15273314	0.15435060	0.31676409	0.13411775	-0.00517799	0.20287378	0.38550819	0.31074368	0.26438798	0.17330306	0.25491170	0.05176053	0.35662760	0.30290068	0.30601978	-0.05804464	0.09791033	0.13241904	0.04283020	0.22365504	0.20640592	0.09195474	0.26125381	0.16244741	0.13258775	0.25128091	0.24955833	0.18913655	0.15730158	0.12639268	0.11264061	0.06394166	-0.00058425	0.06565201	0.18310079	0.17253617	0.03356185	0.21697000	1.00246352	0.25748343	0.46729899	0.34467121	0.14847377	0.15969145	0.44910002	0.34900678	0.24245417	0.22816859	0.26056353	0.16725571	0.24143450	0.22764151	0.39386810	0.10363628	0.11614469	0.00422900	0.03838574	0.01337477	0.09638810	-0.02344962	0.09592623	0.12282067	0.15581351	0.19840292	0.07320773	0.18377599	0.25352880	0.22679965	0.28770744	0.36610849	0.28739297	0.18620320	0.35771286	0.27989356	0.04856473	0.38627719	0.29388078	-0.00436805	0.38338862	0.12808542	0.42555887	0.16776660	0.07990902	-0.05897842	-0.10669321	-0.12539468	0.13651127	-0.02977087	0.09403036	-0.02096253	0.12915903	-0.03651585	0.12294241	-0.06210489	0.05215699	0.03935492	0.43693807	0.51878109	0.50828828	0.31017831	0.12573527	0.25454624	0.26974954	0.06373076	0.08893846	0.17403321	0.12196199	0.16833092	0.26263269	0.16259518	0.25101958	0.03595490	0.25324127	0.31336793	0.14995800	0.25576158	0.14793498	0.22298113	0.37347022	0.47037528	0.23709044	0.14412694	0.08327621	0.13156524	0.04302301	0.25324878	0.02873827	-0.02073965	0.10662139	0.01446876	-0.14982088	0.16137736	0.03319279	0.31754560	0.05046928	0.17938629	0.08780452	0.15736728	0.13201370	0.49237495	0.12794645	0.10881661	-0.03505198	0.00518876	0.24160474	0.12468340	-0.11944921	-0.08505749	0.05428640	0.07633675	0.08573787	0.08177757	0.06356998	-0.17609542	0.22800015	0.20898736	0.09738691	0.18479111	-0.07093772	0.12475028	0.06210941	0.19463923	0.13012655	0.27765846	0.11503127	0.17654256	-0.01023092	0.06949008	0.09635199	-0.02646939	0.12958590	0.08981862	0.16292666	0.31672175	0.30072700	0.04666052	0.09870678	0.26470935	0.00931444	0.06540582	-0.00664056	0.29445583	0.03173446	0.03354788	-0.04224561	0.08878887	0.27669879	0.04546179	-0.05582033	0.08527324	0.16844432	0.16762550	-0.00938998	0.15918922	-0.04169381	0.25780172	0.15636432	0.14224263	0.16746119	0.06480837	0.10417128	0.07896060	0.14575975	0.38761616	0.13597295	0.17508717	0.19398660	0.14433092	0.24645958	0.15591363	0.17135295	0.33670067	0.16046993	-0.00431511	0.23507793	0.19747986	0.26128113	0.15093599	0.33514464	0.12467336	0.18957703	0.04692885	0.26699863	0.19372233	0.19305418	0.14928064	-0.07093264	0.30391406	-0.11347814	0.20496607	0.00950949	0.24146935	-0.00129956	0.03804410	0.18827874	0.18318358	0.17041414	0.05838253	0.16613965	0.09414528	0.08750516	0.10892328	0.30175613	-0.02446477	-0.00178789	0.27756315	0.00991553	-0.32081658	0.09539643	-0.01716534	0.01857107	0.05701505	-0.10172985	0.26164716	0.13089055	0.18498656	0.08652698	0.27068229	0.26411021	-0.15463855	0.01034498	0.21288353	-0.01317446	-0.17761542	0.01846252	0.12173226	0.02227430	-0.11747517	-0.02958049	0.15260288	0.29253229	0.24783676	0.23608842	0.04779958	-0.03637181	0.26544642	0.16124709	-0.10586447	0.23411272	0.21477515	0.26430876	0.25095487	0.23067340	0.11833318	0.06230355	0.21796094	0.35495887	0.26393452	0.23369311	0.18861854	0.15765355	0.23160573	0.02829312	0.16876149	0.34118859	0.33713168	0.43539620	0.31759631	0.35559722	0.41740956	0.36117706	0.26926619
17Networks_RH_VisCent_ExStr_2	0.27843497	0.07678986	0.37815357	0.26558906	0.18711783	0.13285687	0.16982685	0.06232638	0.08502515	0.09109142	-0.11511007	-0.05399655	0.02633147	0.01160534	0.26079108	-0.06677702	-0.10253708	0.07713429	0.04289513	-0.10822282	-0.00464844	-0.01023089	0.06790573	0.07949521	0.06723955	-0.00410426	-0.04945425	-0.23401076	0.01160079	0.07073205	-0.06731478	0.01324447	0.10689469	0.04059289	-0.11882202	0.04584562	-0.10648125	0.13722321	0.27359041	0.09554176	0.03016401	-0.04317654	0.08189086	-0.03320670	-0.04769766	0.07328440	-0.16477417	0.03024138	-0.06568422	-0.10417815	-0.09751153	-0.04576858	-0.06337143	-0.01197115	-0.03237152	-0.18644696	0.03727322	-0.18508589	0.02675892	0.24407111	-0.05926242	0.56696555	0.07000349	0.09337052	0.14442861	0.05639926	0.05643744	0.15408656	0.16485985	0.19775847	0.00310544	0.14322214	0.03448588	-0.00448670	0.29649583	0.07531608	0.09929999	-0.07144018	-0.06594562	0.05183174	0.03572136	0.34127123	0.30806014	0.26004632	0.23643157	0.04807153	0.12148726	0.00585552	-0.10479896	-0.05142608	-0.04196631	-0.04956998	-0.07549643	0.09887212	0.03261023	0.15033028	0.01674141	0.27179331	0.17674705	0.14465389	0.17041859	0.10123344	0.21789535	-0.12047462	0.00329187	0.13458379	0.15528099	0.33611710	0.20808953	-0.05786946	0.16309986	0.09305896	0.32670596	0.09773251	0.01081321	-0.00844032	0.11324198	0.03336816	-0.12884929	0.12953542	0.01561914	0.24843619	0.15144716	0.30012372	0.27194227	0.09894687	0.29745579	0.08747159	-0.08293093	0.06516851	0.32326317	0.34422845	0.12177848	0.45410761	0.20717018	0.32702488	0.32061216	0.13926287	0.39231942	0.37584019	0.39075100	0.31916426	0.18186130	0.09274427	-0.02026045	0.15081729	0.14202688	0.15516454	0.28742407	0.32063480	0.31985872	0.29721309	0.29219594	0.23341088	0.18566354	0.29560475	0.32522844	0.40560549	0.31575518	0.25427982	0.19963387	0.22759797	0.15434849	0.11253463	0.41684908	0.17591004	-0.06189791	0.11055776	0.27253075	0.13136048	0.42140609	0.19752670	0.16498760	0.21896145	0.27233296	0.25467940	0.26768799	-0.17402516	0.16119223	0.21008940	0.05929954	0.45273260	-0.01037050	0.01588265	0.22661703	0.14650909	0.19492170	0.29914892	0.00115369	0.09988661	0.04697963	0.00941096	-0.07169916	-0.00957038	-0.16905364	0.06828962	0.07357595	0.07359438	0.16800868	0.09161902	0.25748343	0.97084404	0.37393842	0.42625039	0.28998107	0.48389841	0.38818563	0.06637196	0.13365719	0.05213142	0.02265516	0.04143951	-0.01374081	-0.05639021	0.11481436	0.12239288	-0.15674217	0.21991355	0.01377804	-0.04614760	0.10758596	0.03821062	0.01024833	-0.09507648	-0.02368752	0.04473267	-0.02311754	-0.06433606	0.05887179	-0.10819749	-0.03457554	0.12176315	0.00810620	-0.06543374	0.02316474	-0.07931059	-0.13482076	0.07986245	0.01365723	-0.14639086	0.09747412	-0.08315948	0.21849445	-0.06146580	-0.03804892	-0.22061022	-0.06628389	-0.08568625	0.05290486	-0.00991358	0.06034354	-0.12811068	-0.03043034	0.01427872	-0.03850202	-0.03259157	0.02059143	-0.05388202	0.06754686	0.35495701	0.17474107	0.02849921	0.08742169	0.29312275	0.14368795	0.04255124	0.05856314	0.04549984	0.01708448	0.07504717	-0.02041798	0.01973623	0.23199173	-0.08437771	-0.00684887	0.06443023	-0.05791531	0.00735849	-0.03545270	-0.07504219	0.10203434	0.29586528	0.09381199	-0.01530176	-0.06087133	-0.01203932	-0.11457447	0.12018921	-0.02524467	-0.14182402	-0.08200761	-0.13434880	-0.20405274	0.10197612	-0.06933303	0.16883718	-0.06922615	0.09409408	-0.15367609	0.04944508	-0.09129085	0.15585520	0.09339338	-0.03360086	0.00397874	0.05615112	0.21488519	0.09888684	-0.03215698	-0.19180969	0.05139569	0.10870961	0.06693261	-0.18885026	0.08932342	0.00050558	-0.05275719	0.14965025	0.03604947	0.04802750	-0.09170554	0.00416462	-0.07088745	-0.04837414	0.05972604	0.04721256	-0.00753001	0.08676095	-0.03537817	0.12993282	-0.00311668	0.08238545	-0.03252198	0.14480644	0.11934503	0.17837571	0.16574947	-0.01668050	0.13345226	0.10096448	0.10409381	0.03694158	0.06288499	0.24791617	0.04386551	0.04887236	0.06460891	0.09849722	0.25315468	0.02372905	-0.06397950	0.01165928	0.13186016	0.12458199	0.00155421	0.12005118	0.02631714	0.20328416	0.06815738	0.22851221	0.17346332	-0.03494343	0.08722402	0.05131090	0.10851772	0.35037030	0.18830914	0.21683330	0.17803192	0.05759139	0.16683740	0.13390270	-0.05484540	0.11193501	0.05013912	0.01890534	0.18949409	0.13597291	0.14825002	-0.02148368	0.29049711	-0.19731991	-0.00722497	-0.00019201	0.10942569	0.17140956	0.22979650	0.03600648	0.11902937	0.01091184	0.02219670	-0.05157462	-0.13413383	0.00287970	-0.06993186	-0.15127588	-0.11013039	-0.12763584	0.02500764	-0.07360661	-0.11058930	-0.02146433	0.00454422	-0.08916949	0.27585965	0.01905550	0.18970574	0.15231591	-0.13583061	-0.05784717	-0.04806982	-0.21171605	0.00006291	0.04023554	-0.07437794	0.16624190	-0.03357476	-0.00744248	-0.00973226	-0.07990452	0.13639625	0.14904278	0.04404190	0.10359314	0.03407202	-0.04059385	-0.18163679	-0.13966829	-0.04340046	-0.00974340	-0.04151061	0.07004210	0.14809160	-0.02254020	-0.09484862	0.00164882	-0.04023915	0.01657929	0.02487561	0.08428552	0.14518368	0.04815458	0.01128707	0.08442164	0.13480051	-0.00086216	0.04886443	-0.06555750	0.28573638	0.04499095	-0.04809329	-0.10103578	0.05605756	-0.08766969	-0.10266784	0.15509607	0.19795625	0.25485473	0.33165010	0.33817578	0.16068482	0.27775603	0.37440528	0.26840858
17Networks_RH_VisCent_ExStr_3	0.48198758	0.48722813	0.40284277	0.46912318	0.25833791	0.29568163	0.41529510	0.19978806	0.33476335	0.24976692	0.33156362	0.31927352	0.17564911	0.25752204	0.52129763	0.21365981	0.04495099	0.27333559	0.31091628	0.16945115	0.28220709	0.29615236	0.28147190	0.31919185	0.29516687	0.31361575	0.23816639	0.00486979	0.38283677	0.14670481	0.17408162	0.27268963	0.39191029	0.37947483	0.20941260	0.30161779	0.13497571	0.35688212	0.45662938	0.38376148	0.27650968	0.20858295	0.22415249	0.10086743	0.21773821	0.28211051	-0.00210317	0.06383892	0.10609174	0.04539668	0.08924010	0.16127591	0.28533080	0.30613777	0.09530526	-0.07375663	0.15155903	0.16122678	0.26101645	0.33407715	0.14948760	0.55390728	0.39836640	0.26352832	0.05675928	0.08663004	0.20895112	0.18646553	0.12314747	0.21762116	0.23291043	0.29842023	0.08423499	0.26781595	0.30493430	0.33969809	0.14331344	0.12934667	0.14939550	0.27504086	0.26929250	0.50374537	0.44438792	0.34345695	0.33082430	0.22418728	0.15297071	0.04383880	-0.05592069	-0.06969109	-0.04050527	-0.02606983	0.16318436	0.16173773	0.22380723	0.12055865	0.30747781	0.48498759	0.39688680	0.26437116	0.18380569	0.31573246	0.21517251	-0.04757823	0.08543220	-0.07625820	0.02759911	0.41685805	0.24470591	-0.08069534	0.03716570	0.18116720	0.51933269	0.20204327	0.07988248	0.12216224	0.26681243	0.07219068	-0.10914221	-0.07386476	0.15394064	0.16845339	0.09955675	0.31909774	0.13032012	0.08925497	0.29456632	0.06147243	-0.07607785	0.15467188	0.29764463	0.32947008	0.16818439	0.28526840	0.18818316	0.33508035	0.16474394	0.06730356	0.38045516	0.20606926	0.40970074	0.33524033	0.41096448	0.15400422	0.12147158	0.21773475	0.24431195	0.11005197	0.37105613	0.46618426	0.42632769	0.35841037	0.32259694	0.39116071	0.28704908	0.29919526	0.35329950	0.43595961	0.33316145	0.45756451	0.42658742	0.25298123	0.33825414	0.23098988	0.48838583	0.26943822	0.06877668	0.28677446	0.41187984	0.23505061	0.36763213	0.13937607	0.29825189	0.25998700	0.51899377	0.40035974	0.42516802	0.07023023	0.18124528	0.37195521	0.20368304	0.43450725	0.16296431	0.02255191	0.34421806	0.20838339	0.17250024	0.33280128	0.21090805	0.27329879	0.26711530	0.10807596	0.00406258	-0.02187330	-0.11262587	0.10195197	0.28950227	0.16275816	0.13554356	0.20147807	0.46729899	0.37393842	1.04802056	0.23013102	0.23530741	0.40632909	0.47502992	0.51478329	0.38996826	0.36677377	0.45391396	0.38701730	0.29074145	0.06169442	0.39356930	0.31107675	-0.04558828	0.30521176	0.24501864	0.21361980	0.33849537	0.19494709	0.30180990	0.22865401	0.30657308	0.36390661	0.10570768	0.25286541	0.35222315	0.17253331	0.17074240	0.29285707	0.28145179	0.28170739	0.30814423	0.33384365	0.09905416	0.30501074	0.24561009	0.05045766	0.45189722	0.10027020	0.34450207	0.07914436	0.14404736	-0.03487803	0.01935104	-0.07174556	0.18835612	-0.07172428	0.09079398	0.03516124	0.21121977	-0.07756754	0.13182766	0.16201120	0.18032115	0.19420821	0.27541984	0.44007114	0.42313291	0.30027298	0.13848776	0.47444296	0.38691411	0.16761553	0.13211724	0.27886439	0.19674231	0.19031934	0.25630407	0.20272658	0.27812831	0.11355900	0.23176191	0.29597930	0.14737102	0.25144332	0.26148045	0.17744222	0.33125546	0.48499570	0.19575878	0.13804984	0.08384528	0.09841944	-0.08305369	0.30705775	0.03463968	-0.05729669	0.05579795	0.03583070	-0.10487745	0.18833235	0.05337112	0.43940572	0.10688348	0.25071220	0.13661637	0.24772041	-0.03726568	0.41083169	0.16652002	0.10698127	0.01321923	0.06093370	0.27971189	0.27158925	-0.00889894	-0.05828721	0.20338629	0.28371930	0.11256264	-0.07573160	0.03182957	-0.11856801	0.03410905	0.33510082	0.07785287	0.28360237	-0.07231211	0.18806212	-0.03898411	0.21998292	0.27130231	0.17876607	0.11472304	0.19477153	0.13981883	0.19381764	0.16801575	0.11150918	0.08855453	0.25835644	0.28485596	0.29030286	0.21223693	0.03450799	0.16011297	0.10486379	0.12501141	0.12540257	0.16321969	0.37344099	0.13694651	-0.02084357	-0.04767426	0.06096761	0.34308668	0.23974507	0.10622177	0.18645199	0.28370182	0.33198320	0.12226202	0.15050633	0.07720524	0.35460174	0.22165270	0.37112144	0.28554688	0.15873870	0.23685380	0.18826138	0.17375263	0.37711849	0.31772848	0.25238380	0.34967525	0.17857288	0.29674735	0.19094267	0.16199351	0.16435264	0.16307143	0.00957208	0.25859475	0.24319040	0.41817174	0.19670939	0.28616309	-0.08364063	0.14366466	0.06293625	0.42082703	0.35336073	0.26787125	0.24045182	0.07283285	0.23834124	-0.10572637	0.16401449	-0.00929997	0.19805535	0.04427468	0.00868812	0.19046327	0.16782507	0.15625967	0.01592404	0.03538723	0.03802109	0.03001955	-0.07755346	0.34573986	-0.04568093	0.11547004	0.32518274	-0.12892532	-0.19760864	0.08202824	-0.23278910	0.15884175	0.19913532	-0.00931595	0.27662913	0.04357340	0.17660874	0.02009460	-0.07020878	0.25709644	0.03008948	0.08457333	0.07170904	-0.00560595	-0.09894695	-0.01372340	0.11969010	0.11731958	0.09272686	0.00008361	0.13793179	0.30614775	0.16373326	0.16731851	0.00333635	0.04033868	0.22858325	0.17195922	0.04615677	0.28571917	0.17281947	0.29395462	0.27218183	0.23355398	0.23075682	0.12478867	0.05911283	0.41557888	0.31969495	0.19499961	0.10393132	0.27254627	0.21498384	-0.00955518	0.22501015	0.32931947	0.42091896	0.56545170	0.45618012	0.43112512	0.60533668	0.55432913	0.45558290
17Networks_RH_VisCent_ExStr_4	0.35265675	0.19320077	0.21857982	0.32757938	0.27295720	0.30269844	0.26710577	0.08060949	0.08390525	0.05890399	-0.13683687	-0.07584085	0.18505564	0.05181334	0.25318889	0.06508100	-0.01574418	0.04734643	0.01419409	-0.04114820	-0.08771756	-0.03596322	-0.01052951	-0.04854599	0.02606238	0.02257460	-0.09594870	-0.22763412	-0.01517766	-0.04265595	-0.06888241	-0.03609603	0.11167148	0.03145991	-0.06675049	0.05867297	-0.06637006	0.10449253	0.15854031	0.15009740	-0.00991573	-0.05044150	0.12729576	-0.13580269	0.04076145	0.03559296	-0.03466478	-0.00886940	-0.15045872	-0.14027779	-0.05578637	0.06539657	-0.00068355	0.06353626	-0.10816248	-0.23429501	-0.08700957	-0.21468880	-0.05773885	0.35110158	0.21226496	0.55231837	0.29414200	0.07707268	0.02675783	0.00382328	-0.01288063	0.01525363	-0.01151496	0.06150131	-0.07926000	-0.03964654	0.09960045	0.07248156	0.21391872	0.10164852	0.09064287	-0.09994978	-0.06278506	0.04694765	0.08690702	0.16690667	0.17906051	0.07754005	0.14367402	0.07686767	0.03121491	0.07334591	0.07681991	0.06316280	0.04134840	0.00898960	-0.06126978	0.02890612	-0.01767470	0.07700648	-0.08351417	0.22406974	0.14087502	0.16293899	0.18495377	0.17492742	0.12172245	-0.10496324	0.08955928	0.04764373	0.20019067	0.24057145	0.27063042	0.11272779	0.22043550	0.14664998	0.24352770	-0.02645350	0.05017991	0.03159355	0.06003605	0.06843665	0.10197232	0.21922823	-0.03489211	0.07524693	0.03715742	0.04619318	0.17455268	0.02584682	0.22358338	0.10830966	0.00756282	0.07106912	0.17990342	0.18332795	0.15230235	0.36099223	0.19368301	0.10934737	0.11676620	0.00175930	0.29287063	0.23079983	0.33689693	0.26702349	0.06383031	-0.02481183	-0.09128094	-0.02149279	0.09676842	0.00890679	0.13127439	0.23466472	0.30675734	0.16608211	0.22008631	0.17271400	0.11403110	0.19073363	0.23582560	0.39049182	0.21483921	0.13398796	0.23590416	0.23557194	0.21849391	0.24782612	0.33695573	0.16977078	0.11363786	0.05161125	0.28527392	0.13363367	0.15742894	0.15745646	0.17325134	0.10268552	0.28894148	0.25947872	0.28793270	-0.09643214	0.16541716	0.15554651	0.02553193	0.24258798	0.16663349	0.14386970	0.22871294	0.17945070	0.12884828	0.15308405	0.22602628	0.15555180	0.08775533	0.18213355	0.03527489	0.17443242	-0.02235747	0.08193771	-0.01326434	0.05456480	-0.04094050	0.08754205	0.34467121	0.42625039	0.23013102	0.86059520	0.31566120	0.18868386	0.52272570	0.08302800	0.01896152	0.05789851	0.04238840	-0.03332870	0.06774670	0.09526247	0.29570249	0.05780908	-0.00119281	0.06611931	-0.03682829	-0.13195630	0.07512483	-0.08507462	-0.00552026	-0.12914427	-0.06375016	-0.01937270	-0.08762340	-0.11739402	0.00527560	-0.07462963	0.04008131	0.04537775	-0.02583295	-0.14532595	0.00865137	-0.10156007	-0.09302995	0.08481981	0.01541289	-0.15416833	0.11741728	-0.05319892	0.10814714	0.13601982	-0.00104544	-0.14033862	-0.19693632	-0.06472573	0.13126072	-0.01933039	0.03857134	-0.14037780	-0.03910152	0.04744298	0.02097889	-0.15065734	-0.07993951	-0.07010586	0.17795017	0.34675046	0.20783999	0.00365479	-0.04094141	0.03321688	0.06973183	-0.01282827	-0.01439316	-0.00929764	-0.06582218	0.02865420	0.03367087	0.05197023	0.20624587	-0.13111391	-0.09722115	0.05253565	-0.07419176	-0.05638624	-0.02607860	0.01673804	0.06918435	0.23567024	0.05834410	-0.00933958	-0.08370225	-0.06790397	-0.15301157	0.05024131	-0.05989719	-0.04088558	0.02116493	-0.05706313	-0.13798563	0.08552580	0.01145412	0.13683445	-0.07470035	0.01742576	-0.11623233	-0.01095730	-0.07020023	0.22356296	0.14924058	-0.08702414	0.03083175	0.03000663	0.27078813	0.13414323	0.00087395	-0.15198943	0.11049788	0.02372639	0.14212624	0.18203651	0.13259478	0.03756173	0.18129313	0.09764278	0.12708449	-0.03225414	0.04174253	0.03091571	0.06207897	0.08189303	0.01551401	0.05086448	-0.06448149	-0.00971406	0.06273643	0.09937570	0.00028659	-0.00029108	-0.04743655	0.01091578	0.02831666	0.16032714	0.19077574	-0.03234605	0.01235489	0.07856451	-0.05978881	0.11441984	0.06008172	0.20774395	0.04082196	0.19313373	0.18610099	0.15896007	0.27642908	-0.08518392	-0.23564460	-0.09681401	0.15651696	0.06487888	-0.07442133	0.07425639	-0.06727038	0.13487925	0.09970047	0.08212137	0.13760775	0.10800768	0.11972992	0.03512629	0.14102278	0.37542929	0.14463388	0.20782009	0.21953411	0.24146704	0.22160089	0.19802659	0.13574397	0.15278550	-0.01273170	0.08772504	0.15852986	0.19596593	0.13700117	0.13491895	0.35960239	0.23186523	0.15679452	0.05900263	0.10083332	0.07094241	0.25501868	0.03116430	0.14839852	0.06187998	0.07669247	0.07377232	-0.01134280	0.03567704	-0.11343432	-0.18343055	-0.07060336	-0.11707329	0.02555984	-0.01598575	0.09887155	0.07885930	0.01497327	0.10755098	0.29085253	0.03573705	0.08373526	0.14202052	0.04991877	-0.01227894	-0.05529361	-0.05795457	0.01909348	-0.02479395	-0.00826941	0.14621534	0.13865933	0.02943906	0.12203056	0.25385801	0.19884348	0.02413686	-0.03538355	0.11368951	0.17891437	0.01116168	-0.15104064	0.00450967	-0.07375933	-0.15519777	0.02568187	-0.03388014	0.22645201	-0.00265323	-0.01944699	0.01875021	-0.01866909	-0.01224603	0.02044168	0.08173955	0.15908683	0.06617893	0.13398880	0.14436598	0.24347286	0.16447766	0.17286456	0.34924580	0.24751115	0.00233024	-0.01163452	0.07073879	0.04846470	-0.00007879	0.07007726	0.06251343	0.17187735	0.18332457	0.22486877	0.25056844	0.18047683	0.27448270	0.29788885	0.20244101
17Networks_RH_VisCent_ExStr_5	0.31557268	0.19033162	0.25335859	0.25558040	0.44151642	0.34111191	0.31691428	0.06837656	0.11074259	0.06946874	-0.07410061	0.02014627	0.25018930	0.21328471	0.34733911	0.04794500	0.11564380	0.12495657	0.09257403	0.11203533	0.08658286	0.05410874	0.01949867	0.07289087	-0.03531622	-0.00557296	-0.05203112	-0.06761198	0.01425228	-0.02816177	-0.11919852	-0.13104682	0.07460246	-0.02256824	-0.01562480	-0.00899279	-0.11943045	0.05445001	0.07920963	0.09099611	0.04830533	-0.03232516	0.04213303	-0.07735041	0.17957001	0.21536013	0.06196976	-0.00392972	-0.01836568	0.07868754	-0.01142301	0.08220638	-0.02386018	0.03699019	-0.05147485	-0.09119425	0.01652361	-0.03379801	0.03503569	0.15963142	0.21622853	0.36153917	0.32186180	0.11910454	0.05590235	0.10654006	0.16892276	0.10873918	0.00957351	0.11881088	0.03081633	-0.00051762	0.13089735	0.03956077	0.12260262	0.08322356	0.02226302	-0.11092185	0.02698569	0.08551629	0.10655213	0.26179724	0.12827027	0.14569492	0.08430143	0.13934047	0.20805317	0.03818876	0.20544975	0.19888515	0.06863008	-0.00644840	-0.03420417	0.08341527	0.09059092	-0.01229381	0.00642027	0.13241641	0.17358582	0.03683183	0.09909188	0.13832333	0.07735895	0.10595200	0.16181909	0.14336845	0.14607112	0.22673116	0.16569350	0.15595335	0.21298829	0.12103537	0.09219562	-0.01311168	0.12365836	0.07734256	0.06789390	0.19162988	0.13589636	0.26175094	0.10312952	0.18341943	0.00047606	0.18444145	0.18755400	0.10297959	0.16450794	0.14056993	0.02233015	0.09863384	0.23945100	0.27335160	0.11084342	0.22735454	0.25532127	0.13558013	0.19376957	0.03545769	0.22414780	0.24306745	0.28022588	0.20874314	0.06722408	-0.06493122	0.02259608	0.10238948	0.07177627	0.00656652	0.24922231	0.28497467	0.18622701	0.24106180	0.24551865	0.07767140	0.14286362	0.20347554	0.13934232	0.14409576	0.16406488	0.12912260	0.19887584	0.13766978	0.15946743	0.17278580	0.27893941	0.16410316	0.13390434	-0.00811305	0.15355301	0.08819097	0.20719758	0.13635248	0.16042560	0.21802528	0.23869155	0.27046523	0.26605057	-0.03157141	0.15744705	0.24145539	0.05748785	0.21167118	0.24385224	0.25868007	0.27475208	0.29464892	0.22963840	0.23356901	0.22236331	0.12841517	0.10663652	0.16926801	0.19186855	0.30608914	0.05048906	0.04281786	0.20427578	0.10789471	0.03977768	0.13857509	0.14847377	0.28998107	0.23530741	0.31566120	0.93838427	0.11755121	0.35512564	0.03730752	0.06871761	0.01058200	0.06039520	0.01495424	0.11798536	0.05704467	0.18612986	0.04944206	-0.05351797	0.17326356	0.07625126	0.00872251	0.11259505	0.11345380	0.10828133	-0.01385255	-0.04470602	0.05996522	-0.12371933	-0.01145246	0.06553737	-0.05599151	-0.01101251	-0.00715033	-0.05320639	-0.03728182	0.00056921	-0.03796180	-0.03890105	0.04690953	0.03500912	-0.09046234	0.14709937	0.02894515	0.03022087	0.22034657	0.07191133	-0.06415931	-0.08413630	0.01527326	0.06264343	-0.06874334	0.09200564	-0.03995350	0.03378163	0.00250876	0.03577712	0.05043827	0.02497081	0.00872869	0.11702883	0.18452210	-0.04897919	-0.04417506	-0.02923443	0.11695780	0.12300662	0.03621581	0.11129310	-0.06954732	0.06183658	-0.00417200	0.01520855	0.07317878	0.18062307	0.03805914	-0.05545106	0.08644475	-0.03926857	-0.07980603	0.09680220	0.03532565	0.04831659	0.10810684	-0.00749413	0.06983052	-0.01501067	0.03499316	-0.04502045	0.04559363	-0.02978629	0.03702259	0.09849456	0.09857534	-0.09375813	0.04896744	0.14946748	0.13647074	0.03054539	0.00224585	-0.08711668	0.06286304	-0.03637508	0.09644119	0.17532676	-0.02210696	0.05584582	0.14688780	0.24822343	0.15491642	0.06819664	-0.01834998	0.11373090	0.10578792	0.12041150	0.11865748	0.17437536	0.11785342	0.24058722	0.13062798	0.09045848	-0.05322119	0.12789795	0.09725046	0.05853041	0.11886283	0.08554077	0.01395898	0.00564394	0.01849868	0.04291759	0.12743623	0.01746963	0.12633799	0.00780292	0.02890196	0.07390281	0.13314288	0.38112761	0.06051399	0.10639861	0.00773143	-0.00645993	0.07431228	0.13667885	0.16819764	0.15740475	0.19626932	0.18602675	0.13615459	0.24282252	-0.01217741	-0.07298673	-0.05328760	0.08641863	0.07891511	0.02819951	-0.01085599	-0.04450374	0.12039811	0.13111570	0.21141205	0.17333747	0.04550305	0.05373860	0.05900315	0.11078548	0.15529713	0.08484805	0.19529091	0.18542846	0.15721682	0.08529710	0.23412656	0.02544915	0.13612166	0.09304620	0.14905396	0.07927334	0.15261386	0.05208191	0.09443783	0.25527023	0.19910926	0.13575055	0.08537883	0.15335110	0.08741106	0.26331410	0.02340375	0.22620463	0.13772943	0.14818417	0.05365079	-0.01074202	0.04562551	-0.10200158	-0.10740962	-0.10977156	-0.05325349	0.04863883	-0.00956033	0.17142022	0.19316797	0.07064747	0.16935783	0.25854515	0.16827752	0.02830370	0.09311057	-0.00099588	-0.01980554	0.06102996	-0.08113462	0.10957550	0.02032525	-0.02483575	0.15645088	0.13659779	0.01386697	0.16680076	0.19105061	0.12494878	0.13260724	-0.08946103	0.01485581	0.04793373	0.08563749	-0.08093152	0.05590347	0.01419976	-0.04036813	-0.00022004	0.03239273	0.21909859	0.01322784	0.04025493	0.01092014	0.08549496	0.06872026	0.08125626	0.03394035	0.18507126	0.08013778	0.20477893	0.21237482	0.14056305	0.16861241	0.15876216	0.06279265	0.19587299	0.04272385	-0.02016702	0.09976644	0.09635772	0.02583020	0.09912885	0.11737926	0.16827953	0.22062775	0.15833311	0.27857757	0.17821757	0.24197214	0.28635043	0.21505529
17Networks_RH_VisCent_ExStr_6	0.17570150	0.22912298	0.30269614	0.20440966	0.11130861	-0.02643432	0.31175284	-0.11657811	0.21116781	0.11889060	0.18819262	0.09568853	-0.18983294	-0.26095621	0.18690804	-0.26138371	-0.13178241	0.09617634	0.06792909	-0.15714850	0.16950881	-0.07860768	0.29865687	0.09734617	0.07483854	0.16108957	0.02784138	-0.10373407	0.07143142	-0.01528131	-0.03848373	0.08955855	0.12659118	0.07720448	0.08528836	0.03617767	-0.02311935	0.32110576	0.42113409	0.09905634	0.17351939	0.01633615	0.27168101	0.06357241	-0.05378042	0.23467462	-0.29789904	-0.02266103	0.05491253	-0.09446337	-0.04226969	-0.06617190	-0.11449413	-0.09581193	0.14114379	0.08847540	0.23411914	0.08947438	0.18765805	0.32705764	-0.14500243	0.45569202	-0.03685685	0.08545438	0.21109994	0.03208207	0.27081227	0.10345451	0.18170383	0.24153806	0.16946034	0.36759500	0.00781313	0.06891916	0.24417174	0.08766699	0.00134912	0.04871799	0.17077117	0.23083982	0.07706862	0.35075520	0.41253523	0.36746370	0.26574053	-0.07054396	0.08395895	-0.02992153	-0.39861906	-0.21699922	-0.16593721	-0.17038672	-0.13008307	0.09903963	0.04247387	0.04680125	0.27243054	0.24445463	0.20261627	0.12010930	0.09663967	0.16294145	0.43428808	-0.15407557	-0.19268428	0.00613555	0.20787770	0.35469032	0.14731259	-0.09999650	0.09880749	0.06421383	0.46278347	0.06501680	-0.06597289	-0.07838503	0.17636225	0.03525964	-0.12802935	-0.20319250	0.05394054	0.33239955	0.16743038	0.41065263	0.26577095	0.12478297	0.31025426	0.15908398	-0.02183461	0.11314008	0.41866489	0.38887547	0.09079268	0.34773170	0.16101729	0.43742696	0.34115551	0.19765794	0.48936024	0.38783297	0.40271254	0.35271809	0.28790581	0.06150195	-0.02041951	0.30492688	0.22826645	0.14979031	0.39076499	0.48845609	0.52375742	0.51204746	0.53205325	0.36806107	0.33758280	0.40912372	0.34503007	0.41319283	0.42818458	0.48003205	0.37365188	0.31843071	0.22171971	0.13714337	0.57064877	0.11547134	-0.00865198	0.19048411	0.22876936	0.14398913	0.42985984	0.07186019	0.19680229	0.26129374	0.38251769	0.49143875	0.40670648	0.11908029	0.32075872	0.27096768	0.34403810	0.56467212	-0.07030292	0.04237242	0.18746978	0.23007411	0.16186983	0.47531418	-0.11904026	0.16387361	0.08383290	0.01880132	-0.15684445	-0.31546921	-0.34286450	-0.09739678	0.08860788	-0.00694570	0.08156669	0.01204098	0.15969145	0.48389841	0.40632909	0.18868386	0.11755121	1.14658547	0.28855052	0.20789622	0.23321752	0.10500457	0.17179606	0.24635879	-0.06792772	-0.33021021	-0.05259538	0.14500117	-0.30876395	0.30215204	-0.14214738	0.08025336	0.25198858	0.18407931	0.22142003	0.08236110	0.24791231	0.12224026	0.08388267	0.01585005	0.17995857	-0.12595498	0.06011063	0.16253784	0.11162306	0.04679125	-0.02992779	0.15158686	-0.01504086	0.13349778	0.21812807	-0.18259263	0.15841844	-0.04705326	0.20170943	-0.12811146	-0.04993862	-0.23912793	-0.01716162	-0.16750701	-0.04204995	0.05375319	0.02637175	-0.09208864	-0.00321505	-0.11334452	-0.05968648	0.15016888	0.17412296	0.03695889	0.04812162	0.35939344	0.31777957	-0.00447999	0.08867685	0.38421358	0.25651504	0.03971357	0.08505502	0.13421901	0.07514210	-0.00598484	0.05181731	0.10133501	0.19939609	-0.02652001	-0.00969115	0.08495892	-0.06018492	-0.07646523	0.13250433	-0.02980482	0.06072427	0.27937442	0.02174786	-0.06477532	-0.11868070	-0.02007310	-0.14595102	0.18737345	-0.13586280	-0.15335539	-0.27745997	-0.16492194	-0.20704031	-0.01418269	-0.20705685	0.14344068	-0.02815128	0.02683794	0.04151909	0.01619191	-0.20783419	0.03761899	0.02661939	-0.08837513	-0.05507224	0.07792367	0.20032561	0.30290042	0.00620746	-0.26955943	0.05699285	0.12930420	0.01704734	-0.24903713	0.03662180	-0.14570547	-0.24088549	0.37385370	-0.02481075	0.03640060	-0.08125144	-0.05634460	-0.11251334	0.10017711	0.21130815	-0.02863598	0.01881233	0.04126415	0.09959502	0.15857024	0.11108379	0.17571019	-0.05770846	0.24790975	0.18155304	0.19324580	0.10039933	-0.11901410	0.10332342	-0.10918666	0.06378743	0.16463484	0.26232699	0.35991495	0.27455281	0.06798870	-0.04124066	0.03889092	0.17947045	0.17153247	0.00690350	-0.02248719	0.31761396	0.33463909	0.06002763	0.06876280	0.10941968	0.24317512	0.13926909	0.39240488	0.28376727	0.23097838	0.31234607	0.22960648	0.18206728	0.29766231	0.34695944	0.34410661	0.19683918	0.01890251	0.17114509	0.06017574	-0.09130855	0.07570715	0.00022706	-0.06092203	0.28286258	0.41629069	0.25175686	0.25065553	0.20878644	-0.25985607	-0.02199725	-0.00853840	0.34992617	0.38847505	0.13414398	0.17254406	0.17170432	-0.05092069	-0.18358240	0.03693948	-0.05453215	-0.08808526	-0.07980500	-0.20951514	-0.15409420	-0.19106505	0.11199020	-0.10478430	-0.24925963	-0.11964958	-0.09261663	-0.27860148	0.08588113	-0.00342589	0.11993309	0.02112614	-0.19962569	-0.12196365	0.04869357	-0.36660620	-0.00013036	-0.01955322	-0.23213133	0.05999959	-0.17048929	-0.00209001	-0.21683048	-0.42491698	0.00376307	0.07552898	0.10121723	-0.00045678	-0.09989105	-0.14940003	-0.05636581	-0.14138531	-0.05429373	0.03905436	-0.18048638	0.06874088	0.20281840	0.16767505	0.13827458	0.11308471	0.06977164	0.17944349	0.23823890	0.11351239	0.19491933	0.23679193	0.09630348	0.15370483	0.21513022	0.18979017	0.19342906	0.08472899	0.41700501	0.17886038	0.03940186	0.06404046	0.35749968	0.11781046	0.04117238	0.39759052	0.26092221	0.41912460	0.41176668	0.48608082	0.36129802	0.44295105	0.46623853	0.46111912
17Networks_RH_VisCent_Striate_1	0.48256219	0.47561597	0.34808842	0.45053123	0.40852226	0.51458660	0.51138893	0.19332802	0.39767809	0.15386656	0.15143969	0.12757661	0.35508657	0.24122048	0.43807547	0.28453434	0.04003811	0.32649598	0.16266038	0.20335931	0.07447358	0.18158739	0.17793043	0.08690896	0.25492030	0.25845288	0.06094377	-0.19663104	0.30525006	0.09304619	0.12341818	0.18135076	0.32222807	0.26562281	0.06766281	0.28592754	0.06507880	0.26035969	0.33573333	0.36670173	0.24778631	0.13778691	0.23953535	0.04948660	0.20307223	0.12249197	0.10818338	0.09969671	-0.04605735	0.07903899	0.18440214	0.23632374	0.17315352	0.21484030	0.04817894	-0.21913340	0.03713291	-0.06788108	0.13712197	0.43902337	0.40861103	0.59635124	0.46957839	0.10599373	0.05858695	0.09704122	0.04597773	0.10913422	0.02678769	0.10735691	0.09752660	0.09659381	0.07284539	0.16020267	0.18640316	0.22610639	0.08628008	0.07521766	0.03291134	0.19266466	0.18945821	0.39857028	0.35554145	0.29972309	0.24907236	0.23198826	0.17184505	0.08583779	0.19469272	0.14046888	0.10786687	0.05071534	0.12876424	0.13216455	0.11652562	0.16843616	0.08479381	0.42158093	0.35586119	0.33756099	0.17937273	0.29574435	0.12557703	-0.04557943	0.19455088	0.03561191	0.14232908	0.39749868	0.29245135	0.16361167	0.20052806	0.23010361	0.37174085	0.08239090	0.14455995	0.15216343	0.18484460	0.15402467	0.11773188	0.16723521	0.10747866	0.12542274	-0.03214396	0.21408386	0.06558206	0.07197443	0.17979281	0.08656185	-0.07118727	0.08629640	0.28728303	0.35026293	0.18279177	0.32574097	0.26445954	0.22719485	0.11670041	-0.02716027	0.33609410	0.26271606	0.38609856	0.30651897	0.26561753	0.13101805	0.05275923	0.14215452	0.14172729	0.06746603	0.29691881	0.41100672	0.39021374	0.23008176	0.28216016	0.29226499	0.25420814	0.27629016	0.30701616	0.53615669	0.35027893	0.33334064	0.37721827	0.28958032	0.37915440	0.37648352	0.43929029	0.25519054	0.15469119	0.24466380	0.43185877	0.23658580	0.28327049	0.25403250	0.27496432	0.26957445	0.47410552	0.41638398	0.42994215	-0.06060874	0.18275443	0.26219387	0.09456030	0.36122768	0.32516808	0.15567656	0.36290102	0.29109584	0.22713729	0.31684263	0.39144533	0.31306901	0.30627960	0.26644305	0.19065296	0.28488837	-0.01343744	0.08063840	0.19843190	0.14961247	-0.01368733	0.19142088	0.44910002	0.38818563	0.47502992	0.52272570	0.35512564	0.28855052	1.01369973	0.37242130	0.33174412	0.27484244	0.30523530	0.18609677	0.27909773	0.21935690	0.49593561	0.22155169	0.09247181	0.15917280	0.14028424	0.08892715	0.27992041	0.04819224	0.15494828	0.03493865	0.12573600	0.24432851	0.03368584	0.13927162	0.25058111	0.13074555	0.23664829	0.24110354	0.16472895	0.06896541	0.22990991	0.17140897	0.04697600	0.26710401	0.21681959	-0.02540569	0.31484912	0.00867754	0.25407005	0.21146459	0.22600982	0.07880024	-0.00646357	0.05338222	0.34892401	-0.04002502	0.18329523	0.05477422	0.19553037	0.04667690	0.14892069	-0.00158762	0.08224819	0.10404284	0.32864644	0.38247103	0.31869499	0.19710541	0.00248413	0.22004026	0.22179735	0.06418714	0.17689685	0.13417242	0.10789406	0.09466299	0.28602524	0.22456717	0.26830102	0.05657269	0.09923818	0.21528838	0.12662640	0.13882739	0.15915992	0.19289254	0.27832914	0.39213067	0.17704160	0.10674480	0.03252653	0.07314205	-0.07801887	0.19897337	0.03422807	0.02428946	0.18852680	0.16324529	-0.09746600	0.28833231	0.01378225	0.31530416	0.04249158	0.14988876	0.08292983	0.16960262	-0.03993239	0.37812903	0.12830241	0.02213180	-0.03930902	-0.04427719	0.35300561	0.23472321	-0.01267702	-0.07799351	0.24330540	0.12058169	0.16369689	0.16066158	0.16631132	-0.07367100	0.24480982	0.20776471	0.18077159	0.15949516	0.03881449	0.20532444	0.08984133	0.23870172	0.13854658	0.22527086	-0.02940342	0.05773246	0.07814198	0.15914006	0.03563954	0.05147074	-0.04598950	0.11447137	0.07151324	0.26846180	0.26660587	-0.00027164	0.04355791	0.08270320	-0.00905291	0.07333482	0.15425159	0.37971104	0.04669761	0.16541258	0.05661480	0.09677381	0.35357855	0.06549546	-0.02775548	0.05139973	0.29542953	0.25611250	0.00079358	0.18992974	0.03368996	0.34557654	0.26088993	0.20212053	0.16393769	0.21790058	0.20857415	0.19754171	0.25938001	0.46939374	0.30856567	0.28023036	0.25019678	0.33269516	0.36779921	0.19173058	0.10044468	0.26546617	0.19507147	0.17164527	0.32270347	0.32815354	0.28720807	0.20364741	0.39662659	0.26737527	0.25218059	0.08793682	0.29674981	0.26681426	0.40171175	0.24998541	0.20799090	0.26466638	0.03684379	0.29171203	0.10243844	0.25056591	0.05906129	-0.09835248	0.06858557	0.08678572	0.15901562	0.02766315	0.22159341	0.23262437	0.11268316	0.13465931	0.45119975	0.09575182	0.12819233	0.35114237	0.03098226	-0.09915699	0.11800067	-0.14686997	0.12765283	0.13392928	-0.03214112	0.25422938	0.23112447	0.17027231	0.18999826	0.21499378	0.31632059	0.09331783	0.04895281	0.20245141	0.10415984	-0.00498894	-0.03192931	0.06151353	0.04589251	-0.00930444	0.02355355	0.10534399	0.39958542	0.18473607	0.16565977	0.18558451	0.09825339	0.24980215	0.23722422	0.09503229	0.32561702	0.22755299	0.28362007	0.26730735	0.36553983	0.32603847	0.20644287	0.31954304	0.43065565	0.25031983	0.19103626	0.19959160	0.20314303	0.24429141	0.20035213	0.20230776	0.36623257	0.35175091	0.47258855	0.42710113	0.49093262	0.50066449	0.45891691	0.37593771
17Networks_RH_VisCent_ExStr_7	0.23084192	0.49057974	0.06350333	0.41644001	0.22504912	0.40717509	0.52815299	0.45419601	0.70885165	0.24471225	0.58953697	0.45352632	0.31024973	0.13022737	0.35512218	0.20432168	-0.00190395	0.38923986	0.25280918	0.32858232	0.16796498	0.25173634	0.44415927	0.21134169	0.52274445	0.42923386	0.36761024	0.26066482	0.56173030	0.27438160	0.42626831	0.42890115	0.48310157	0.58367349	0.38512679	0.47847343	0.41321814	0.26695346	0.42891002	0.46394233	0.52166339	0.29181509	0.34234635	0.19631177	0.29879774	0.12542130	0.25529331	0.14769778	0.17872701	0.12919509	0.19415922	0.29468739	0.39417469	0.33770412	0.17572085	-0.05218329	0.14622845	0.25611201	0.27820609	0.20833106	0.33675657	0.20484240	0.43086227	0.10850513	-0.01995053	0.09994893	0.18986482	0.14667611	0.20844058	0.22324562	0.33278502	0.44550107	0.15726499	0.41619458	0.24556016	0.51934854	0.34539128	0.48847975	0.20854128	0.40499502	0.17342461	0.40381030	0.28825876	0.34183004	0.40430849	0.27683153	0.13648427	0.15616011	0.15374789	0.06938633	0.22907912	0.25823854	0.27858773	0.16732447	0.31491665	0.21058753	0.28788188	0.42588506	0.35978131	0.35390106	0.28252569	0.20720577	-0.01215365	0.05984740	0.16977139	-0.08571607	0.01453142	0.25253537	0.13576334	0.00158240	0.04595540	0.15284018	0.27841286	0.20827407	0.11966510	0.15674045	0.24634970	0.13986074	-0.06805702	-0.03231396	0.16734183	-0.00656095	0.04873844	0.07943338	0.09296890	0.12347709	0.05404290	0.03445412	0.09126293	0.21437846	0.11518862	0.11305060	0.17809023	0.05839829	0.14755168	0.10822892	0.06149666	0.00624984	0.04406426	0.06110246	0.06652618	0.10902601	0.28412467	0.11178617	0.17402365	0.06045689	0.17198007	0.13205034	0.14703901	0.23453119	0.11626019	0.09923067	0.07972776	0.12335312	0.09427734	0.11562010	0.23945587	0.23324588	0.09265947	0.22930916	0.17213413	0.21039379	0.20265657	0.19496027	0.13213321	0.11135138	0.03804681	0.25612322	0.29243168	0.07545788	0.19568379	0.09129773	0.08953726	0.08670005	0.24073951	0.14408821	0.18053362	-0.02531695	-0.02212861	0.16639936	0.01900318	0.18368418	0.19498503	0.03225397	0.24312677	0.11690514	0.09224996	0.05399276	0.17409816	0.12872892	0.13867963	0.12959159	0.08578678	0.12526730	0.10790063	0.18199576	0.40533444	0.23397378	-0.03616021	0.29122192	0.34900678	0.06637196	0.51478329	0.08302800	0.03730752	0.20789622	0.37242130	1.13941065	0.63898927	0.56038703	0.54337806	0.58479599	0.44983079	0.18153382	0.17349448	0.15897796	0.04352672	0.20048399	0.15203601	0.31169239	0.29576429	0.17693360	0.38066472	0.34006957	0.36616464	0.54283521	0.18474968	0.44861501	0.45973398	0.45818851	0.42706909	0.43910712	0.40094653	0.43228054	0.56353506	0.46145192	0.32148252	0.37228039	0.43903044	0.21154718	0.44863470	0.26112525	0.32326637	0.09385467	0.21163284	0.17368827	0.11738436	0.07239645	0.33943994	0.04150298	0.14385083	0.18280780	0.36378616	0.14794327	0.31369061	0.22594898	0.19396592	0.27332309	0.44811594	0.22981898	0.31299935	0.45944002	0.07763877	0.23959236	0.45099807	0.20526059	0.23379322	0.43449037	0.35621114	0.31783018	0.49514693	0.35883672	0.19255443	0.31980239	0.39463486	0.41854168	0.32905718	0.42097614	0.29669662	0.39596932	0.40978894	0.42968706	0.27865541	0.20910126	0.27984022	0.38374248	0.30945315	0.37927021	0.19221053	0.03942639	0.17650930	0.27390459	0.24811138	0.40504676	0.14068201	0.49632993	0.29787342	0.28051551	0.27908517	0.31144627	0.16759189	0.44533357	0.16620904	0.26792341	-0.03301954	0.01217616	0.22959267	0.26080314	0.02985108	0.20946515	0.27980155	0.31622013	0.09133841	0.02244368	0.12323414	-0.03600676	0.11636785	0.08596740	0.08568848	0.35818269	0.08789878	0.25397143	0.08546953	-0.00418100	0.27013891	0.32278144	0.15129510	0.17919722	0.11561565	0.09093968	0.21191848	0.15048472	0.18620394	0.23293698	0.24729464	0.23580386	0.12263590	0.15137890	0.17733025	0.21165622	0.10407211	0.10883291	0.19992532	0.29313478	0.06825463	-0.05089216	-0.08038668	0.04131283	0.18150342	0.24910433	0.10090583	0.21691396	0.11624519	0.28356353	0.09191402	0.05269063	0.15748549	0.37710644	0.18507512	0.22080266	0.14390004	0.16165430	0.07899227	0.08989045	0.24497364	0.24694733	0.16190732	0.08991914	0.11625950	0.15637915	0.18491313	0.15201807	0.13887262	0.24532988	0.21152047	0.13511264	0.23441826	0.23648514	0.23400548	0.15636330	0.16495060	0.08072202	0.17803121	0.11708510	0.17245932	0.13112167	0.10452443	0.13039880	0.04121326	0.30526365	0.00701400	0.35247300	0.05712817	0.38150558	0.31047475	0.23043875	0.35315334	0.39816028	0.18170699	0.27401402	0.18412967	0.02709155	0.08521405	-0.05364187	0.22031945	-0.05716185	0.34138390	0.32563023	-0.06090573	-0.20804855	0.05836300	-0.15250939	0.26777836	0.25192909	0.08538139	0.29919819	0.16100255	0.16583881	0.05922868	0.09793694	0.17146647	0.05461100	0.25763963	0.14885280	-0.01819763	-0.10003821	0.16524122	0.16325519	0.25401797	0.16174018	0.12580099	0.30155306	0.39864950	0.31293714	0.35121717	0.14267797	0.13557997	0.49808773	0.29559481	0.03881125	0.28782597	0.22454524	0.34443494	0.32541340	0.27478831	0.30105627	0.01214696	0.09021574	0.31328466	0.36689064	0.39148489	0.19510045	0.28577244	0.47582330	0.25638928	0.21237541	0.29329019	0.32974484	0.35622349	0.22654991	0.35758019	0.34897860	0.27948459	0.35009666
17Networks_RH_VisCent_ExStr_8	0.15274164	0.37710379	0.02699963	0.30020159	0.28009179	0.37424862	0.54602098	0.48894141	0.72754386	0.30230860	0.55345998	0.46462627	0.15861421	0.07406806	0.23280351	0.09903478	0.00085281	0.36365827	0.24936539	0.27415077	0.21472652	0.31002497	0.50626451	0.10034615	0.35730203	0.25421349	0.23395122	0.11376629	0.38580545	0.20405028	0.21209762	0.25640842	0.41390844	0.48638189	0.29489670	0.37535145	0.27741672	0.19607348	0.27530422	0.33455537	0.39139421	0.23519451	0.17004707	0.13163669	0.08123431	0.10455921	0.24224784	0.10568583	0.08130238	0.07372459	0.15166367	0.16633844	0.23140992	0.18217318	0.10363578	-0.05747580	0.03742169	0.15295739	0.18757237	0.17797590	0.23092198	0.15988541	0.28736285	0.20813879	0.16575582	0.15994354	0.21132961	0.20168477	0.32316461	0.31116766	0.37979445	0.35627043	0.02741592	0.22267811	0.15893452	0.28859168	0.24814095	0.42766192	0.14747038	0.40649751	0.14757347	0.35618609	0.35569257	0.32765821	0.28412888	0.13484582	0.15255599	0.11984646	0.14753822	0.04796569	0.23871928	0.12317142	0.16671090	0.20972284	0.12861893	0.25139378	0.24636757	0.26874361	0.24056072	0.29037649	0.21299052	0.27915491	0.15774357	0.04353107	0.16041125	0.17807692	0.03206884	0.19670959	-0.01987870	0.04244836	-0.03621664	-0.02292668	0.13075970	0.05437712	0.00797893	0.06236548	0.08343196	0.06542325	-0.12240820	-0.07461902	0.27291915	0.12268007	0.13273698	0.29591653	0.20824210	0.21452682	0.06672932	0.12458573	0.15828468	0.18841306	0.16187278	0.09439407	0.16994734	0.11939070	0.16406398	0.10384221	0.16755117	0.17571267	0.10683092	0.14760436	0.02165955	0.13121303	0.10112150	0.03600786	0.15254642	0.19793670	0.05861133	0.08551727	0.11352362	0.13664753	0.01556061	0.15093909	0.07780345	0.00210561	-0.03707140	0.14357366	0.13795120	0.12994125	0.10557990	0.14117708	-0.02023464	-0.07396634	0.02210298	-0.02459486	0.05237498	-0.04468686	-0.08940478	0.07990098	0.12014876	0.01812045	0.32215214	0.17173526	0.15833046	0.14925805	0.14778384	0.22276758	0.23729685	0.02494159	0.05887613	0.07299369	0.11308858	0.25279966	0.05991785	0.01150658	0.09896732	0.13824501	0.18625680	0.12111015	0.06084448	-0.09131109	0.01858820	-0.00508157	-0.00391970	0.00095243	0.03006749	0.12623748	0.28993460	0.28607288	0.18355218	0.32746153	0.24245417	0.13365719	0.38996826	0.01896152	0.06871761	0.23321752	0.33174412	0.63898927	1.14726757	0.38771763	0.47924540	0.48223116	0.19845797	0.03815207	0.19495096	0.18596684	0.00012274	0.22958990	0.14641755	0.20945713	0.25668708	0.11606218	0.21966698	0.14658725	0.23689719	0.28191317	0.11469639	0.23992951	0.27434771	0.30220979	0.29966729	0.41950211	0.29431625	0.26567320	0.43431362	0.30515317	0.12346314	0.17432881	0.36241372	0.17354122	0.28308597	0.08303203	0.28547940	0.07505068	0.14196732	0.14924063	0.15089313	0.13941953	0.21329105	-0.00109064	0.07181712	0.19486848	0.18025441	0.07112968	0.19904120	0.13653979	0.09375930	0.11864637	0.30859353	0.21906882	0.31466104	0.48167135	0.18722245	0.32097544	0.44871630	0.25306274	0.29671058	0.39469020	0.30938216	0.36488582	0.33530725	0.28056484	0.29383962	0.21634237	0.26859875	0.32809261	0.18409039	0.42898464	0.21160251	0.20411057	0.32789473	0.33293911	0.29434912	0.21080873	0.16414888	0.23120207	0.23440397	0.30757083	0.29492558	0.16924135	0.21088374	0.29700655	0.11840138	0.35565895	0.10277252	0.30004574	0.07870400	0.26343646	0.13959134	0.36877311	0.11398419	0.27920203	0.02414537	0.23156399	0.02694640	0.04519880	0.20039378	0.16787266	0.10807134	0.22214619	0.11801539	0.19176258	-0.07170445	-0.11284116	-0.03524160	-0.08927202	-0.11210738	0.01697297	0.03073552	0.10465101	-0.04129357	0.06409545	0.07953146	-0.10688352	0.25661880	0.30631520	0.19110291	0.32280787	-0.01467338	0.06570675	0.10679522	0.06074794	0.15490919	0.23445466	0.09606146	0.12593477	0.10518126	0.15235466	0.15189542	0.19846371	0.21543270	0.04290534	0.06625403	0.19146378	0.08597661	-0.04800639	-0.22347491	-0.00604882	0.08169031	0.06122701	0.02450730	0.15787749	-0.00733980	0.15378813	0.15107713	0.05836940	0.00594778	0.10868849	0.11589670	0.14224042	-0.00629962	-0.03315052	-0.01284764	-0.05031640	0.15891398	0.13439718	-0.00660672	-0.14268394	-0.04673363	-0.06390502	-0.03486179	0.02852645	-0.02882046	0.12570901	0.24592001	-0.06973440	0.15337958	0.20532762	0.07586906	0.14372730	0.05854548	-0.00749176	0.09964940	0.06989365	0.05048186	0.09548505	-0.03070574	-0.02515403	0.05577127	0.21703144	-0.03532839	0.08812571	-0.03080146	0.18815329	0.21569058	0.22685154	0.30973015	0.32202872	0.12174624	0.17572395	0.00620873	-0.02935881	0.06247249	-0.04906041	0.22646441	-0.02989381	0.19107352	0.25155209	-0.09382756	-0.17222757	-0.01213296	-0.26065532	0.28470147	0.17223476	0.03104683	0.22441719	-0.01085210	0.08614135	0.05351248	0.01445248	0.10757726	0.03613911	0.13943323	0.04811512	-0.09672408	-0.07815131	0.09102759	0.09128252	0.22708577	0.11314932	0.09299475	0.24884601	0.32400407	0.25763349	0.21556380	0.25747680	0.20021184	0.42996773	0.37091987	0.14525904	0.23030165	0.18092452	0.24855396	0.20619879	0.22348076	0.22099340	0.09057685	0.01178502	0.30368373	0.28335530	0.24870766	0.14443319	0.39749916	0.33020074	0.25972645	0.23144614	0.31297243	0.24144610	0.26118808	0.19615823	0.21871758	0.23149358	0.17880424	0.22253378
17Networks_RH_VisCent_ExStr_9	0.28261304	0.25839640	0.14791556	0.26465313	0.10457494	0.25976888	0.41879450	0.38412613	0.44963593	0.48888025	0.43935138	0.27691427	0.19054510	0.17940261	0.30702713	0.13073254	0.13875124	0.43621644	0.30675370	0.25409084	0.19165120	0.26516530	0.26755336	0.18244691	0.45212178	0.24964942	0.25983310	0.12582416	0.38284863	0.17965595	0.30282522	0.39329073	0.28354654	0.41801479	0.13062032	0.31103999	0.23723013	0.15819515	0.20229475	0.33624033	0.27220843	0.19199904	0.19820617	0.23678517	0.30352822	0.23171742	0.21964149	0.22814636	0.11709461	0.10528888	0.23402136	0.23232205	0.32179859	0.31342461	0.08859759	0.01330616	0.10758011	0.14835677	0.21247406	0.20229518	0.14477375	0.26685328	0.31652016	0.13753548	-0.00845302	0.07491828	-0.08457459	0.07630363	0.22104131	0.14690942	0.20561215	0.36681973	0.17776321	0.24854161	0.16318702	0.31979276	0.23170575	0.31513088	0.16514155	0.37802416	0.14450152	0.22556133	0.13724366	0.13723789	0.25166167	0.27798050	0.24313585	0.38713315	0.08423803	0.15929649	0.31092565	0.34190200	0.35853574	0.22029900	0.18219318	0.26275623	0.23586302	0.39486323	0.22460374	0.17089891	0.31002160	0.22521824	0.05491731	0.00757756	0.14228265	-0.03174246	0.00827819	0.12901227	0.18474669	0.00707191	0.06687408	0.10184765	0.20147155	0.22119710	0.08443650	0.14269049	0.16861596	0.01534761	-0.05639541	-0.03174341	0.21458250	-0.10704497	0.17147996	0.07720212	0.12285811	0.02264781	0.00589038	0.00972294	0.06708638	0.09874518	0.02456033	0.02446545	0.11447597	0.14141290	0.07287437	0.07911708	0.11388898	-0.03022715	-0.07220658	0.05655697	0.11067314	0.17166238	0.21399895	0.05139404	0.09129158	-0.10879207	0.11590964	0.07395708	0.09189436	0.10170482	0.00411363	0.10791021	-0.03282619	0.01077787	-0.06214062	-0.10227918	0.17703204	0.21537925	-0.01228692	0.04147626	0.01601915	0.03650585	0.12930971	0.06437595	0.15993212	0.06396061	0.13138056	0.26661224	0.23380048	0.03170870	0.21010074	0.17275377	0.06001767	0.09724563	0.17762799	0.06554726	0.21218834	0.03120458	-0.05775113	0.13359156	-0.00169316	0.15483630	0.10892937	0.03587867	0.14196978	0.10770066	0.05840895	-0.03867601	0.10375530	-0.01600873	0.01675583	-0.02507159	-0.05097598	-0.07592220	0.13393713	0.20850043	0.37061541	0.29931076	0.07867555	0.32688414	0.22816859	0.05213142	0.36677377	0.05789851	0.01058200	0.10500457	0.27484244	0.56038703	0.38771763	1.05432725	0.40904011	0.43176849	0.30712273	0.03461319	0.11588631	0.40536988	-0.04626529	0.21211685	0.27862638	0.27172234	0.35056105	0.28133436	0.40969474	0.18487913	0.25601987	0.36324769	0.17895887	0.36736989	0.34166042	0.19432904	0.31124826	0.36145354	0.36203602	0.35093683	0.32658379	0.24790116	0.22830905	0.30245576	0.26191167	0.15200527	0.27315636	0.14991325	0.17723489	0.12760347	0.35184307	0.27970120	0.26501064	0.20418258	0.33383493	0.12228338	0.22060087	0.27787313	0.35897874	0.09910423	0.35392624	0.20358639	0.14355281	0.16801919	0.24830052	0.15342513	0.24181122	0.50723085	0.11648832	0.17896782	0.29981610	0.13257290	0.22531179	0.33221569	0.24973205	0.31338322	0.37135466	0.26640416	0.19983777	0.20927054	0.24273196	0.30259743	0.25710620	0.41402043	0.24547074	0.35555691	0.25634491	0.29268152	0.24257806	0.16873522	0.35132984	0.33205483	0.29953245	0.36918365	0.18320591	0.10791124	0.25909494	0.34067663	0.26149331	0.39564846	0.15481608	0.43374447	0.22792715	0.19357080	0.25205905	0.34018734	0.16653754	0.38882865	0.02969478	0.37856274	0.04576724	0.01250665	0.14456282	0.17500588	0.00241187	0.23217325	0.18505974	0.28112930	0.07448259	0.02456900	0.11333754	-0.10666376	0.02852541	-0.03851518	0.11156181	0.29520535	0.14821979	0.21315486	0.06147917	0.01495125	0.05831528	0.27591746	0.12058028	0.19827857	-0.14494020	0.10783422	0.19133337	0.01089400	0.10972755	0.08935157	0.12641153	0.20125756	-0.08183816	0.13205040	0.13404235	0.28429983	0.13834472	0.07931614	0.17399045	0.14512321	-0.07651031	-0.14068036	-0.04193085	0.08961157	0.17127422	0.18976490	-0.05010600	0.17568189	-0.10406557	0.02744872	0.01292073	-0.07394761	0.16054484	0.20643452	0.09672363	0.08635550	0.08275802	-0.01231383	-0.11532006	-0.17263380	0.04849662	0.25122954	0.02772614	-0.02976720	0.06481552	-0.00404840	0.05401734	0.12088501	0.23903419	0.12306219	0.25703786	0.07338200	0.22064916	0.04562239	0.18069839	0.08907479	0.13730150	-0.03337645	0.14099674	0.16413203	0.02691622	0.00835010	0.08868076	-0.06426755	-0.01532384	0.08581257	0.11274130	0.02397608	-0.13556291	0.25794638	0.19160678	0.30926576	0.46230822	0.48798797	0.19148655	0.34164186	-0.03990837	0.00912635	0.14079083	-0.12930779	0.20123368	-0.02343702	0.14280695	0.24181794	0.01554662	-0.10415748	0.03777471	0.00004444	0.18001575	0.21601085	0.09485188	0.24191744	0.05096498	0.02051457	0.02601934	-0.09356973	0.16475458	0.02573557	0.11832820	0.11092584	0.12774798	-0.03088795	0.10870293	0.08181442	0.19669210	0.21339514	0.16391905	0.15997862	0.29164392	0.22940052	0.20267313	-0.01573113	0.14378907	0.29548679	0.03369898	0.02224073	0.32161738	0.08330621	0.32578669	0.26948827	0.31220162	0.31434986	0.14057290	0.04388184	0.25411830	0.28726813	0.35236946	0.09071137	0.15537010	0.27837673	-0.00968893	0.09325248	0.33082949	0.26211603	0.40730655	0.21782588	0.29882134	0.40719061	0.38501974	0.34095549
17Networks_RH_VisCent_ExStr_10	0.18739049	0.33287720	0.08255081	0.23923387	0.21091873	0.22474086	0.38674463	0.34859143	0.44234417	0.36599346	0.63141607	0.55112826	0.20081508	0.12374025	0.21737541	0.15573105	0.07585420	0.41961711	0.32991492	0.23890304	0.40719319	0.34908002	0.50428719	0.22924984	0.29001348	0.31673179	0.23046481	0.15653549	0.41372361	0.16814744	0.31485665	0.31512157	0.36653869	0.46404953	0.33734590	0.31362112	0.38095726	0.16563979	0.21569718	0.29218256	0.40419668	0.28291894	0.21778815	0.15701498	0.18878254	0.18452415	0.12599937	0.09785046	0.15503205	0.03121348	0.04999716	0.15042066	0.24267012	0.27560634	0.10809389	0.04123727	0.03001573	0.22384026	0.19745120	0.17858879	0.23921134	0.15780847	0.27381771	0.16610397	0.26186772	0.26456094	0.08934125	0.15064102	0.16077193	0.10235325	0.26797157	0.42129474	0.06572979	0.30205362	0.12913419	0.28223546	0.20037528	0.41151502	0.27914249	0.43741846	0.13285643	0.17666177	0.13857149	0.16520306	0.16367869	0.18074212	0.06822947	0.11545007	0.02127860	0.01362539	0.06179828	0.10761294	0.21887040	0.00785001	0.10521673	0.23985194	0.23860766	0.24965712	0.13918843	0.15967433	0.24704633	0.38714336	0.09287388	0.02464468	0.01927833	-0.10153667	-0.07120931	0.07515627	-0.10211600	-0.08502953	-0.16301141	-0.05213589	0.22726994	0.18194874	0.05915638	0.06819534	0.17002338	0.06787039	-0.10787378	-0.05367882	0.18730230	-0.04135511	-0.02187273	0.02976988	0.02221413	0.08863547	0.00215253	-0.18141956	0.09133781	0.10428491	-0.05721444	-0.00339036	0.05926634	-0.10386918	-0.02225002	0.05132577	-0.05845775	-0.02852819	0.01867530	-0.15021448	0.06332597	0.13456683	0.07857062	0.20031038	0.15051526	0.17165946	0.19496819	0.11338401	0.06970649	0.11269144	0.17299771	0.02803974	0.02868087	0.24621277	0.20181835	0.11444142	0.14219612	0.15557585	0.16137710	0.26684197	0.15169467	0.05290662	0.17655892	0.11075617	0.09111805	0.08096429	-0.02244112	0.24281882	0.13409386	0.08074716	-0.03021489	0.05452950	0.22192179	0.11433327	0.22746607	0.18991180	0.24942028	0.06174143	0.01961330	0.10049565	0.09576451	0.05886688	0.09639885	-0.10869011	0.04737189	-0.02131884	-0.08652642	0.10577764	0.08612631	0.07875760	0.14107214	0.02527547	0.03248324	-0.00993756	-0.03816724	0.04283917	0.18907565	0.05640148	0.03806391	0.14994461	0.26056353	0.02265516	0.45391396	0.04238840	0.06039520	0.17179606	0.30523530	0.54337806	0.47924540	0.40904011	1.04010909	0.59826120	0.26186532	0.06521477	0.14754113	0.11926457	0.05344161	0.34519558	0.13800121	0.22339859	0.44649556	0.07994834	0.36909297	0.18052468	0.23418321	0.31204331	0.10439670	0.28462569	0.29815833	0.29344860	0.30759831	0.29501717	0.33355531	0.28190773	0.31563603	0.34097645	0.34894223	0.32470255	0.37643692	0.06957159	0.26258090	0.16882189	0.15322033	0.03544099	0.05588385	0.07946293	0.02574344	-0.08375975	0.13630787	0.04530540	0.04943845	-0.02582594	0.20140536	-0.02549481	0.10230909	0.01854057	0.04011822	0.13390731	0.27379815	0.17300001	0.29663372	0.33671863	0.14183022	0.35381342	0.36147442	0.17131046	0.15085611	0.37154438	0.27206228	0.18922600	0.38396772	0.26463686	0.09013518	0.11818841	0.21337691	0.24092403	0.18317446	0.29379810	0.33252320	0.25854441	0.28820430	0.19932352	0.15300016	0.21293776	0.14685477	0.26965224	0.06933027	0.09079405	0.12700329	-0.00033753	0.08975342	0.04982296	0.05839997	0.21702937	-0.07245373	0.29949104	0.09960068	0.19427428	0.15813691	0.42606878	0.13737796	0.27087016	0.07036279	0.17015142	-0.15317942	0.00309033	0.27917328	0.32312254	0.00176753	0.13516453	0.18868604	0.20653989	-0.02097887	-0.05832055	-0.07769369	-0.17135425	-0.04128688	0.04944386	0.03949151	0.26575447	-0.02219134	0.15651069	0.07002469	0.05479226	0.17459587	0.15112822	0.12171983	0.15390772	0.15456558	-0.09966232	0.06240956	-0.00980324	-0.01037374	0.14025659	0.09328563	0.11171874	-0.07190122	0.11528549	0.06911796	0.11170267	0.09005086	0.06903981	0.17563244	0.10972760	0.04527563	-0.18555514	-0.16935009	-0.05510225	0.11906529	0.16473430	0.17327586	0.23461244	0.21230227	0.22917066	0.20432164	0.14448693	0.15667941	0.27853925	0.22749327	0.07015524	0.17237038	0.19641710	0.27661924	0.20185535	0.15041278	0.15926068	0.21321903	0.02634958	0.11047486	0.12568729	0.20791265	0.11417621	0.14284938	0.15386712	0.12153265	0.02361300	0.18202307	0.04545414	0.15243952	0.23974418	0.07478803	0.02556916	0.05872384	-0.03751558	0.24603867	0.26006532	0.05278167	0.19916691	0.07312268	0.19613210	-0.14627087	0.26565410	0.13139610	0.23458383	0.17110336	0.16919025	0.29956238	0.20297926	0.17652227	0.20494828	0.10427688	0.06295004	0.01231438	-0.11656434	0.22543163	0.02927938	0.04400617	0.20239653	-0.03965605	-0.14599894	0.02397717	-0.08464111	0.17018104	0.12718753	0.03080315	0.14713540	0.05554555	0.19826466	-0.04194950	-0.12207779	0.05722331	0.02595675	0.06090481	0.09880566	-0.03568804	0.00431367	0.17295717	0.16158602	0.16099345	0.07714828	0.07178917	0.14252910	0.30656790	0.30372381	0.29464161	0.11013781	0.11625445	0.41310639	0.26407611	0.04552189	0.18874168	0.30906562	0.32812624	0.28160051	0.26537760	0.30722506	0.09349754	0.11092096	0.26778725	0.39376773	0.31365711	0.14481673	0.31796722	0.38738271	0.17057549	0.17954266	0.28207239	0.30799314	0.32247323	0.18913909	0.34416120	0.31727456	0.23430551	0.28796350
17Networks_RH_VisCent_ExStr_11	0.09443369	0.32510538	-0.03569680	0.14909504	0.11521462	0.12316563	0.28958180	0.31311811	0.46515645	0.34852401	0.62659030	0.55515728	0.10048304	0.01419444	0.20574534	0.03340750	-0.00194963	0.35574277	0.29335008	0.27524970	0.35495437	0.29189220	0.53534768	0.13189547	0.35322753	0.30603374	0.30540546	0.22762252	0.39263237	0.10912359	0.23752333	0.32424778	0.38982048	0.46144772	0.37845412	0.26217367	0.38853585	0.11000960	0.23121020	0.30532243	0.38854595	0.15173434	0.22705498	0.13519875	0.15746770	0.12151354	0.15448771	0.04819819	0.16072709	0.04983827	0.09259628	0.13655001	0.20447459	0.15596852	0.19240121	0.11774785	0.14465873	0.35539367	0.22975343	0.12132384	0.17332046	0.05775083	0.14219219	0.12165863	0.15807425	0.17273179	0.13888521	0.05694094	0.17281652	0.12977449	0.28176446	0.48097514	0.06773412	0.26419588	0.10205106	0.26499612	0.17318010	0.45732689	0.26755435	0.41606141	0.12111450	0.24330883	0.14088509	0.14497437	0.18706373	0.14540230	0.06858452	0.04209392	-0.04758559	-0.13761813	0.11644872	0.15981656	0.16278209	0.06942844	0.13124764	0.16513942	0.18307040	0.23330643	0.12888736	0.19199445	0.25923861	0.28000457	0.13972703	0.12637967	0.05940995	-0.04018118	0.06027335	0.13871203	-0.06397910	-0.04284667	-0.09971532	-0.06401958	0.19529230	0.14215483	0.06565211	0.08893922	0.18229645	0.07553618	-0.14974161	-0.13977826	0.16015046	-0.00139208	0.05489037	0.10275371	0.04941579	0.05371227	-0.00161757	-0.01046450	0.16140677	0.15114032	0.05299633	0.02555373	0.10015685	-0.06267047	0.04839465	0.14807285	0.06844247	0.01244298	0.05908649	-0.01589353	0.09884474	0.22003884	0.10036611	0.15573750	0.15723810	0.13151555	0.14590022	0.12712196	0.11102368	0.15377927	0.06952020	0.10644211	0.10158494	0.14276159	0.18310732	0.08163456	0.15495321	0.06954052	0.10493968	0.19882188	0.06120233	0.02364101	0.11520416	0.05875120	0.13663724	0.05360548	-0.05017773	0.22438011	0.09588723	0.01333659	0.10799724	0.07763660	0.09209597	0.06797257	0.13184844	0.17042111	0.23483899	0.13689997	0.04780153	0.08596141	0.14692351	0.16071084	0.02116880	0.01998306	0.07019977	0.03059603	0.03188417	0.05912806	-0.02409104	0.03154843	0.06619396	-0.00227547	-0.04670447	-0.03886305	-0.03765637	-0.00535498	0.31982589	0.10489554	0.11577289	0.16617757	0.16725571	0.04143951	0.38701730	-0.03332870	0.01495424	0.24635879	0.18609677	0.58479599	0.48223116	0.43176849	0.59826120	0.98118437	0.20982968	-0.00691896	0.01689053	0.06627349	-0.02512188	0.29641657	0.10403046	0.33622715	0.38384364	0.21848834	0.39152987	0.23005214	0.25451913	0.34250551	0.08403658	0.31787273	0.26117554	0.29784995	0.27195977	0.32550959	0.23431115	0.30468987	0.29890399	0.28590006	0.31816828	0.26951008	0.33679735	0.05899759	0.24253183	0.14303208	0.15813790	-0.09759637	0.07249239	0.06272317	0.14319706	0.01303961	0.07027842	0.07325063	0.05608587	0.10740207	0.24396740	0.06054731	0.13366772	0.12913231	0.12582269	0.20607272	0.21524167	0.09232335	0.21180607	0.31904253	0.17216409	0.33810976	0.35101156	0.17603480	0.13816346	0.36120938	0.30538400	0.16451662	0.38544970	0.28945105	0.08710303	0.20638085	0.15880463	0.19717369	0.10437881	0.26685244	0.26478375	0.24393911	0.24525790	0.17307528	0.09323306	0.17645543	0.18961181	0.27921705	0.12276207	0.23193231	0.02808150	0.00182192	-0.00404461	0.13500320	0.17172348	0.20652138	-0.00113030	0.29939749	0.13892050	0.18200223	0.14136045	0.28346496	0.11756027	0.18616200	0.11340349	0.14388597	-0.07760756	0.09517606	0.25866936	0.31758280	0.10321629	0.19225837	0.23699241	0.27475432	-0.03125766	-0.11767375	-0.07927171	-0.12437827	-0.04991263	0.05837786	0.00432830	0.20588373	0.00297461	0.12667602	0.00335696	-0.00321883	0.18977292	0.02576626	0.12151113	0.12301071	0.13804100	0.03285147	0.17884111	0.08539500	0.07110114	0.18943724	0.13895011	0.15013941	-0.02990055	0.15151468	0.18738725	0.06984605	0.10789281	0.18037923	0.24201900	0.16353009	0.14967488	-0.13563870	-0.12682629	0.04494697	0.11226707	0.15592774	0.16537047	0.20089488	0.10685851	0.20255836	0.14529074	0.00329531	0.19122750	0.25345446	0.21954052	0.20618436	0.20948914	0.21795177	0.14883811	0.10528247	0.10309469	0.08794752	0.11483738	-0.04500887	0.13177817	0.03751824	0.06801523	0.20498458	0.11291760	0.10055293	0.14709005	-0.01674218	0.13178643	0.17357473	0.13819571	0.24524153	0.03416867	-0.05600803	0.04201906	0.04921338	0.18205108	0.16052860	-0.00748687	0.10090738	0.12953697	0.12637738	-0.17250927	0.15957434	0.02715283	0.15130095	0.18348965	0.24185806	0.25598033	0.24685980	0.17287833	0.20025295	0.04668950	0.00012653	0.07403931	-0.16977356	0.06570649	0.00389478	0.18917359	0.21495930	-0.07830336	-0.11925749	0.04864133	-0.10934553	0.17884814	0.16648668	-0.01315828	0.12126702	0.00571940	0.08441381	-0.03138605	-0.16916737	-0.03805095	0.08379378	0.20590004	0.08675700	-0.07479349	0.00193054	0.15654792	0.07261515	0.23275876	0.24022194	0.07081204	0.21611235	0.22374793	0.22549445	0.24151116	0.10773315	0.09040386	0.34728601	0.29339418	-0.00118552	0.15476036	0.21483334	0.23836691	0.20436945	0.13633023	0.19060452	0.00930098	0.03454855	0.16590242	0.23979671	0.18541768	0.04739698	0.29975963	0.29135792	0.12350931	0.24555335	0.17766563	0.26350340	0.21318007	0.11058531	0.17727616	0.19339471	0.20353256	0.27584132
17Networks_RH_VisPeri_ExStrInf_1	0.23997666	0.40297888	0.08022113	0.26812079	0.16872569	0.37515726	0.29460586	0.21944505	0.31974012	0.03985833	0.22558192	0.15069632	0.48062168	0.35449858	0.30160126	0.32270056	0.12692162	0.18960214	0.17205373	0.33563273	0.01966089	0.15188394	0.13264597	0.10778174	0.30044074	0.23040171	0.23524894	0.16047187	0.33531948	0.19168696	0.27779716	0.26971755	0.30299087	0.29063119	0.21543516	0.33211870	0.24917473	0.11552543	0.16992767	0.35351643	0.28526713	0.15958034	0.22285523	0.17837461	0.37049407	0.15513751	0.26140375	0.12889453	0.17839549	0.23796574	0.21670550	0.26997281	0.34789140	0.27213765	0.06231990	-0.08058930	0.05684576	0.18752419	0.15854015	0.15394158	0.37829912	0.14707405	0.38645278	0.02020316	-0.20084863	-0.06037011	0.00618723	0.06074085	-0.08737129	-0.06159972	0.06277604	0.09949153	0.13535845	0.26539602	0.02121454	0.29732070	0.14449621	0.14534089	-0.07146360	0.01189352	0.09095989	0.20957728	0.05312989	0.12275561	0.22781552	0.28635106	0.09317759	0.07817683	0.29374087	0.20086674	0.11943030	0.20499582	0.22289986	0.06307942	0.12229718	0.03248482	0.00995382	0.31553196	0.22467130	0.19901395	0.02253825	0.03373321	-0.14509169	0.05519935	0.14580187	-0.08987045	-0.15865689	0.17154472	0.11689413	0.00662849	-0.02520439	0.18729351	0.06252791	0.15691694	0.16694581	0.18729439	0.19645332	0.13353684	0.06495752	0.09236987	0.09020118	-0.09000528	-0.14458201	-0.04539333	-0.14128913	-0.09589035	-0.01120449	-0.07624733	-0.05897660	0.09424846	0.01909582	0.09638696	0.08662184	-0.05227414	0.17593753	-0.01871633	-0.08681557	-0.16202302	-0.04787675	-0.05949945	0.00074960	-0.07766991	0.18625725	0.05942270	0.00545448	-0.09840351	0.16132439	-0.01119031	0.08239274	0.14040893	0.04917782	-0.00096921	0.00300856	0.09171079	0.08146074	-0.00335479	0.05361265	0.12938516	-0.04528427	0.05909640	0.17675370	0.23388590	0.15368652	0.25018582	-0.00323660	0.14602165	0.09924391	0.15074128	0.21428660	0.17229635	0.06650849	0.05108896	0.09151464	0.05748178	0.21090785	0.05502803	0.04872188	0.01857636	-0.06943497	0.12302537	-0.01657315	0.00001948	0.25996389	-0.03660121	0.19301145	0.08391952	0.03770898	0.00173950	0.38670213	0.26453341	0.27689362	0.17327416	0.29231756	0.33964488	0.19198428	0.27040562	0.27081493	0.14121132	-0.12489680	0.18571005	0.24143450	-0.01374081	0.29074145	0.06774670	0.11798536	-0.06792772	0.27909773	0.44983079	0.19845797	0.30712273	0.26186532	0.20982968	0.82195406	0.34085420	0.27262373	0.17882252	0.21925331	0.03666241	0.20089930	0.17541213	0.13137868	0.02985371	0.16206323	0.23633390	0.24699267	0.38577653	0.06787410	0.30079437	0.28234389	0.30452251	0.19743621	0.10268045	0.19958421	0.22157942	0.33244390	0.28387855	0.10702013	0.23983408	0.15950906	0.15252450	0.26991448	0.15079670	0.14849637	0.24011256	0.29219179	0.22247127	0.09952565	0.13226751	0.32602315	0.02187887	0.18941436	0.12970331	0.30659199	0.11792822	0.26700545	0.18591964	0.11716016	0.24327957	0.31493580	0.11613261	0.12510972	0.15828953	-0.05822682	-0.04664916	0.07609123	-0.05831097	0.10075398	0.11493411	0.10180172	-0.00614742	0.30351792	0.12849008	0.03227782	0.28756406	0.22210190	0.11833865	0.18558552	0.18982517	0.08930983	0.21738188	0.26160680	0.22115989	0.04850259	0.13245086	0.21010634	0.26318507	0.16895373	0.19480129	0.24746317	0.13424656	0.28964423	0.23071814	0.14325514	0.30670250	0.17327096	0.36493295	0.21806105	0.13250395	0.17925033	0.13780089	0.11183437	0.33390108	0.13189008	0.09774691	-0.06102578	-0.09850585	0.12294663	0.02662691	-0.05747030	0.05830026	0.24603163	0.19789003	0.11031748	0.16400480	0.09841390	-0.04491389	0.25642823	0.04259794	0.17779415	0.30618204	0.16588181	0.25024132	0.13018962	0.14561075	0.04963546	0.13968323	-0.00617337	-0.03230268	0.04841860	0.06250525	0.17947880	0.11255795	0.08399857	0.06863885	0.10273462	0.17846011	0.20022282	0.06744876	0.01630837	0.08622655	-0.09541643	0.03208491	0.18089615	0.14854084	0.01945634	0.00561484	-0.06732494	-0.02430832	0.09789210	0.12766562	0.08766631	0.09168692	0.06367783	0.08222319	-0.09578724	0.08631682	0.04197273	0.29955230	0.16544800	0.06463852	0.09164436	0.17236572	0.08381814	0.09854578	0.15978050	0.18730607	0.12535510	0.16447201	0.10927342	0.25743084	0.22199628	0.12036362	0.17182861	0.20890924	0.10082599	0.21800751	0.16857880	0.14166936	0.19838427	0.09232602	0.15424988	0.27446422	0.15909373	0.11449583	0.15364684	0.03237368	0.29202359	0.24153866	0.09993119	0.36856876	0.12625007	0.37380634	0.14410676	0.37540739	0.22414213	0.05896162	0.19326499	0.26885750	0.13502969	0.09220921	0.32305491	0.22483520	0.13366792	0.17234377	0.26471638	0.04152223	0.16731088	0.22227623	0.05642476	-0.16393643	0.12957538	0.02259870	0.13890789	0.23213143	-0.00630612	0.09015976	0.27355529	0.28512417	0.15099907	0.23098543	0.24518862	0.12622506	0.11814902	0.07946526	-0.00874975	-0.04022193	0.18873727	0.15552726	0.17770202	0.12794804	0.03932080	0.11677361	0.32684722	0.24274765	0.30011499	0.12146978	0.06439543	0.30374687	0.18566399	0.03078491	0.17460637	0.17647253	0.27295401	0.21180001	0.08190428	0.24627602	-0.05693703	0.17716684	0.16775361	0.31211265	0.38664952	0.21785343	0.10372198	0.31231400	0.16210039	0.02805941	0.23870626	0.16136051	0.23856188	0.15481759	0.29705060	0.24385215	0.16056240	0.21637503
17Networks_RH_VisPeri_ExStrInf_2	0.19066062	0.22872513	0.09975975	0.19639703	0.11189240	0.25248347	0.11776838	0.14140289	0.13519020	-0.09048525	0.00777935	0.02697799	0.45428765	0.45187263	0.12979550	0.51514802	0.26519615	0.13583907	0.03474999	0.26005747	-0.03383915	0.16134240	-0.09008942	0.06508101	0.18105766	0.14017498	0.14394701	0.06187885	0.20385999	0.12574367	0.23447496	0.18133206	0.25756921	0.25458804	0.08438211	0.30271491	0.22476403	0.00190184	0.00636427	0.23121410	0.18600928	0.14249135	0.05752828	0.24794455	0.12152063	-0.11796930	0.32212255	0.16098331	0.04002712	0.16396440	0.12869705	0.23440498	0.22930433	0.25881849	0.01086640	-0.16403173	-0.10908907	0.05109518	0.00331349	0.06086149	0.38430374	0.04470299	0.34988086	-0.01262402	-0.07760881	0.06408186	-0.11989726	-0.02423884	-0.19861139	-0.12618998	-0.04793409	-0.08499772	0.05836902	0.17138892	-0.02927679	0.14658984	0.10938226	0.07090248	-0.09765599	-0.01134137	0.09788311	0.10580106	-0.04233002	-0.02844655	0.05613248	0.16380067	0.02647683	-0.03817424	0.39045814	0.17604121	0.07672066	0.17467132	0.25716484	-0.02560913	0.01678573	-0.02973586	-0.16283890	0.12270761	0.10116284	0.28900321	-0.05395643	-0.03136093	-0.28854214	0.03529452	0.22134409	0.09259831	-0.09014435	0.11530384	0.00051738	0.16274793	0.05375692	0.25508380	0.08370971	0.02105207	0.15055185	0.10687641	-0.00163441	0.13037322	0.18049874	0.17957699	-0.03014501	-0.00452624	-0.29775730	-0.10880252	-0.21799653	-0.11944907	-0.13637395	-0.12605122	-0.06528938	0.01820840	0.02911737	0.03978651	0.02034291	-0.04437911	0.06862879	-0.12186680	-0.28857238	-0.26203696	0.01371824	-0.09621097	-0.04817917	-0.16170117	0.02506420	0.20896230	0.11432721	-0.00578523	0.05069960	-0.03614514	0.01354187	0.04174605	-0.09190127	-0.11718489	-0.07718007	0.14128780	0.19068070	0.09041848	-0.07276955	0.06851286	0.06763244	0.02361944	0.17460810	0.09386442	0.15908134	0.19745675	-0.11204161	0.17012435	0.07309269	0.03494231	0.19792652	0.29097676	-0.00420070	0.23289463	-0.03842775	0.02731026	0.11532294	-0.05325012	-0.09308749	-0.01926512	-0.02463427	0.00298989	0.01537573	-0.06752505	0.26276357	0.02081276	0.17025311	0.03946369	0.03101185	0.02778288	0.41664958	0.31269567	0.41128076	0.28717230	0.44070956	0.53324024	0.37711231	0.23951066	0.10018819	0.00724334	-0.15422966	0.04431191	0.22764151	-0.05639021	0.06169442	0.09526247	0.05704467	-0.33021021	0.21935690	0.18153382	0.03815207	0.03461319	0.06521477	-0.00691896	0.34085420	1.07281428	0.31105710	0.09607867	0.42599113	-0.04697688	0.18975557	0.10594428	0.08927656	-0.04591793	-0.00061545	0.05799608	0.02365726	0.12548635	0.02257469	0.21850907	0.11760977	0.41381996	0.19106673	0.10423301	0.14521422	0.05594049	0.28084740	0.14783656	0.11248740	0.17452048	0.04309531	0.24831037	0.12556830	0.08849720	0.05358648	0.20135877	0.19152782	0.11139355	0.10240855	0.07504904	0.12692542	-0.00137520	0.10156689	0.14352300	0.25299463	0.21360926	0.17281014	0.05353968	-0.03746308	0.12880373	0.33785085	0.05259806	0.09019775	0.09389539	-0.19434386	-0.07661205	-0.05398216	-0.04755385	0.05624111	-0.04979041	0.08661441	0.04806743	0.19828088	0.11723016	-0.07279690	0.14692834	0.18354976	0.08697743	0.05135193	0.20562707	-0.03641555	0.17858073	0.15018846	0.05109613	0.04590918	0.04632821	0.13691182	0.18472118	0.05723239	-0.04608764	0.14934551	0.02834234	0.28138865	0.19000725	0.04039911	0.20532501	0.09763182	0.15919990	0.12320219	0.10231522	0.07981406	0.03850571	0.07443140	0.25540808	0.02424957	-0.03209753	-0.10164990	-0.21258173	-0.07319639	-0.07715463	-0.05778947	0.04840922	0.08748623	-0.03190525	0.06016588	0.28754643	0.14228337	0.03882668	0.38971737	0.03147011	0.22338958	0.13228633	0.15262945	0.21380427	0.25022236	0.15149910	-0.04130494	0.16886722	-0.03820458	0.01524238	0.01114488	-0.00831845	-0.08059344	0.01535901	-0.02301263	-0.08887821	0.10652251	-0.05715413	0.12567705	-0.08790630	-0.18483557	0.01344960	-0.10731528	-0.15512079	-0.11368061	-0.01310511	-0.07953718	0.09168246	-0.03528121	-0.11145116	0.02566063	-0.06729497	0.26236714	0.14490251	0.18410626	-0.06411037	0.03229053	0.16994238	0.03156219	0.09122938	0.08048682	-0.12478468	-0.08852624	0.13858304	0.10442451	0.26959692	0.14353373	0.07271868	0.05406576	0.13068437	0.00608461	0.33704590	0.24344347	-0.02196843	0.05934472	0.08439323	-0.03109119	0.30209270	0.10309332	0.00486506	0.05089225	0.03499580	0.04621142	0.38324829	0.12563061	0.01055961	0.15681415	0.09808936	0.32856669	0.39228555	0.01243628	0.40216914	0.25296520	0.35276919	0.15604671	0.28973654	0.03738637	-0.08522173	0.04033211	0.16008435	-0.01959390	-0.07773074	0.44135522	0.34573819	0.11726081	0.32986191	0.22565795	0.11984017	0.02668831	0.25346785	0.17358948	0.02246482	0.12981313	0.20501235	0.13540374	0.18543813	0.05135192	0.07455607	0.38655515	0.32901140	0.28876683	0.41161626	0.17779150	0.03350501	0.01181378	0.19050377	0.13705130	0.10447163	0.11161069	0.14451918	0.15852006	0.03355365	0.06654616	0.04075560	0.15720403	0.06885707	0.18809882	0.21705255	-0.00756239	0.16722233	0.17158310	0.09394143	0.05551219	0.01108750	0.05597645	0.03871582	0.03203593	0.06355031	-0.06299998	0.16618762	0.08434693	0.21277178	0.27421932	0.15697109	-0.02002426	0.26657948	0.15453916	-0.06998543	0.01544747	-0.03462079	0.09782634	0.02168051	0.22251166	-0.00581933	-0.07853823	-0.03415232
17Networks_RH_VisPeri_ExStrInf_3	0.49173876	0.44773694	0.24764329	0.31275870	0.21168616	0.44128521	0.29515877	0.15477346	0.26836231	0.05669657	0.11967126	0.08110639	0.34262796	0.45128200	0.38544822	0.35855243	0.04742155	0.18562420	0.12949210	0.24395562	0.02466998	0.23818364	0.04380040	0.05904758	0.15734175	0.14979681	0.04733984	-0.16070414	0.25859348	0.08784963	0.06706821	0.07337826	0.26119602	0.14599064	0.08050034	0.25863434	0.03814316	0.13637124	0.18968002	0.39229744	0.16634901	0.03099925	0.14955385	0.08299534	0.23696170	0.08659838	0.12958731	0.13454674	-0.04633846	0.05245735	0.28669122	0.28179328	0.28826969	0.31812738	0.07000404	-0.12870691	0.05149914	-0.08044214	0.16266254	0.32179581	0.32604741	0.38654161	0.41814576	0.24888943	-0.04459671	0.04345805	-0.02843093	-0.03256569	-0.06814358	0.07917870	0.08171892	-0.03823244	0.03956979	0.16415705	0.07769006	0.14944455	0.00295847	-0.00492749	-0.03804793	0.02972199	0.22413816	0.20059141	0.24969272	0.18169425	0.18189276	0.23703163	0.05392333	0.05247253	0.26506942	0.16676525	0.07600233	0.00748072	0.15626018	0.12828353	0.12695404	0.09283174	0.03648419	0.34029644	0.26888678	0.16887115	0.02867786	0.26773561	0.07587909	-0.02578794	0.25843409	0.08348411	-0.04827842	0.24515499	0.27593143	0.14136148	0.08185791	0.21888283	0.23384018	0.00131559	0.13915301	0.20988634	0.10289188	0.06886677	0.13791928	0.08603123	0.08883445	-0.02221553	0.01083103	0.11246292	-0.04428194	0.00840530	0.13096297	0.07147202	-0.15042253	0.02304003	0.11825538	0.17049343	0.16710164	0.17701298	0.16534916	0.08324838	-0.00050626	-0.09494482	0.12025365	0.09262182	0.22320208	0.16332289	0.21576759	0.01517122	0.00068826	0.01752168	0.10882802	-0.07882109	0.11306323	0.14315016	0.15889571	0.06812606	0.04202062	0.09674881	0.00664063	0.09258548	0.19474776	0.36166089	0.05385733	0.14379687	0.25155700	0.07497490	0.25411348	0.19830591	0.21063169	0.17343966	0.13101385	0.11662772	0.29190211	0.18453741	0.09321442	0.16452403	0.24359040	0.10007174	0.35527028	0.22841044	0.30811792	0.03812713	0.09963815	0.13099949	0.05224184	0.18461337	0.27214242	0.10791344	0.23285662	0.20218079	0.19803827	0.07521942	0.37887957	0.14365030	0.18608984	0.15382452	0.14048979	0.26934668	0.06246136	0.12932039	0.06610266	0.22954807	0.06925124	0.18018845	0.39386810	0.11481436	0.39356930	0.29570249	0.18612986	-0.05259538	0.49593561	0.17349448	0.19495096	0.11588631	0.14754113	0.01689053	0.27262373	0.31105710	0.93687858	0.24312929	0.23452856	-0.04829587	0.24669935	0.08125860	0.09229423	-0.03581421	-0.04983322	0.09013598	0.13497383	0.21566621	-0.01201915	0.09498439	0.13027138	0.11773416	0.15318370	0.12819655	0.07874945	0.01593684	0.19166232	0.09689554	-0.05415934	0.20074301	0.13575635	-0.02344675	0.26986557	0.06730663	0.25826838	0.27309323	0.26367115	0.12806231	0.05480500	0.09828834	0.21886050	-0.04470462	0.14145169	0.14129179	0.21140405	-0.03305923	0.12982627	0.01898531	0.13382865	0.14555283	0.20805354	0.26825167	0.23889834	0.20679925	0.01405437	0.08100941	0.09393284	-0.00338294	0.07779455	0.00703363	0.00154237	0.10300893	0.19128844	0.10761798	0.23853843	0.07163792	0.08974222	0.10769635	0.06587747	0.16098057	0.07402414	0.11671789	0.19916118	0.35814658	0.20077052	0.19958991	0.00950204	-0.01448985	-0.12975092	0.21731765	0.15236332	0.10742215	0.28843744	0.19150530	-0.09436433	0.18082354	0.20380502	0.29588661	-0.01738435	0.10586555	0.07015500	0.09925824	-0.13396469	0.39582027	0.08530827	0.03959177	0.08704082	-0.01447521	0.19739616	0.04293821	0.02816053	0.00465631	0.17804548	0.11852209	0.14246633	0.22100311	0.05410268	-0.08171448	0.22240128	0.18487546	0.17426404	0.10905511	-0.02839980	0.14121611	0.07336629	0.26753824	0.03139611	0.14947638	-0.01006577	0.08163082	-0.03109238	0.17386202	0.11185768	-0.04743535	0.07099819	0.11139351	0.04217496	0.16979289	0.26515205	0.00325291	-0.02094291	0.10857337	-0.02424719	0.04077337	0.02857749	0.22797360	-0.03660465	0.13718326	0.04601440	0.14016073	0.23637903	0.06519500	-0.05161380	0.04094911	0.05183647	0.11588032	-0.04826051	0.11622150	-0.09646712	0.10449950	0.14497658	0.03446749	0.02080619	0.01431735	0.01189296	-0.01283986	0.08867906	0.33452441	0.07118104	0.08998254	0.24008810	0.23158298	0.24285443	0.06346080	0.17987143	0.17400532	0.16980153	0.05519143	0.11440009	0.17304724	0.30037957	0.10199587	0.30855899	0.24508898	0.30943502	0.18082340	0.14448167	0.05253884	0.21422157	0.10932823	0.05344535	0.17734343	-0.00109356	0.09261491	0.05350830	0.18810806	0.00559742	-0.05031518	0.14136726	0.14589960	0.11162444	0.01207926	0.21935525	0.16614985	0.10963161	0.26407081	0.34171084	-0.01595744	-0.06837073	0.26605864	0.08440135	-0.06059849	0.15442453	0.00495305	0.10814970	0.15354335	-0.04835031	0.22688449	0.16015937	0.18666071	0.14603963	0.28003475	0.30535669	0.01671455	-0.03499114	0.09668900	0.06906410	-0.10421201	-0.01590383	0.14785445	0.02244608	-0.03518706	0.06592271	0.02218039	0.17939656	0.02099831	0.09273364	0.11215050	0.00327153	0.03768663	0.22966905	-0.01842767	0.18374847	0.01653785	0.19513491	0.07146010	0.05519491	0.08209949	0.01495976	0.24900673	0.17386179	0.10400306	0.09884986	0.16757066	0.06384497	0.05505651	0.02702849	0.01032906	0.17231450	0.02953802	0.24367156	0.19955207	0.24889774	0.32709140	0.23049839	0.09196624
17Networks_RH_VisPeri_ExStrInf_4	0.30167065	0.24041142	0.25610033	0.24935771	0.10593050	0.17362727	0.32827110	0.08945771	0.20637116	0.40410772	0.13803093	0.04991047	0.27762860	0.30375519	0.32498824	0.26188961	0.31385508	0.38509024	0.34622269	0.18083541	0.23059424	0.29854487	0.02407020	0.32277016	0.27083053	0.21741603	0.23049577	-0.05362744	0.20849167	0.16282881	0.13917237	0.16929151	0.19879880	0.09355634	-0.11346022	0.13295507	-0.01874925	0.12476516	0.10341561	0.10584583	0.05007176	0.10174363	0.06508406	0.23833025	0.22928945	0.24026338	0.08961096	0.27773247	0.07113201	0.13190289	0.23253189	0.24053201	0.22883939	0.24856629	0.08884168	0.07654370	0.15833037	0.08111962	0.21342431	0.26517589	0.01460851	0.30807884	0.20899454	0.03778717	-0.14033433	-0.03615254	-0.14515036	0.08875786	-0.02493277	0.04842042	0.05308072	0.06722275	0.14735713	0.12220609	0.04281743	0.17856390	-0.03018348	-0.07044809	-0.01859450	0.07500681	0.11286881	0.23519376	0.15377626	0.10482835	0.10884146	0.18550753	0.29885955	0.25570340	0.07971210	0.17601612	0.09753089	0.12193891	0.24615903	0.11997011	0.16887632	0.16033404	0.14461843	0.35209010	0.23095953	0.11245151	0.08945286	0.11672819	0.01811226	0.00984368	0.04043117	0.08404431	0.01462596	0.23077454	0.23860563	0.09863450	0.06911052	0.20638426	0.22150616	0.07079168	0.00045086	0.12906060	0.07040129	-0.04052894	-0.05113983	-0.02554666	0.13220321	-0.01410719	0.09408617	0.16899898	0.00670304	0.08089265	0.07269190	-0.10665235	-0.12083355	-0.06317762	0.05020307	0.09087962	0.11920098	0.19318582	-0.04672834	0.14592673	0.08720992	-0.12130893	0.06804028	0.03447248	0.11983456	0.11900348	0.28837908	0.08884727	0.00004198	-0.08789664	0.15838137	-0.00858348	0.22413688	0.13100698	0.13271557	0.15301285	0.02891346	0.15643299	0.05164309	0.05066797	0.09486400	0.33805759	0.11659221	0.18163804	0.18583605	0.18931073	0.13840011	0.13945310	0.24671125	0.21903016	0.13361367	0.12781914	0.25476395	0.17938223	0.19537223	0.28222304	0.02330827	0.25677505	0.30698316	0.18207781	0.22544338	0.14107075	0.10747871	0.18762128	0.11355233	0.23430418	0.18341873	0.04268111	0.17903864	0.09287832	0.02127664	0.11845435	0.27084916	0.15041329	0.21272635	0.01058616	0.02924168	-0.03708584	0.16672776	0.37727163	0.15986159	0.16373936	0.04278578	0.20666639	0.10363628	0.12239288	0.31107675	0.05780908	0.04944206	0.14500117	0.22155169	0.15897796	0.18596684	0.40536988	0.11926457	0.06627349	0.17882252	0.09607867	0.24312929	1.06701585	0.14766782	0.35684656	0.46390538	0.38746687	0.36040331	0.46436106	0.27516687	0.18484299	0.28615230	0.24158781	0.18161507	0.22454180	0.25840345	0.00638462	0.13602343	0.06893347	0.23144803	0.13404140	0.05356023	0.06503237	-0.05445627	0.14634114	0.03615125	0.12109844	0.11239010	-0.11088260	0.09415325	0.11443405	0.29155252	0.13876473	0.23242918	0.13608905	0.26172015	0.11980065	0.23549085	0.27228802	0.19218681	0.04845422	0.28654778	0.15470139	0.16765477	0.09114076	-0.01660517	0.12047080	0.12180230	0.18786071	0.04373898	0.12606826	0.08344930	0.08574208	0.17184258	0.08971659	0.01184801	0.14573329	0.15310088	0.01255051	0.07691480	0.07437147	0.11828544	0.11117498	0.10350659	0.10507868	0.10673585	0.06302334	0.02394008	0.22699570	0.06078513	-0.03021637	0.11720416	0.06379268	-0.07186738	0.23048895	0.17005522	0.12437581	0.21536791	0.24935231	0.16294815	0.22338599	0.06679386	0.28369753	0.09119705	0.20417738	0.17815111	0.15536163	-0.04752289	0.29377392	0.00161396	0.12924868	0.05770914	-0.11452722	0.02800117	0.02518061	0.07581973	-0.01025885	0.18380076	0.17229569	0.13609053	0.10252054	0.13322399	0.01668283	-0.02145844	0.04503499	0.14725210	0.09987918	0.08748843	0.13976511	0.07534044	0.13169814	-0.02191485	0.06844888	0.01839036	0.11316851	-0.11576212	0.12551427	0.05745291	-0.02536599	-0.09109077	0.09285624	0.03427443	0.04332469	-0.07839729	-0.01797844	-0.00241372	0.07633154	0.11858559	-0.03434073	0.08255835	0.08328181	-0.04585939	-0.07001692	-0.01021876	0.01150460	0.12181769	0.24558197	0.06521428	0.22695528	0.05820352	0.13182135	-0.01655699	-0.00871070	-0.03588898	0.06951938	0.11188561	0.07862188	-0.06794073	-0.01258408	0.03622164	-0.07461184	0.10711981	0.29536883	0.12427118	0.03831868	0.03665365	0.10381273	0.22408628	0.04665832	0.15291515	0.03238336	0.08356548	0.10522927	0.29816319	0.02205880	0.30770932	0.11916701	0.19339551	0.07174206	0.20249980	0.17598866	0.13925841	0.13096573	0.26499043	0.14510453	-0.05628607	-0.01583023	0.05985849	-0.02761621	-0.03167002	0.23114268	0.02552981	0.04057045	0.27600871	0.26927325	0.15741222	0.11714923	-0.07256308	0.07447389	0.08387613	0.00698941	0.23735452	-0.05932534	-0.02601549	0.16172088	0.03867481	-0.00518164	0.08647909	-0.03599196	0.09660286	0.21188574	-0.00552957	0.07626986	-0.02250947	0.01817641	0.00671601	-0.04886217	0.25908161	0.08931780	-0.05448162	0.06920648	0.07785809	-0.04588283	0.05145801	-0.00852396	0.07765653	0.17535728	0.03422577	0.03481340	0.05385218	0.02779103	-0.04452512	0.10424854	0.07293594	-0.00010819	0.02869697	0.06194473	0.20094651	-0.05532244	0.08309396	0.02823526	0.22437315	0.18330965	0.13310276	-0.04205327	0.16609514	0.10788522	0.22319190	0.05990786	0.03579448	0.00749271	-0.11466420	-0.01299292	0.21967400	0.16198246	0.27966595	0.25619583	0.26486653	0.31707500	0.29989212	0.23247060
17Networks_RH_VisPeri_ExStrInf_5	0.05694107	0.15655152	-0.12004303	0.02942285	0.03280708	0.17544500	-0.02227580	0.07492266	0.09410819	-0.00816821	0.05504044	0.02739601	0.33640296	0.34750806	0.00546236	0.38504644	0.29450883	0.12001186	0.11994335	0.25284897	0.04731685	0.18088239	-0.00645471	0.07141747	0.16195903	0.16140470	0.08982465	0.02862172	0.09431837	0.22644963	0.16411682	0.17425229	0.13790338	0.07462695	0.02319732	0.15492160	0.16001931	-0.05907232	-0.10616569	0.12697599	0.18223038	0.13125200	0.07410940	0.17592132	0.20470713	-0.02168106	0.20375027	0.21214101	0.09570381	0.09688281	0.13957313	0.25055219	0.18281077	0.12556795	0.07603989	-0.01526476	-0.04134369	0.08616228	0.03379719	0.07593404	0.24547925	-0.05662971	0.10794851	0.02213949	-0.14769043	-0.03571051	-0.08828407	-0.02532252	-0.15662972	-0.16075490	-0.04389796	-0.13222885	-0.02489604	0.03376777	-0.12537506	0.01993307	0.03537707	0.08173906	-0.08452751	-0.04100550	0.09259958	-0.01371178	-0.02685421	-0.00498189	0.00841683	0.18455838	-0.06242050	0.03788770	0.26448461	0.22754105	0.11040251	0.17601103	0.23324482	-0.01346565	0.04921487	0.14423019	-0.11078538	0.11243901	0.00933508	0.15048606	-0.04938335	0.06666317	-0.15386115	0.08047316	0.19428534	0.03339593	-0.08517665	0.01646526	-0.04410825	0.17511682	-0.03973331	0.03486094	0.08275931	0.02496880	0.07388339	0.09777991	-0.04869714	-0.00435887	0.11403746	0.04289660	0.06592833	-0.09039176	-0.20417163	-0.07349131	-0.22392821	-0.10227105	-0.13897813	-0.10082548	-0.01130771	-0.03965132	-0.08875371	-0.02147668	0.00722757	-0.12548871	0.02590984	-0.11400733	-0.16612429	-0.19546976	-0.12508277	-0.10434174	-0.07311417	-0.15430622	0.03273424	0.11342565	0.01574959	-0.08098113	-0.01633623	-0.04973841	-0.04971913	-0.05874546	-0.07952615	-0.17713132	-0.15995825	0.08821913	0.05154158	0.03100098	-0.11702679	-0.03165019	-0.10952163	-0.02001882	0.08189496	0.06993334	0.11463464	0.16288307	-0.13559478	0.13578459	0.07925785	0.09010901	0.11355709	0.21501133	-0.05997954	0.19404384	0.04617590	0.00520300	0.10380857	-0.01519212	-0.02221293	-0.04886310	-0.10880231	-0.07946252	0.00670350	-0.11008313	0.26453909	0.05495760	0.08825707	0.00018539	-0.03025757	-0.03467623	0.30299026	0.20305402	0.18878743	0.02937972	0.29600432	0.27981192	0.29872269	0.24553958	0.03202424	0.07936079	-0.03329882	0.05444411	0.11614469	-0.15674217	-0.04558828	-0.00119281	-0.05351797	-0.30876395	0.09247181	0.04352672	0.00012274	-0.04626529	0.05344161	-0.02512188	0.21925331	0.42599113	0.23452856	0.14766782	0.90550478	-0.01492304	0.19287811	0.08197652	0.05196180	-0.02983905	-0.01258609	0.06423781	0.05801389	0.16135811	0.07577899	0.20348737	0.07206412	0.20140634	0.14322431	-0.00388041	0.12826026	0.01754955	0.14809988	0.08113411	0.07736641	0.21083818	0.03921802	0.16512386	0.01532440	0.00049228	-0.08448264	0.18462747	0.18310802	0.19946739	0.05793259	0.08209273	0.18126710	0.04817485	0.09534739	0.07918948	0.22477568	0.02770121	0.05907024	-0.02022900	0.02152931	0.17751194	0.15092268	-0.11941207	-0.02904331	0.02368943	-0.13437900	-0.14327021	-0.17057434	-0.04884143	0.04859188	0.01215558	-0.01894866	-0.00672708	0.19734786	0.01339875	-0.09048477	0.04443942	0.07929110	-0.04491815	0.05291675	0.08146071	-0.08987120	0.12709810	0.09932913	-0.03471780	-0.00554422	0.07246621	0.14165871	0.06954793	0.04243685	-0.04450335	0.11476574	0.14294124	0.24966617	0.16897634	0.15677050	0.25159643	0.03146473	0.09726168	0.06241074	0.04798093	0.10115535	0.09505710	0.07964901	0.15115538	-0.04700570	0.01416717	-0.04248856	-0.20603440	-0.01099709	-0.12474158	0.04239082	0.05361611	0.04722780	-0.03061992	-0.03411466	0.19926892	-0.01329398	-0.09073544	0.16650912	-0.05268392	0.10762789	0.07253311	0.05167476	0.10912122	0.09968894	0.04834031	-0.11520564	-0.01550461	-0.01488689	-0.01794189	-0.03815582	-0.12029186	-0.09383580	-0.11020639	-0.08798043	-0.03815033	0.01395418	-0.04944936	0.00339357	-0.07762239	-0.16970101	0.04784818	-0.08995136	-0.16554317	-0.12171022	-0.08440032	-0.10675006	0.00429729	-0.12771152	-0.09231740	-0.05354982	-0.02394804	0.12493357	0.07015047	-0.01196946	-0.08255426	-0.11481585	0.08228398	-0.02132330	0.04215868	-0.02081996	-0.17635539	-0.17290253	-0.01140083	0.08152980	0.10843350	0.07553689	-0.00577158	-0.03446866	-0.01360133	-0.05844580	0.20005213	0.16974522	-0.06143579	0.06311049	0.03920516	0.01713447	0.15718290	0.07325546	-0.00808930	-0.00461560	-0.01623518	-0.06749852	0.30988278	0.11764976	0.02776572	-0.02135604	-0.02851631	0.17660531	0.22428074	0.01381013	0.24559678	0.00953548	0.25496782	0.22794648	0.18306964	0.08659497	-0.02204060	0.05508345	0.11572824	-0.06618465	-0.06372421	0.30377862	0.32534236	0.11358777	0.18617818	0.17059568	0.07266915	0.04336785	0.14743130	0.23222060	0.06683346	0.24548249	0.14663180	0.07778247	0.31263364	0.05137972	-0.04275131	0.21271130	0.27672942	0.15729413	0.28209269	0.12445718	0.14171979	0.01507034	0.17881230	0.06533627	0.09401726	0.18628684	0.10760564	0.12985307	0.13774901	0.00864598	0.00935602	0.01358241	0.04787644	0.06393700	0.18481249	-0.00142207	0.02603322	0.17594344	0.03231958	0.00496431	0.01317165	0.03360504	-0.02981452	-0.00323537	-0.00130117	0.00147434	0.14702974	-0.01528008	0.08122224	0.12557938	0.09726189	-0.07675999	0.08948629	0.05274335	-0.10943614	0.02941776	-0.06419441	-0.01917317	-0.06978037	0.10796739	-0.03870629	-0.03436742	-0.08731370
17Networks_RH_VisPeri_StriCal_1	0.07287729	0.18832956	0.19686496	0.24489972	0.14627760	0.04301875	0.29057752	0.03716550	0.20740670	0.34617157	0.25575637	0.31926091	0.14229101	0.02574810	0.21362139	-0.03765511	0.18332797	0.31560370	0.32165556	0.05663972	0.31178913	0.12859910	0.10073127	0.10999053	0.03430640	0.12140665	0.17357761	0.11295404	0.01362706	0.01801119	-0.03554564	-0.00619697	0.23322557	0.13010629	-0.05723232	0.04525205	-0.00707579	0.07816141	0.02214107	-0.09467233	-0.02391174	0.06659782	-0.04975865	0.11462545	0.00044870	0.15543629	-0.04203905	-0.06273360	0.24395972	-0.05920119	-0.15776999	-0.07696786	-0.11775127	-0.06322825	0.05283481	0.07469238	0.06908847	0.16150547	0.05916156	0.14237137	-0.08602650	0.22183273	0.10160013	0.02364184	0.03681898	0.07891096	0.09001991	0.15354659	-0.02854659	0.01389219	0.05985906	0.15512395	0.07481174	0.17087368	0.14985990	0.15058184	0.02629971	-0.01903604	-0.00620760	0.14739183	0.09000952	0.17220972	0.12547901	0.10958643	-0.00747543	-0.07417878	0.05987165	-0.02733846	-0.13625665	-0.01385494	-0.06283090	0.01171320	-0.05887480	-0.10756709	-0.00176238	-0.02190819	-0.03241752	-0.01177974	-0.05765488	0.01204919	0.12743807	0.07430590	-0.01451077	-0.00117256	-0.14740779	-0.02966156	0.06721926	0.10464209	0.06191289	0.04505351	0.10044368	0.04446162	0.07392683	0.16735380	0.01110330	0.05145643	0.18084075	0.07816315	-0.10499566	0.00432029	0.14004984	0.09736730	-0.13366733	0.14696365	0.03789268	0.06152760	0.00372040	-0.19808153	0.02532446	-0.08889673	-0.00927022	0.01539335	-0.08531531	0.06998962	-0.06733702	0.05773067	-0.01989233	-0.08366263	0.14601596	-0.05466008	0.00279707	0.04426831	-0.02594318	0.09848524	-0.06069804	0.07625482	0.15024334	0.11979404	0.15986193	0.16745480	0.13139279	0.09642683	0.17591543	0.42894640	0.29456755	0.26159143	0.08973489	0.07866628	0.17715579	0.21106844	0.15351436	0.16954712	-0.04580037	-0.04355819	0.13324328	0.02293971	0.01216893	0.09980894	0.15574239	0.12763111	0.13069304	0.04676699	0.06259723	0.13472430	0.11077659	0.16255759	0.06588765	0.02279936	0.10042703	0.15757222	0.08555113	0.12605648	-0.03739662	-0.03018534	0.04378335	-0.02062395	-0.13560619	0.17479098	0.04145184	0.25015304	0.14627756	-0.10361313	-0.02273038	-0.09331349	-0.03077698	0.11115559	0.19688599	-0.06533679	0.08623954	0.03768186	0.00422900	0.21991355	0.30521176	0.06611931	0.17326356	0.30215204	0.15917280	0.20048399	0.22958990	0.21211685	0.34519558	0.29641657	0.03666241	-0.04697688	-0.04829587	0.35684656	-0.01492304	1.02912903	0.21770091	0.21984462	0.37981251	0.30472450	0.29509590	0.06081938	0.08344139	0.07678549	0.07278141	-0.04208748	0.03116906	0.08042816	0.00436771	-0.01474980	0.12245111	0.00744644	-0.04572203	0.04080748	0.06663005	0.00673230	-0.03154337	0.03908566	0.05267698	-0.11961788	-0.01800503	-0.10239875	-0.08140615	-0.18491781	0.01665436	-0.20814662	-0.01334731	-0.00039182	-0.09684899	-0.10773056	-0.03451419	-0.13330413	-0.07366276	0.09245674	0.02736104	0.02868203	-0.09471833	0.07984505	0.06900573	0.03980795	0.04313102	0.22876351	0.12997444	0.09887238	-0.00101460	0.18323895	0.06110673	-0.03035868	0.03080992	0.03441100	-0.02362605	0.06471597	0.01217989	0.08608061	0.01581080	0.10255656	0.05610773	-0.02463295	0.00272936	0.02062670	-0.13537403	-0.10565034	-0.08820985	0.07276896	-0.15709735	-0.05787639	0.04708154	-0.07664977	-0.09491103	-0.08201951	0.06822182	-0.00608336	-0.15630144	0.00836085	-0.04408791	0.06823359	-0.05234822	0.03911792	-0.07059303	0.02890542	-0.00240966	-0.07069320	-0.07376499	-0.03954517	0.03441145	0.17832355	0.08294943	-0.10081163	0.11583426	0.03655184	0.08700491	0.00095316	0.16141297	0.08414164	-0.11636274	0.06240440	0.07786662	0.04514290	0.09072914	0.14702295	0.03818081	-0.01642395	0.07674281	-0.00655603	-0.04782790	-0.00452978	0.10775491	-0.04340802	-0.04003673	-0.00980533	-0.19250579	0.04831914	0.01156525	0.02501193	-0.10238888	-0.00732483	0.00595591	-0.11820274	0.03663972	-0.03578081	0.11691564	0.06087025	0.12267894	-0.03536133	0.02867183	-0.04966537	0.03330851	0.05867877	0.06284383	0.07622839	0.22156899	0.20159993	0.00813470	0.10296597	0.09327510	0.15260570	0.13923980	0.19599023	0.12253191	0.20072524	0.31468581	0.19508777	0.21153983	0.11383698	0.22911587	0.12627644	0.02226977	0.08747208	0.09252831	0.07014975	-0.00384569	-0.00938479	0.04329883	0.13625983	0.12668258	0.02374329	0.02619773	0.17867239	0.07745013	-0.00798262	-0.05002582	-0.03129698	0.25280635	0.24996291	0.16279589	0.22761367	0.08343837	-0.02450521	0.06514183	0.15185754	0.06301603	0.05399014	0.06784185	-0.00783403	0.09257387	-0.01536980	0.04055418	-0.03921110	-0.02655788	0.00149045	0.03705856	-0.16033139	0.09015341	0.04137605	0.05765790	0.06561246	-0.05042565	0.05972402	-0.01541883	-0.07578796	0.08746584	0.06911249	-0.01379364	0.00836717	0.01258246	0.06851519	-0.02191399	-0.19449892	0.04200846	0.10496868	0.05087209	0.02187474	0.11284894	0.11007113	0.05213216	0.00732667	0.09904525	0.07790603	-0.03922319	0.05171969	0.14823816	0.03320589	0.03099220	-0.01417593	0.05866695	0.11543031	0.02888819	0.10216800	0.13508671	0.10731140	0.11377737	0.13821316	0.23593352	0.22846657	0.16011712	-0.05448361	0.17205226	0.18675877	0.15506073	-0.01959997	0.15424756	0.11451338	-0.00694522	0.00086125	0.09999802	0.26008808	0.22746232	0.19718199	0.21586795	0.22678111	0.24031292	0.30940329
17Networks_RH_VisPeri_StriCal_2	0.22099073	0.12296560	0.15460141	0.20927980	0.14362087	0.26601511	0.16240051	0.27961857	0.21961145	0.37228428	0.18788569	0.14438609	0.27643484	0.40738379	0.25687856	0.32868469	0.23962620	0.37459253	0.34213905	0.40472261	0.25896543	0.48143680	0.06394448	0.33615215	0.30678706	0.21906583	0.31063684	0.21412919	0.25516938	0.21310577	0.10371058	0.15749041	0.32231291	0.19718276	-0.00039503	0.19219641	0.03565882	-0.03061993	-0.01833889	0.19013122	0.10210692	0.07784189	-0.04524242	0.18837124	0.22988646	0.19747648	0.28434759	0.28785642	0.06850595	0.22551568	0.26262593	0.18775406	0.26970659	0.25054496	0.08661019	0.07601710	0.04121140	0.17188580	0.15915907	0.03232447	0.06999564	0.11069217	0.24679618	0.06587726	-0.11347861	0.06192911	-0.02825243	0.10767239	-0.00022975	0.03738249	0.08931748	0.06502626	0.12439813	0.18784515	0.10564078	0.15049040	0.09336856	0.05895943	0.00030023	0.07553621	0.15298448	0.14780741	0.00237968	0.08900590	0.13919518	0.19097772	0.27184886	0.24101038	0.29004422	0.19835748	0.23808577	0.23948048	0.31515079	0.22388930	0.20748522	0.24592625	0.09336309	0.27072860	0.16792819	0.01606916	0.10653281	0.17501926	-0.08809449	0.26300896	0.24753595	0.11619545	-0.09073625	0.05682035	0.18105331	0.04618886	-0.08034532	0.08353096	0.00082898	-0.01677890	-0.08207166	0.03878226	0.04427765	-0.05023606	-0.06167320	0.14003231	0.19654828	-0.09204632	0.04940657	0.08740429	-0.01911246	0.05966309	0.04544488	-0.06155888	0.02520414	0.01113612	-0.07064008	-0.03683967	0.12562924	0.05686377	-0.13276691	-0.07307947	-0.05901461	-0.09055557	-0.11635817	-0.09971598	-0.11337554	-0.02611707	0.06385092	0.12583836	0.14996482	0.00123398	0.06953585	0.09354276	-0.03063195	-0.16153147	-0.17380353	-0.00788810	-0.17514109	-0.02067797	-0.07473400	-0.12961977	-0.00221994	0.06270132	-0.09751059	-0.00666510	0.03639302	-0.00569259	0.01145469	0.02763672	-0.09430347	0.14531209	0.03403182	-0.02739888	0.02840393	0.10758447	-0.01140660	0.09703156	-0.08915507	0.03332353	0.00539498	-0.05447323	0.07441453	0.03667981	-0.07613763	0.04005054	-0.05038278	-0.10637287	0.12266449	0.05237312	0.04070662	0.09952020	0.04231432	-0.10584970	0.28638368	0.05980520	0.13718160	0.02207985	0.02572808	0.08427670	0.26919526	0.26135653	0.14479690	0.16052546	0.13314068	0.21412835	0.03838574	0.01377804	0.24501864	-0.03682829	0.07625126	-0.14214738	0.14028424	0.15203601	0.14641755	0.27862638	0.13800121	0.10403046	0.20089930	0.18975557	0.24669935	0.46390538	0.19287811	0.21770091	1.05829338	0.45970698	0.27783186	0.39481591	0.24741807	0.08795504	0.11827780	0.31610552	0.04932255	0.23169336	0.16046392	0.14195914	0.09525967	0.05666671	0.13842186	0.02540874	0.08390157	0.06195755	0.04839796	0.13256148	0.00624161	0.11927006	0.11844347	0.01155780	0.08474546	0.19509821	0.30050147	0.25509444	0.25622397	0.19686915	0.24237220	-0.01361721	0.20121860	0.30970999	0.22508075	0.06308298	0.18243113	0.11760557	0.03189209	0.10474542	0.01006511	-0.07117082	-0.07400611	0.17477597	0.06431371	0.11781821	0.11149870	0.19181058	0.11961438	0.18656259	0.08176743	0.18191329	0.16526812	0.06830177	0.02005041	0.06802970	0.11889714	0.11650316	0.08118236	0.23806113	0.21253568	0.11850196	0.09354790	0.18254477	0.05536552	0.08942848	0.19710063	0.09922737	-0.02704897	0.20312086	0.27950630	0.30049155	0.29085622	0.34459260	0.16939575	0.26905136	0.28049794	0.28708134	0.10502612	0.20722867	0.20200156	0.26914659	-0.01457378	0.30648744	0.12983367	0.19970946	0.17216290	0.03323428	0.06593833	0.08871606	0.26806478	0.32382065	0.28312787	0.33599301	0.10251509	0.16157087	0.01418981	0.06847842	0.01078957	-0.03785731	0.08218337	0.01524456	0.10726134	0.11532267	0.05389119	0.08438095	0.06897657	0.06948185	0.08162554	0.11703232	-0.04606526	0.08050292	0.13933062	0.02698516	0.10585098	0.07089339	0.02201133	-0.01205588	-0.03316613	0.15936507	0.08481178	0.16818196	0.15948539	0.02652973	0.04351323	-0.01585765	-0.03146827	-0.05075838	0.05559909	0.10252633	0.09257304	0.18082451	0.16859458	0.29628524	-0.05929638	0.14734450	0.10683307	-0.07276670	0.06195579	-0.04220010	0.03155164	0.02686716	-0.02227602	-0.09579522	-0.11958189	-0.08370931	0.00788903	0.16800034	0.01909723	-0.06508800	-0.00268982	0.09564827	0.10364613	0.07708147	0.16347570	0.06975424	0.18044838	0.07207536	0.10967516	-0.16261132	0.13128249	0.05615110	0.03170834	0.17529210	0.28652643	0.32247386	-0.04141675	-0.02979871	0.26020417	0.10827138	0.02083809	-0.00905269	0.06312959	-0.00284353	0.07859421	0.26033644	0.11714622	0.24491567	0.39630281	0.41271431	0.09834806	0.16535501	-0.00781734	0.03889683	0.06931118	0.08366653	0.19296802	0.00754234	-0.03182274	0.20203548	0.14476069	0.13960348	0.14286730	0.11711164	0.22899510	0.30577092	0.04878991	0.15688441	-0.03148385	0.05326239	0.06248748	0.05626011	0.18230296	0.05644941	-0.00369491	0.06775556	0.13819751	0.14497313	0.07728870	0.08784141	0.29141956	0.24216341	0.15558986	0.12609404	0.02490490	-0.01653224	-0.09110287	0.06015688	0.02166117	-0.01679185	0.04076176	0.01902700	0.06385031	-0.14993697	0.14318922	0.07361005	0.05265088	0.00553709	0.04778840	-0.02723888	-0.02940241	0.03166625	0.08894010	0.03871924	0.00043029	-0.02676702	-0.06923994	-0.08879742	0.08464853	0.03168216	0.03038159	-0.03225618	-0.02317750	0.08288138	0.04034473	-0.02566331
17Networks_RH_VisPeri_ExStrSup_1	0.14699262	0.26122713	0.10105151	0.07425051	0.14572100	0.20168869	0.19990427	0.18382421	0.33090430	0.36434883	0.36576430	0.28510478	0.23137395	0.24521035	0.20513085	0.23802997	0.13367233	0.36510853	0.35724782	0.40353012	0.42116412	0.48177997	0.26547313	0.38089397	0.35374803	0.31937068	0.40217134	0.27891883	0.31743806	0.20209113	0.19625531	0.23895137	0.33549882	0.23249391	0.09487498	0.23032178	0.18097363	0.00407051	0.12846097	0.19454309	0.25152875	0.03734538	0.10178384	0.19082767	0.26538217	0.16596801	0.32184027	0.28909605	0.09217318	0.34142443	0.33423011	0.26058498	0.33116587	0.28016729	0.20443643	0.19367604	0.21119957	0.31942673	0.28259687	0.04662829	0.10472908	-0.02736587	0.13225089	0.02237755	-0.01243869	0.14076870	0.06951898	0.00273522	0.01555963	0.08060174	0.15098262	0.24030674	0.25395821	0.21001508	0.07498539	0.19398569	0.04810038	0.11253645	0.15856156	0.11828386	0.08807665	0.25874203	0.00070442	0.06153466	0.25835800	0.27796516	0.31643987	0.17671452	0.19312449	0.10700935	0.21838580	0.22740857	0.25661016	0.24984221	0.29011156	0.10655041	0.21219232	0.30998419	0.24621254	0.08404286	0.21715483	0.12675134	-0.03382075	0.34055573	0.26382229	0.06322038	0.01334782	0.25496897	0.06568820	-0.00283633	-0.09950569	0.09231794	0.08093834	0.04357046	-0.00495440	0.07413466	0.10849316	0.03339596	-0.08628256	0.04163490	0.19569119	-0.05632083	0.15611127	0.10300522	0.01954195	0.07591834	0.12112045	0.09562203	0.12053633	0.19100644	0.09332814	0.13887764	0.26227044	-0.05536700	-0.08183615	0.08557056	0.05484302	-0.03786930	-0.01300523	-0.00422091	-0.04481971	0.11221534	0.25533973	0.14401461	0.19998009	-0.03921134	0.17246773	0.18414170	0.08394037	-0.02866153	-0.05031972	0.13545654	0.05979312	-0.05372218	0.01545947	-0.05397937	0.01632912	0.12629872	0.00055760	0.08811018	0.09955499	0.08022384	0.11356173	0.14526124	0.04016774	0.25531764	-0.01389321	0.08148192	0.05214721	0.01151896	0.05690537	0.05141210	-0.07578675	0.04890251	0.08940541	-0.02558079	0.11293101	0.21461941	0.05828177	0.18310000	0.09038580	0.08103763	0.09199447	0.07520921	0.05052159	0.06972009	0.12616376	0.00400888	0.22638820	0.04986664	0.17615122	0.05995833	0.11476484	0.10500529	0.24112043	0.12242198	0.20985652	0.17282935	0.16493282	0.16082519	0.01337477	-0.04614760	0.21361980	-0.13195630	0.00872251	0.08025336	0.08892715	0.31169239	0.20945713	0.27172234	0.22339859	0.33622715	0.17541213	0.10594428	0.08125860	0.38746687	0.08197652	0.21984462	0.45970698	0.93720822	0.40633092	0.50544068	0.41226226	0.31116124	0.28399302	0.38601121	0.15405215	0.35944631	0.24200265	0.21330240	0.15909177	0.11506643	0.16454141	0.14652771	0.14147706	0.11660774	0.15346638	0.16520225	0.10669018	0.12844625	0.13006053	0.01579243	0.01995304	0.00123531	0.26290806	0.25823864	0.29411324	0.18562548	0.15989467	0.12405005	0.29150942	0.37493866	0.26741057	0.24095203	0.31778055	0.22712593	0.17342884	0.14383274	0.04985201	-0.06903232	-0.14773013	0.13561696	0.10197635	0.14844165	0.12682605	0.14236962	0.14536479	0.15383781	0.12942638	0.06717873	0.17550097	0.11259134	0.06907966	0.21675645	0.18500048	0.12528207	0.15754194	0.06426401	0.23658910	0.09275096	-0.00355085	0.18251456	0.04551657	0.06792320	0.25481491	0.22713244	0.05596017	0.27050641	0.03198448	0.10522545	0.18404326	0.32224507	0.27622954	0.23232511	0.27465499	0.31417507	0.22442440	0.15239909	0.26336941	0.16282623	0.06245681	0.12859035	0.15436590	0.16502865	0.16032672	0.12570405	0.12312500	0.18466069	0.24899709	0.32623353	0.37553783	0.47561216	0.03630356	0.02483821	-0.02675369	0.03115634	0.00043950	0.01288117	-0.02590903	0.12970781	0.06214244	0.14730951	0.07750597	0.12356329	0.09484758	0.00605049	0.13292217	0.06259025	0.08204836	0.21034848	0.24894974	0.19395010	0.21046486	0.22745034	0.14661645	0.03451962	-0.01197672	0.13285486	0.19001567	0.08004004	0.16987136	0.16332550	0.21510251	0.09501973	0.15714267	-0.08956921	-0.02820333	0.13540068	0.07963397	0.33364878	0.28229712	0.32941105	-0.02021276	0.29054853	0.13424475	-0.12680869	0.13315843	0.08329808	0.09660470	0.14839006	0.07886824	0.11816465	-0.07119501	-0.01169818	-0.03055649	0.09049499	0.03840265	-0.06461056	0.05467483	0.09395433	0.12095169	0.18234211	0.11004927	0.06759908	0.10785053	0.06924576	0.15889138	0.04578531	0.26478203	0.15209112	0.01057998	-0.00388235	0.19906930	0.27232744	0.06615411	0.02384005	0.21062540	0.14497281	0.09199625	0.06185999	-0.07741227	0.01959151	0.02234650	0.25849715	0.09817781	0.20738820	0.27064596	0.32941707	0.15585382	0.19305336	0.05091662	0.04971643	0.04877548	0.02061599	0.10888089	0.03677273	0.10732423	0.17972564	0.04354790	-0.00034813	0.07370508	0.06134281	0.21844030	0.27724802	-0.01493169	0.14214886	0.00852682	0.01313965	0.03654204	-0.02359133	0.08792915	0.04378591	0.11192400	0.06636718	-0.08899580	0.01848864	0.17130515	0.03959733	0.26418165	0.26738598	0.08315957	0.16655584	0.02849733	0.13796949	0.07166851	0.11223587	0.10770376	0.10884806	0.16656417	-0.02605369	0.10454208	0.00380962	0.07156147	0.05857073	0.04482914	0.10115153	0.01531800	-0.09054087	0.03968525	0.07952660	0.10615635	0.08505356	0.10317574	0.07526604	0.00450183	0.07859175	0.08442916	0.11160720	0.04981550	0.01475688	0.06282767	-0.00278003	0.05081414	0.08392622
17Networks_RH_VisPeri_ExStrSup_2	0.26222162	0.27865355	0.18729473	0.18638197	0.24622179	0.21598997	0.34234181	0.11174615	0.34685769	0.47583999	0.45181123	0.35032618	0.17580217	0.15212304	0.29702356	0.18967664	0.20523577	0.50268532	0.44901483	0.33471145	0.55205830	0.44385131	0.35492220	0.30112320	0.16825312	0.24335344	0.21866232	0.05689230	0.18598866	0.14409352	0.13645769	0.15964577	0.24940820	0.23421190	0.10168529	0.14374286	0.13289479	0.10704307	0.19214980	0.12142345	0.15717581	0.12314172	0.06346877	0.16641225	0.08514265	0.17543873	0.07959045	0.02019333	0.00170848	0.04619376	0.07752922	0.10804181	0.08644207	0.17597846	0.10628984	0.17467290	0.05464998	0.14441388	0.13369540	0.18150762	0.05250983	0.19374779	0.19081819	0.05664204	0.18677891	0.10889703	0.03052323	0.00344493	-0.00325207	0.04100546	0.12398369	0.30379223	0.13587895	0.11087690	0.12227617	0.13489222	0.01951865	0.19456788	0.24957033	0.33110035	0.06332890	0.15426886	0.08513537	0.08516802	0.13166229	0.12480483	0.15789571	0.16000664	0.04336326	0.01042569	0.11682414	0.12189257	0.13929761	0.09690520	0.04443051	0.16029673	0.25728912	0.19477445	0.12295735	0.11000535	0.27104230	0.30707312	0.18133823	0.16151294	0.07540389	0.05395923	0.10751224	0.19083916	-0.02358584	0.02826222	-0.00130250	-0.03525723	0.27721691	0.12352967	0.01397870	-0.00134668	0.13931106	-0.01058115	-0.07287453	0.01311013	0.20789730	0.03343829	0.07841862	0.09761721	0.01621685	-0.00456485	0.09294620	-0.02819470	0.07829946	0.05691988	0.08586529	0.09260239	0.11691768	0.04221477	-0.08289138	0.16651326	0.06639182	-0.08969922	0.14825763	0.01599282	0.17657620	0.22100467	0.13099728	0.22050359	0.12519409	0.14258212	0.12721489	0.12832359	0.14945057	0.17039622	0.24601270	0.15981572	0.20997219	0.21481456	0.26392874	0.12988341	0.15438100	0.19192923	0.29035836	0.32294282	0.20570340	0.13350753	0.23864616	0.18525818	0.19621820	0.23452954	0.01868521	0.13796314	0.16140785	0.10505425	0.12416956	0.10393885	0.06809448	0.21711172	0.22586406	0.24074363	0.29663109	0.12605138	0.08588273	0.16800748	0.22406552	0.18267928	0.07986708	0.04845387	0.09143892	0.14115126	0.04404351	0.20659174	0.17787773	0.15756684	0.23131080	0.05422986	0.02857741	-0.01458369	0.08132376	0.08028821	0.12815943	0.05745345	0.06877827	0.07370447	0.09638810	0.10758596	0.33849537	0.07512483	0.11259505	0.25198858	0.27992041	0.29576429	0.25668708	0.35056105	0.44649556	0.38384364	0.13137868	0.08927656	0.09229423	0.36040331	0.05196180	0.37981251	0.27783186	0.40633092	0.92705918	0.41094733	0.53113155	0.13896092	0.20533270	0.20011147	0.12824283	0.14941563	0.18806134	0.13333087	0.16645419	0.19081812	0.24950185	0.12978652	0.11164209	0.12158673	0.24954733	0.15831471	0.12446593	0.11091943	0.09111978	-0.02857343	-0.05188207	0.03506785	0.11843288	0.06408933	0.10729412	-0.00626507	0.05603040	0.01548700	0.03163587	0.10371319	0.09749917	-0.00633512	0.08870398	0.05814565	0.04633660	0.06473171	0.11791473	0.10976244	0.14717040	0.16664580	0.08115190	0.34175611	0.23532034	0.11223275	0.11313366	0.12511667	0.15775715	0.04236324	0.18814328	0.15068514	0.11485338	0.07044737	0.09339041	0.15593025	0.03821549	0.10771112	0.24168249	0.12872438	0.03929962	0.17146220	-0.00921553	-0.01593850	0.08336256	0.04067716	-0.03830164	0.11836626	0.01997343	0.09160359	0.09906662	0.11680618	0.03942388	0.15997181	-0.04954524	0.18099863	0.08178929	0.15439592	0.14791084	0.25606932	-0.05266948	0.08205254	0.08990063	0.09346112	-0.00735896	0.00510961	0.22771471	0.29609595	0.11261989	0.05883710	0.25071125	0.21792070	0.03779155	0.00686383	0.03455251	-0.02284009	-0.08706222	0.16737604	0.07791786	0.11259194	0.06280321	0.12229709	0.09104325	0.10252046	0.12106292	0.09870380	0.06671767	0.08652099	0.19388303	0.10842423	0.04794635	0.08062071	-0.10145906	0.13994261	0.05909043	0.01805666	-0.05417490	0.03780901	0.08952213	0.00375202	0.06412964	0.14064194	0.25743205	0.18477559	0.11753849	-0.02104683	-0.04875254	0.01152116	0.17717622	0.20964670	0.21068524	0.26716035	0.30944504	0.26589416	0.17630036	0.00052654	0.11851699	0.18299680	0.20995097	0.18431489	0.19021252	0.26172126	0.25265382	0.22398098	0.11618051	0.16699061	0.26156979	0.10316939	0.17511844	0.17066470	0.23044729	0.17714424	0.08404457	0.06160971	0.08906049	0.08445144	0.25563148	0.13287679	0.24588807	0.22951461	0.04236625	0.02012538	0.11941290	0.11134461	0.28614284	0.29894832	0.24856030	0.25374739	0.17548636	0.11383291	-0.03390229	0.11867268	0.06055494	0.14608682	0.01524231	0.06925346	0.14523514	0.12771030	0.12342025	0.04851699	-0.03492025	0.12056927	-0.02497635	-0.08599886	0.16417964	0.03209367	0.02798381	0.10426246	-0.02423900	0.00421411	-0.04711068	-0.09424074	0.09607863	0.09098488	-0.01969914	0.04452930	0.03902324	0.13465069	-0.00679005	-0.11847157	0.06330053	0.04646136	0.02952396	-0.00647137	-0.02620758	0.07853314	0.06886907	-0.01078215	0.16109383	0.12283237	-0.03430882	0.07272030	0.15866938	0.11300283	0.08107633	0.10404325	0.08403974	0.14138162	0.06583208	0.09657806	0.17129090	0.12003271	0.14874925	0.12959507	0.25953480	0.24429392	0.21305447	0.06156461	0.23794265	0.17736712	0.17849793	0.01641569	0.21603685	0.16829677	0.01409905	0.10843526	0.22454950	0.29311093	0.24879829	0.20121589	0.22833539	0.22071455	0.23190431	0.28609874
17Networks_RH_VisPeri_ExStrSup_3	0.15443416	0.18228453	0.19923624	0.18244548	0.14466165	0.08635181	0.21951757	0.02137481	0.18818226	0.43098867	0.22790519	0.16381632	0.11812898	0.15984537	0.26963497	0.01785281	0.15706417	0.35057759	0.32688056	0.24755856	0.38662711	0.29709901	0.11912079	0.42908773	0.27151099	0.16767630	0.24361673	0.13902397	0.17483302	0.15951265	0.03430915	0.09309749	0.20719451	0.11727689	-0.04947199	-0.03845405	-0.03041513	0.04947659	0.12813521	-0.02836868	0.03465286	0.04450585	0.02680385	0.15340614	0.08449970	0.16890318	0.02571811	0.16886441	0.11076564	0.11899579	0.08492304	0.05981863	0.09783133	0.12372471	0.11454451	0.20088216	0.15399857	0.19651817	0.17430517	0.05206083	-0.05117161	0.08034674	0.10892347	-0.05193094	-0.09288095	0.06876016	0.06355790	0.07455275	-0.05284752	0.07725279	0.05867095	0.12427255	0.17969327	0.17515934	0.12244667	0.24820017	0.02943475	0.07756453	0.10651721	0.16429268	0.04567839	0.30369482	0.04549659	0.05449682	0.10128742	0.14224157	0.29524490	0.13450974	0.02273621	0.05547572	0.11141640	0.12529243	0.14473321	0.19291601	0.33052813	0.06525667	0.15250132	0.25003961	0.13378588	-0.01821125	0.10786844	0.08175057	-0.06031210	0.20943242	0.06960926	0.04159768	0.08382083	0.20668751	0.12709179	0.10549187	0.06501010	0.11002214	0.15407657	0.00993464	-0.08525754	-0.00377280	0.00683244	-0.02849452	-0.10803364	0.00971447	0.12463544	0.12841281	0.12269697	0.19062049	0.08229522	0.09206888	0.06659061	0.03054148	0.02467385	-0.00239025	0.15325169	0.14035183	0.11401654	0.14817971	-0.04545168	0.20801309	0.16306911	-0.03573427	0.07148024	0.09027635	0.03825380	0.14072212	0.20465056	0.19210355	0.19823729	0.01492652	0.08960796	0.08460543	0.26008065	0.13330638	0.02775360	0.19190933	0.16182501	0.10272295	0.16528474	0.08756455	0.17272684	0.12585771	0.16289639	0.24729946	0.14600784	0.13380617	0.05807023	0.06898214	0.13462450	0.21387348	0.03268891	0.08093393	0.13103428	0.11790795	0.22842616	0.16341312	-0.05022389	0.21147268	0.12788786	0.09962621	0.13081922	0.16639363	0.11639641	0.22332111	0.08486850	0.18787929	0.07575642	0.14138924	0.13565199	0.17259139	0.13763585	0.15998926	0.08194014	0.10666148	0.12200536	0.03401680	-0.00827526	-0.02735832	0.11639557	0.16795481	0.25379394	0.06797642	0.00958406	0.07044098	-0.02344962	0.03821062	0.19494709	-0.08507462	0.11345380	0.18407931	0.04819224	0.17693360	0.11606218	0.28133436	0.07994834	0.21848834	0.02985371	-0.04591793	-0.03581421	0.46436106	-0.02983905	0.30472450	0.39481591	0.50544068	0.41094733	1.02086436	0.49061808	0.20594858	0.20548967	0.26056626	0.14561873	0.26007754	0.20483050	0.11156792	0.03811866	0.06967798	0.18665746	0.07994747	-0.02705787	0.00159066	0.07894839	0.05693258	-0.03569634	0.06527738	0.02635776	-0.04344047	-0.02569354	-0.00298471	0.10627005	0.01593227	0.19942382	0.06553146	0.02219783	0.09875862	0.13840773	0.21614338	0.17681730	0.06506182	0.15376848	0.21483720	0.11251120	0.02020249	-0.03033623	-0.02488971	-0.07617188	0.11118766	0.07392722	0.18171130	0.16847457	0.22055706	0.14991013	0.04060294	0.11853915	0.08232298	0.06978406	0.07607292	0.01172059	0.12818502	0.17815941	0.15201955	0.15613848	0.10129851	0.18169368	0.09585759	-0.02235319	0.17567983	-0.07050777	-0.07213240	0.12105845	0.11462293	0.03385366	0.26016610	-0.05246607	0.02249456	0.05588432	0.16832258	0.17423244	0.10824209	0.09206266	0.29841106	0.24511139	0.24777601	0.18371756	0.08959873	-0.09030835	0.10616524	0.10244817	0.17764809	0.09445035	0.08792678	0.12415042	0.19109992	0.18906097	0.13606853	0.26777664	0.29321742	0.02418005	-0.03486569	0.10910406	0.05500568	-0.07634644	0.10112224	-0.01046827	-0.00399778	0.10704764	0.08425690	0.03553487	0.05636012	0.11411968	0.03374186	0.06418354	0.12256335	0.06045158	0.22990930	0.14078429	0.16664022	0.02531990	0.16159134	0.07570971	0.04261176	0.03440035	0.12999223	0.24946135	0.02008146	0.20240179	0.09886340	0.19334654	0.18860384	0.14741174	-0.01461076	0.08107555	0.11316183	0.15824783	0.29879166	0.31845882	0.38420498	0.12737011	0.29407675	0.16247446	-0.04679782	0.15961457	0.08270186	0.15946760	0.30254817	0.09694503	0.11167781	0.04751633	0.08376987	0.10167594	0.13159326	0.21579551	0.11677034	0.10446837	0.08589809	0.10076522	0.19022946	0.05471360	0.10640164	0.16646065	0.11178623	0.15940701	0.02452931	0.23574887	0.13123649	0.03030944	-0.02989653	0.19678925	0.24073326	0.13785346	0.14931319	0.20408629	0.14292950	0.02647446	-0.04425852	0.04323807	0.01426987	0.04470439	0.19906972	0.07775109	0.10241822	0.14801310	0.18048090	0.18367597	0.15326023	-0.10815475	0.04219483	0.01511985	-0.07175180	-0.05250590	-0.01526928	0.02724204	0.03052442	0.01890562	0.09960740	-0.01019965	0.00338944	0.13419606	0.15831930	-0.05433547	0.08102108	-0.02481993	-0.02478197	-0.01714473	-0.12483579	0.05560603	-0.00393747	0.04772089	-0.00390902	-0.04329448	0.13637864	0.06640215	-0.06569447	0.14486301	0.25129943	0.03350593	0.10217243	-0.02450839	-0.03702595	-0.01153554	0.07708045	0.06824561	-0.00703275	-0.01409789	-0.09050810	0.10910221	-0.10404760	0.07535288	0.04648105	0.09939795	0.05204596	0.11850703	-0.18907788	0.04565834	-0.03274454	0.02500744	0.00068158	0.05022031	-0.06017790	-0.06475773	0.07084760	0.11394262	0.12729021	0.09117383	0.08444515	0.02612124	0.07594562	0.11614091	0.10887288
17Networks_RH_VisPeri_ExStrSup_4	0.19997997	0.23345905	0.09960133	0.14966217	0.19754148	0.18604543	0.32820568	0.15813829	0.31393382	0.43534209	0.41422252	0.28783969	0.10737894	0.05265289	0.24800614	0.07016204	0.12896518	0.38674030	0.36520396	0.31510157	0.46698309	0.32779985	0.36445208	0.35024649	0.31120084	0.28167332	0.27831030	0.18507860	0.23129703	0.16118584	0.17134295	0.30144781	0.26707431	0.30101182	0.16499529	0.14326110	0.19496443	0.17395759	0.23591576	0.14988732	0.21518037	0.15011165	0.14795158	0.13655986	0.15919884	0.25858289	0.11005333	0.10092057	0.06016272	0.09556640	0.08638470	0.14849892	0.14922297	0.19587593	0.15468912	0.21644284	0.15367698	0.31012314	0.24114608	0.13105249	0.06600195	0.10294881	0.17103688	-0.01186229	0.05925706	0.05485271	0.09632087	-0.01656608	0.04610488	0.04383253	0.13629329	0.35257656	0.17851578	0.23172814	0.11300638	0.25007813	0.09107649	0.27282467	0.25027506	0.33983376	0.14054455	0.32042040	0.07681631	0.13780539	0.24292353	0.15432817	0.23942879	0.15095023	0.05308655	0.03162282	0.15341407	0.19868829	0.20291260	0.21541367	0.19422775	0.10420556	0.30341409	0.24226245	0.27265954	0.12040279	0.26894680	0.26614389	0.09732811	0.18646052	0.17510250	-0.00104467	0.12842706	0.23714648	0.03539304	0.02905924	0.05254829	0.06426262	0.29168315	0.16345279	0.01940920	0.01578156	0.14301308	0.07704966	-0.02146773	0.00310214	0.17734069	0.03032782	0.08302654	0.12444930	0.06260120	-0.03859412	0.11079086	0.05328768	0.10889977	0.10607850	0.13896916	0.11334330	0.15639771	0.04507897	0.00921428	0.20325463	0.14251125	-0.00973451	0.08840650	0.09569075	0.15047848	0.24160768	0.24463813	0.11478321	0.14990788	0.02979385	0.12320249	0.15210714	0.20155161	0.21142388	0.19238041	0.24080675	0.26544443	0.14931930	0.20043475	0.10866613	0.19515632	0.11144191	0.18115543	0.26508262	0.21623747	0.20605086	0.23264115	0.23634772	0.21016434	0.29236800	0.11325230	0.23694895	0.19028405	0.12096040	0.18919180	0.13383987	0.00689538	0.18659649	0.26549370	0.23850043	0.29350947	0.13616731	0.06475270	0.31876472	0.16095397	0.18562306	0.14104948	0.08654365	0.17049105	0.20199620	0.11697847	0.16565955	0.10970913	0.11245999	0.15069786	0.07553804	0.01808429	-0.00181772	0.12452704	0.07159342	0.27601952	0.09836174	-0.02809371	0.06657222	0.09592623	0.01024833	0.30180990	-0.00552026	0.10828133	0.22142003	0.15494828	0.38066472	0.21966698	0.40969474	0.36909297	0.39152987	0.16206323	-0.00061545	-0.04983322	0.27516687	-0.01258609	0.29509590	0.24741807	0.41226226	0.53113155	0.49061808	0.87712158	0.29418454	0.29542009	0.32838773	0.19132490	0.30961931	0.28207942	0.18797015	0.21343739	0.29164911	0.32457169	0.24590082	0.18314359	0.22108785	0.30207385	0.24796370	0.15614358	0.08530989	0.20726888	0.10982876	0.00558789	0.04527694	0.14424665	0.10132635	0.11902864	-0.01686935	0.06742273	0.04000338	0.09591909	0.15908929	0.17557276	0.08203176	0.16702669	0.20292173	0.12153919	0.15817399	0.20364664	0.08716439	0.10757227	0.21535622	0.00728127	0.23634749	0.23284532	0.10229516	0.14044530	0.13685754	0.23337729	0.09763245	0.25870117	0.21868110	0.11986970	0.16477999	0.23835741	0.25533191	0.17468513	0.22569886	0.26553429	0.26801242	0.13410532	0.18745228	0.00263716	0.03335998	0.20151360	0.19682243	0.14719286	0.31026159	0.02362793	0.09381801	0.10052326	0.19851494	0.13434452	0.21406622	0.06345352	0.30164789	0.29007771	0.17278191	0.29458838	0.21018908	0.03437990	0.11022658	0.15048266	0.18919687	0.03606307	0.05757977	0.27291946	0.34254919	0.12201092	0.15984802	0.32970592	0.33603203	0.03740504	0.03459097	0.10245307	-0.06135828	0.00767590	0.17893012	0.03220790	0.19060960	0.11059072	0.16934724	0.08108718	0.08965204	0.12776588	0.09766917	0.08234477	0.13393025	0.13053000	0.16947545	0.21005990	0.19964228	0.04467894	0.21445167	0.12872526	0.11290551	-0.00704877	0.08975484	0.19621742	0.01755702	0.09320149	0.18327831	0.30866428	0.22797026	0.15725816	0.01403221	0.00685359	0.05905773	0.24565723	0.30073258	0.16562199	0.26237927	0.21888058	0.30164282	0.14407122	-0.04373071	0.17063609	0.24371885	0.16824583	0.27209580	0.18815502	0.23885797	0.16932202	0.16845590	0.09320479	0.12565751	0.22559055	0.15273450	0.20094772	0.19734511	0.20138556	0.26555263	0.17364065	0.15411091	0.13185655	0.11590596	0.31766007	0.18310102	0.24723455	0.23110915	0.04429781	0.04045764	0.17312493	0.17868480	0.21843108	0.22960704	0.17150381	0.16003486	0.14501235	0.07802555	-0.01964102	0.20276051	0.06860652	0.25675669	0.10517531	0.10520849	0.22063188	0.23054131	0.16277337	0.11563086	-0.01430116	0.12374345	-0.02285469	-0.10075356	0.05071350	0.01609702	0.10409173	0.09600771	-0.01716924	-0.04278581	0.11281873	-0.04637927	0.16735395	0.15885327	0.00992450	0.12409860	0.03344785	0.09402995	0.00140346	-0.08868300	0.05136164	0.03170711	0.11730042	0.01791194	-0.05439844	0.08707294	0.12709760	0.01787642	0.22895151	0.21221012	0.06319105	0.16457371	0.21362726	0.16500543	0.18036158	0.02988106	0.10125242	0.22012145	0.01614167	0.05644530	0.22932376	0.11691300	0.22706857	0.20125851	0.24237670	0.30192820	0.22825972	0.07783869	0.24942109	0.19492960	0.20499373	0.08851468	0.23925825	0.23260881	0.08154964	0.16573175	0.26097124	0.34259812	0.27628209	0.21413967	0.21898338	0.26236340	0.25285522	0.34001609
17Networks_RH_SomMotA_1	0.09225426	0.23920390	-0.00666956	0.11596689	0.05515182	0.10231955	0.21089819	0.18739535	0.23542114	0.11915841	0.33166988	0.20559002	0.19991019	0.06153062	0.16601532	0.12302975	-0.01551387	0.20157755	0.19038384	0.25454053	0.20578141	0.16938058	0.25831579	0.27711223	0.30254383	0.37004032	0.42448078	0.33289807	0.40231589	0.31605182	0.38773864	0.38026175	0.39621428	0.34486615	0.29145352	0.42052457	0.34757709	0.20884544	0.30950261	0.34494313	0.47525695	0.18868756	0.28746306	0.07729582	0.29270709	0.18280569	0.27697150	0.19493492	0.07282604	0.24538548	0.37993398	0.47836448	0.39011538	0.35870397	0.43993209	0.33370130	0.50844989	0.38775608	0.54853368	0.14405168	0.15399858	-0.02196765	0.13153461	-0.03833454	-0.03722646	-0.04386883	0.17889098	0.00122514	0.11655525	0.11512746	0.24764463	0.31234645	0.27503219	0.46062554	0.09444859	0.34442953	0.14296249	0.23524456	0.18315999	0.13229603	0.09487802	0.28627345	0.19562572	0.20525429	0.34613881	0.23173750	0.11751348	0.12992970	0.08732240	0.09506559	0.03527844	0.21433814	0.18768232	0.13223679	0.36808038	-0.02465730	0.33112155	0.30046049	0.36540721	0.24854426	0.14841911	0.04660793	-0.07246161	0.20309697	0.16546171	-0.11689266	-0.10002809	0.19786141	0.00919103	-0.04644006	0.01184058	0.27977228	0.17002523	0.22260181	0.18915771	0.17750722	0.19993517	0.11359687	0.05234461	-0.05264229	0.09696524	-0.03399101	0.12796785	0.08264799	0.00620825	0.10432257	0.09287565	0.05041630	-0.00448856	0.15716094	0.11842483	0.09231072	0.21618332	-0.14873487	-0.01485675	0.18895491	0.10440066	0.04741727	0.01852680	0.02958048	0.09583160	0.07399263	0.41122804	0.12131673	0.15283732	0.02659594	0.15201846	0.08635226	0.10670482	0.09150590	0.19457643	0.05530577	0.08439945	-0.00865486	0.03519429	0.07281823	0.10079842	0.11697883	0.04051639	0.22346212	0.16326363	0.22654923	0.19578291	0.25016394	0.06437725	0.22759612	0.10823022	0.22293832	0.14392453	0.06058581	0.05501209	0.13761514	-0.01025023	0.08661375	0.23775458	0.02853008	0.05754926	0.02306019	-0.05033085	0.20421761	-0.00030460	0.16217959	0.09627478	-0.10587518	0.15329372	0.01496937	0.08303629	0.05135582	0.11102677	0.07381227	0.09925823	0.01918606	0.18502662	0.08747999	0.08363958	0.15182042	0.13002380	0.17844884	-0.02748854	0.01738600	0.12282067	-0.09507648	0.22865401	-0.12914427	-0.01385255	0.08236110	0.03493865	0.34006957	0.14658725	0.18487913	0.18052468	0.23005214	0.23633390	0.05799608	0.09013598	0.18484299	0.06423781	0.06081938	0.08795504	0.31116124	0.13896092	0.20594858	0.29418454	0.98381448	0.59376666	0.60915613	0.39061211	0.49365664	0.50759807	0.32736104	0.32535682	0.36631050	0.44933111	0.39925248	0.41314203	0.40588840	0.28514415	0.45452820	0.34477583	0.20676445	0.27507027	0.16826895	0.22227980	0.03100550	0.20373202	0.22531984	0.30910523	-0.00856019	0.20773384	0.12859962	0.20919478	0.29858700	0.40786986	0.17923358	0.36376451	0.35903758	0.53273688	0.50723864	0.18712824	0.02720402	0.09459244	0.22344773	0.01738641	0.12491131	0.14606561	0.06539628	0.11726078	0.16875099	0.25044074	0.17862573	0.31582608	0.16176801	0.12814648	0.46374774	0.48416812	0.35453007	0.39228383	0.26544231	0.25735893	0.29657481	0.24665328	0.34365261	0.22619367	0.08594135	0.18453260	0.27009497	0.23799971	0.36350950	0.07395043	-0.04707488	0.17485110	0.20459073	0.21223463	0.21940895	0.18985448	0.38015323	0.38264245	0.17370759	0.26184553	0.12438691	0.14099892	0.19037810	0.06131956	0.18970878	0.09257483	0.06405379	0.08049988	0.13738886	-0.00716089	0.15896373	0.27551244	0.37040876	0.19614199	0.00242911	0.14943419	-0.02377725	0.21993989	0.09206257	0.06320330	0.35778226	0.13220950	0.22590283	0.15007632	0.08155018	0.14638514	0.20428667	0.20541107	0.14664968	0.18157663	0.23435045	0.38695637	0.33429251	0.33306363	0.33322437	0.20807162	0.13560662	0.12052079	0.10403359	0.20362997	0.14351919	0.13305836	0.09595004	0.24013099	0.30217871	0.10501677	-0.10015964	0.01104182	0.10991340	0.19951788	0.34165726	0.25610046	0.22969634	0.10369252	0.36782617	0.07632788	0.00749081	0.14224895	0.22247363	0.07216749	0.16620147	0.14909555	0.16794215	0.04857654	0.06842534	0.11865333	0.11620855	0.12634653	0.10449239	0.14436361	0.14691370	0.15608582	0.07928868	0.16358449	0.19238132	0.11960003	0.11659395	0.17492262	0.17417054	0.34580556	-0.01158801	0.06255141	-0.14700344	0.07978095	0.16010157	0.10192824	0.17895812	0.08236219	0.18527769	-0.02943331	0.22120894	-0.12082752	0.22123908	0.12141877	0.26542516	0.20114341	0.12204031	0.18076320	0.19945967	0.13007142	0.12826608	0.15617234	0.17174549	0.10595752	0.10909223	0.09286026	0.03312510	0.21675847	0.14578273	-0.03267322	-0.15816830	0.21028164	-0.03728004	0.09725469	0.24500628	-0.00722191	0.18016238	0.11425679	0.14358125	0.04504721	0.06385894	0.10612068	0.12706772	0.24241405	0.13151374	-0.16853031	-0.14882978	0.09631416	-0.00058330	0.10531669	0.27382582	0.04192376	0.23002727	0.15768172	0.25115664	0.31133597	0.03670425	-0.01760920	0.21889670	0.18128436	-0.03215221	0.19398238	0.12113355	0.07339853	0.11163436	0.00954765	0.14855077	-0.12970723	-0.07668153	0.20062663	0.27522223	0.31937698	0.17645378	0.04093319	0.32012867	0.06883339	0.09747715	0.21492051	0.24534687	0.22605796	0.22506527	0.22569722	0.12707420	0.10729555	0.20437919
17Networks_RH_SomMotA_2	0.17257227	0.27427957	0.15616002	0.22855177	0.08249114	0.21889501	0.32888824	0.27555121	0.33868425	0.20333210	0.34981116	0.13166201	0.14973500	0.07134021	0.18410061	0.13393982	0.02667150	0.22680284	0.17932917	0.22173398	0.15256596	0.18048318	0.34594142	0.19143829	0.35860815	0.57255788	0.54128036	0.35031847	0.53731778	0.29827361	0.30814469	0.44499436	0.58181935	0.40641606	0.30628872	0.47632430	0.22289584	0.32146745	0.31973652	0.46129926	0.51949291	0.16966077	0.40150740	0.23012108	0.25896346	0.13078695	0.19239521	0.27806943	0.04720010	0.09941818	0.46266925	0.60048154	0.32481220	0.31297984	0.61188532	0.44195082	0.62761361	0.45679851	0.63656251	0.15931537	0.10904234	0.13397268	0.16862575	0.01681692	-0.00995879	-0.05968905	0.10443814	0.00802688	0.12807113	0.15794743	0.28188434	0.33760222	0.22805734	0.44453840	0.12039727	0.33396246	0.11237362	0.20643287	0.04728877	0.17306685	0.19382437	0.28489899	0.32543312	0.23703320	0.37322606	0.12433674	0.04985085	0.11025697	0.01782375	0.04795460	0.14328129	0.26463534	0.31438080	0.16249775	0.30792755	0.06420090	0.34127576	0.35591057	0.43155056	0.31941217	0.15708201	0.16128917	0.05550955	0.16437494	0.12430702	-0.06780931	-0.08935075	0.19192111	0.12683384	-0.11713749	-0.04866725	0.31307061	0.29958401	0.19813541	0.14991644	0.20233681	0.17042436	0.04462323	0.02019895	-0.19658695	0.10183231	-0.02464633	0.09431810	0.16721510	-0.02206608	0.06587605	0.14701126	-0.04443483	-0.05129363	0.07088924	0.11026154	0.08529729	0.14216443	0.04902596	-0.03959066	0.20403442	0.13245500	-0.02622783	0.09406257	0.05899160	0.19031336	0.13931014	0.46701535	0.10067817	0.10763527	0.01813077	0.14493262	0.04765154	0.13143156	0.15038110	0.22798051	0.10914901	0.09692093	0.08336229	0.04971148	0.05129463	0.05762535	0.21029544	0.00912576	0.19410512	0.21444198	0.24150878	0.31516162	0.25664286	0.22054948	0.21588055	0.03964184	0.21729363	0.23360710	0.18630117	0.10916859	0.24354850	0.05666840	0.14213522	0.39272340	0.18112194	0.19286874	0.14006256	-0.02012982	0.21025755	0.14733438	0.27631399	0.07441056	-0.13049809	0.15881969	0.06519197	0.06068084	0.03267013	0.04838226	0.03785055	0.06905704	-0.06004123	0.05680408	-0.04642385	0.02075450	0.12496167	0.00155355	0.09248914	-0.08567522	0.05976416	0.15581351	-0.02368752	0.30657308	-0.06375016	-0.04470602	0.24791231	0.12573600	0.36616464	0.23689719	0.25601987	0.23418321	0.25451913	0.24699267	0.02365726	0.13497383	0.28615230	0.05801389	0.08344139	0.11827780	0.28399302	0.20533270	0.20548967	0.29542009	0.59376666	1.10619404	0.75746566	0.40995332	0.58121853	0.56722753	0.27047078	0.32408377	0.33856835	0.43672722	0.32852866	0.36396504	0.39961694	0.18172012	0.50157907	0.39198436	0.19360551	0.28827402	0.18021343	0.24973786	0.09175306	0.16315067	0.20996484	0.34926854	-0.03608577	0.13667892	0.27271164	0.15695626	0.32658635	0.52712411	-0.00526111	0.22893174	0.49784460	0.65562056	0.58257364	0.12858546	0.09094545	0.23500677	0.20428895	-0.03752330	0.09135359	0.16276944	0.00997965	0.17171915	0.24867953	0.24803527	0.18345465	0.28713545	0.13081101	0.10377863	0.37959419	0.34036124	0.31658793	0.28336680	0.27007330	0.19610738	0.20473491	0.17052643	0.43374311	0.19429901	0.14893603	0.15406403	0.17017975	0.08975152	0.44701290	0.13514286	0.03619524	0.07019940	0.22708561	0.22996899	0.33915557	0.10216407	0.45766582	0.34248734	0.16780168	0.42542292	0.15445806	0.08816255	0.33471516	0.02742235	0.08320563	0.02040219	-0.03121864	0.10477165	0.17852603	0.03444494	0.15283016	0.32436056	0.36114886	0.21402785	-0.01119078	0.10720754	-0.10482340	0.12083961	0.11715851	0.15369959	0.35044171	0.22408099	0.27845073	0.23269394	0.13530284	0.23440161	0.19261029	0.15339984	0.12888185	0.10912978	0.22494596	0.34226451	0.27913027	0.24431730	0.35236333	0.18308039	0.10853358	0.05111310	-0.00228558	0.09324058	0.06318858	0.08734839	0.13344896	0.33708577	0.34848368	0.14980605	-0.12954265	-0.09084883	0.04506238	0.19458093	0.40472347	0.22199309	0.23615419	0.07665913	0.30310170	0.11853626	0.05378765	0.13301857	0.26712223	0.08225237	0.14473397	0.11591115	0.14907444	0.17302632	0.09746626	0.15845189	0.20250351	0.15236367	0.10962477	0.09621648	0.14687741	0.26161914	0.02989455	0.17919290	0.17173210	0.04991145	0.13736021	0.37507355	0.32596539	0.41445321	0.11615814	0.14046152	-0.01323570	0.12837758	0.19318406	0.16747023	0.17090934	0.01964882	0.14542412	-0.08637374	0.13985017	-0.11463160	0.18033153	0.11020704	0.18255829	0.06315154	0.05791789	0.25411415	0.16556308	0.15334604	0.12564134	0.09094610	0.11279832	0.06201450	0.03059871	0.06270210	-0.01670104	0.06576327	0.18196134	0.06105115	-0.14621180	0.19334915	-0.11608919	0.14601547	0.28455097	-0.10372149	0.14165643	0.10480114	0.18631320	0.04740011	0.00796593	0.13425505	0.07105495	0.11308818	0.09777735	-0.00149950	-0.16320726	0.13860460	-0.00156956	0.15426020	0.30771387	-0.02564323	0.21508998	0.14852224	0.22548886	0.28812706	0.12903249	-0.04437375	0.19193356	0.23870301	-0.03332672	0.14013508	0.06622846	0.04226594	0.09586207	0.02378840	0.11766144	-0.17895633	-0.01180151	0.21093926	0.31110566	0.31333275	0.13978608	0.11230980	0.31695447	0.00591606	0.08636802	0.15171476	0.24710890	0.24316305	0.22626537	0.24002186	0.24445231	0.22176786	0.20104737
17Networks_RH_SomMotA_3	0.18312120	0.32392498	0.02640338	0.22214326	0.16571286	0.39251230	0.29975977	0.46144088	0.54715602	0.14824446	0.43457433	0.28897300	0.36397684	0.15266250	0.25874576	0.27995022	0.02506287	0.34525803	0.16731846	0.41028107	0.12492351	0.34742442	0.42978981	0.20106607	0.69274603	0.67466680	0.65225440	0.42146485	0.79774503	0.56748729	0.54373791	0.67257041	0.72214734	0.57674455	0.32121520	0.64332552	0.40167735	0.26504247	0.34543438	0.64598838	0.69977095	0.28889180	0.44796887	0.24796427	0.42766015	0.26788488	0.49190711	0.43603525	0.12168003	0.17106744	0.55542472	0.72538691	0.49506008	0.45303646	0.64993164	0.34531807	0.61432104	0.48251682	0.64186125	0.09249957	0.25302632	0.09819759	0.28411453	-0.06764484	-0.10902446	0.00188777	0.08502794	0.11820317	0.22769093	0.18361522	0.35541505	0.42334105	0.27949154	0.52686142	0.17288131	0.47555441	0.29980754	0.35467763	0.06975707	0.22635922	0.23024586	0.42581466	0.28650414	0.38184722	0.53295298	0.38050814	0.17815838	0.20353400	0.30585649	0.29215994	0.40798029	0.53778712	0.58860726	0.43334549	0.52018468	0.33404890	0.26125149	0.61597945	0.56558289	0.37598132	0.29302719	0.20917221	-0.02943895	0.41674619	0.44040616	0.03282788	-0.08922839	0.28374019	0.12617545	-0.05461704	-0.00401665	0.25431906	0.24713821	0.27414244	0.22477998	0.24592326	0.26201652	0.14627306	0.04434422	0.01136575	0.15876454	-0.14203527	0.09451776	0.08252542	0.09784555	0.09037518	0.10296547	0.02115632	-0.01264298	0.15488403	0.06178928	0.11132950	0.33926383	-0.08133247	0.01678824	0.11951073	0.15101963	-0.04229263	-0.10101036	0.03336201	0.06515431	0.02754004	0.47693742	0.09085596	0.15557253	-0.10815445	0.16472604	0.19093604	0.10191619	0.05327659	0.04835182	-0.00649988	-0.05699713	0.00977700	-0.07327903	0.00147796	0.12997460	0.24081835	-0.22353990	0.04000108	0.20824206	0.32457571	0.32651851	0.34032132	0.02695801	0.33096719	0.15790127	0.29104265	0.26143004	0.18430314	0.12986266	0.23690822	0.00071419	0.05366525	0.33927127	0.09228820	0.13111371	-0.10223420	-0.18286873	0.24621629	-0.12003510	0.11553716	0.25091043	-0.01077632	0.25155474	0.16188515	0.16946886	-0.12039199	0.13854647	0.03602088	-0.03405234	0.04551658	0.10846310	0.15695216	0.18897411	0.24007449	0.18917713	0.29241934	0.03148482	0.26777399	0.19840292	0.04473267	0.36390661	-0.01937270	0.05996522	0.12224026	0.24432851	0.54283521	0.28191317	0.36324769	0.31204331	0.34250551	0.38577653	0.12548635	0.21566621	0.24158781	0.16135811	0.07678549	0.31610552	0.38601121	0.20011147	0.26056626	0.32838773	0.60915613	0.75746566	1.40055137	0.35141775	0.85279988	0.64694994	0.45244872	0.44330368	0.40350084	0.46197137	0.44455896	0.56453896	0.56308234	0.32324310	0.62823615	0.46869692	0.23508084	0.33496521	0.21505521	0.31205343	0.12550871	0.33223817	0.46472514	0.40038445	0.05923487	0.31866926	0.29502590	0.25945048	0.41920838	0.79052097	0.12744964	0.35986696	0.61291234	0.64676428	0.75071868	0.20484824	-0.00916665	0.03751715	0.27686118	-0.02968047	0.06307917	0.32644048	0.09007140	0.24624400	0.40057380	0.35715392	0.35092769	0.52620938	0.21354361	0.10458510	0.56569546	0.44457052	0.38580277	0.40215619	0.47361996	0.22691649	0.35405295	0.38386583	0.50468168	0.35481326	0.33441869	0.41337149	0.48105151	0.32563978	0.61017074	0.21176721	0.13698184	0.29977631	0.45622231	0.39368419	0.64987972	0.35213884	0.73629384	0.57113639	0.20306952	0.52439616	0.31522243	0.13167804	0.53335317	0.14085312	0.31901360	0.14565505	0.01533484	0.26130204	0.23362609	0.15214143	0.47449386	0.50162912	0.60221307	0.22221928	0.00855002	0.15430173	-0.03628782	0.25358713	0.03877839	0.09563836	0.42615981	0.20987748	0.32547231	0.22217241	0.05222858	0.22192464	0.27310160	0.19439662	0.19467366	-0.01916119	0.22939032	0.53185023	0.30583138	0.39321915	0.42039521	0.28332137	0.17718627	0.06096062	0.18956152	0.18594521	0.23263957	0.17133572	0.06768491	0.28519865	0.35116010	0.00600911	-0.12512789	-0.02691454	0.20151995	0.27001136	0.48385722	0.23409991	0.32896485	-0.18333470	0.32162276	0.05230519	-0.00732672	0.30506260	0.26610511	0.03549250	0.17470492	0.12322873	-0.04961293	0.03651501	-0.06759329	0.20226726	0.33435203	0.13885458	0.10129695	0.18387689	0.26322376	0.30690896	0.14099881	0.35804272	0.24346083	0.26113751	0.14939402	0.34401333	0.26050274	0.33707492	-0.07329500	0.16307610	0.04312910	0.27426942	0.38882602	0.00123357	-0.00798064	0.10732063	0.08116830	0.05557038	0.18301210	-0.11537002	0.29211332	0.13225690	0.36238630	0.34678608	0.26431606	0.42192097	0.40119134	0.14327427	0.33137080	0.26040800	0.24436691	0.21651074	0.18535556	0.24003171	0.14907685	0.36808154	0.37594102	0.15260793	-0.07866482	0.28034932	0.03092409	0.45666965	0.64124642	0.02184138	0.27992715	0.22251950	0.28366778	0.11763309	0.10764254	0.20433529	0.28548030	0.37053336	0.30822353	-0.03569331	-0.07222244	0.19691221	0.05191160	0.49840940	0.63187289	0.10800278	0.30622450	0.21026788	0.21717254	0.36329874	0.08277577	0.00198396	0.29519363	0.30235751	-0.01467853	0.20147785	0.00944028	0.16715816	0.13221435	0.02013404	0.10156477	-0.24860608	-0.00712258	0.21102864	0.34291357	0.38373776	0.17280812	0.03325112	0.33039186	0.13949486	0.16728948	0.10226524	0.18217015	0.27381402	0.13606260	0.17641354	0.17904977	0.17785683	0.19864179
17Networks_RH_SomMotA_4	0.02287202	0.05136561	0.06729237	0.09064569	-0.01052641	0.03272324	0.05808984	0.03853610	0.07846894	0.17383950	0.15023873	0.02056942	-0.04800214	0.02053646	0.03543425	0.02639305	-0.06682044	0.11563423	0.06713179	0.01182314	0.14610311	0.05264616	0.11880809	0.21104368	0.24099647	0.31210905	0.26413494	0.22874128	0.21465648	0.27845954	0.33945105	0.31865872	0.30839115	0.25908893	0.16952248	0.29918922	0.27646435	0.17036295	0.23598659	0.16723747	0.39473614	0.21955200	0.31854922	0.18509781	0.09382848	0.06038360	0.12580661	0.24159075	0.09209753	0.08027843	0.22723409	0.30122200	0.17307981	0.24231913	0.29563702	0.19682449	0.32548064	0.19514763	0.36264541	0.04220543	-0.00387398	-0.04967957	-0.00792778	-0.09552463	0.01712501	-0.01501336	-0.02871973	-0.01569976	0.01238109	0.00208893	0.10600480	0.20606512	0.16924791	0.23742166	0.06286677	0.17485235	0.09532704	0.18334355	0.13019760	0.24303414	0.04693721	0.20944044	0.16582012	0.10111894	0.19623423	0.08764422	0.06020767	0.14717655	0.03345053	0.06246844	0.05890791	0.19712975	0.20919918	0.02411220	0.15367510	0.06035477	0.22206320	0.17031487	0.18221832	0.14314924	0.18211890	0.02432219	-0.03405936	0.07214498	0.03875041	0.00381414	0.02469511	0.08513166	0.05383118	-0.02123722	0.02434268	0.18605853	0.19222395	0.19399722	0.06392973	0.08017291	0.09812969	0.02411962	0.00921711	-0.02782232	0.00916102	-0.05910117	0.07458577	0.08996344	0.00538562	0.02039869	0.04092747	-0.07728233	-0.00862688	-0.00500105	0.07624569	0.01604838	0.05337018	0.00311660	-0.05793638	0.15157477	0.07611169	-0.01481521	0.06935020	0.04865181	0.12377770	0.10094599	0.25757319	0.22107329	0.12297910	0.02744934	0.11011126	0.12499364	0.02482954	0.01797645	0.15165216	0.00060123	0.09955760	0.00422861	0.02357892	0.05809490	0.05330084	0.05874516	0.11294221	0.15689289	0.06070470	0.13599294	0.03128251	0.06935674	0.09259644	0.13030033	0.04600683	0.23203367	0.16612260	0.00368086	0.06793587	0.16255792	-0.04740478	0.11788015	0.06877422	-0.10999354	-0.02701756	-0.08445209	-0.02529209	0.10050492	0.02742500	0.18982180	0.00090715	-0.08309819	0.04853968	-0.05081186	-0.05657701	0.04170095	-0.02741912	-0.00170921	0.03648853	-0.01040263	0.03922687	-0.08249379	0.06616082	0.13052657	0.03245082	0.03745002	-0.06095984	-0.05831972	0.07320773	-0.02311754	0.10570768	-0.08762340	-0.12371933	0.08388267	0.03368584	0.18474968	0.11469639	0.17895887	0.10439670	0.08403658	0.06787410	0.02257469	-0.01201915	0.18161507	0.07577899	0.07278141	0.04932255	0.15405215	0.12824283	0.14561873	0.19132490	0.39061211	0.40995332	0.35141775	0.86656116	0.32188221	0.49826715	0.26608342	0.33214666	0.32403544	0.52230913	0.25639902	0.31854601	0.25993904	0.31143250	0.45855807	0.27820411	0.16283615	0.12984888	0.17079255	0.08500860	0.05739239	0.15456702	0.13692713	0.33876064	-0.00572009	0.21921125	0.22955890	0.16437946	0.24313947	0.27981591	0.14319754	0.27025937	0.21955526	0.33776567	0.29377112	0.11086740	-0.02778659	0.06591395	0.23664032	0.08535797	0.09795119	0.01613718	0.03087346	0.07985579	0.15089247	0.15612211	0.15329381	0.21715260	0.19549014	0.03851034	0.28383567	0.38075699	0.30410798	0.39165384	0.25198944	0.17120470	0.28561133	0.07798726	0.25859807	0.15749758	0.04191893	0.12143111	0.21999677	0.13269906	0.23830200	0.05099252	-0.08100774	0.12030410	0.17458747	0.19885760	0.23178429	-0.00663948	0.22141948	0.25136105	0.12332944	0.21423415	0.07736757	0.11325370	0.14589309	-0.00377519	0.13878076	0.01163164	-0.01474128	-0.00104268	0.10962397	0.00506822	0.08103669	0.18020352	0.23668978	0.18796470	-0.03270009	0.12057725	0.02791084	0.04454507	0.03390257	0.01788009	0.22040559	0.06096870	0.14132062	0.04890997	-0.03775261	0.08211249	0.22991832	0.16961282	0.12396911	0.20214274	0.12221576	0.15194989	0.15196042	0.14512283	0.24690689	0.11103267	0.11023233	0.00096957	0.10093541	0.19343523	0.10532879	0.16287911	0.02615511	0.20236255	0.24959773	0.06301711	-0.17213309	0.06538593	0.07810923	0.19076982	0.21933696	0.22593834	0.21940447	0.13734761	0.15724253	0.10611458	0.14403818	0.20790049	0.21661366	0.05446757	0.13016032	0.13621103	0.15480502	0.03988919	0.06793395	0.10575076	0.08583708	0.15510435	0.06337080	0.02908418	0.07243724	0.12639847	0.01341081	0.13310970	0.15622939	0.10239963	0.10780370	0.10086156	-0.01447935	0.19628947	-0.00134226	0.00264875	-0.11178507	0.03324542	0.04960151	0.08088042	0.18308926	0.03357421	0.12073159	-0.19340957	0.12558062	0.05817107	0.14057828	0.12643821	0.19690062	0.14760134	0.19249308	0.13894631	0.13431576	0.12097125	0.12468470	0.02459610	0.03577839	0.08260829	-0.03776795	0.03384899	-0.05194988	0.00607075	0.03366579	0.07651340	-0.04196272	0.05641037	-0.01297202	-0.04221692	0.14644650	0.01597644	-0.00294290	0.06791274	0.12405145	0.03188960	-0.04016643	0.04197773	0.03555756	0.02994232	0.11599825	0.03209345	-0.03975206	0.09855126	-0.13757891	0.02024575	0.15550283	0.00910086	0.12690357	0.08873297	0.14329953	0.09716866	0.03826896	-0.08441945	0.14562597	0.06216673	-0.04759237	0.15137649	0.12176721	0.02789886	0.08618423	0.16967561	0.08383216	0.01802597	-0.11830638	0.11421208	0.20029124	0.20339045	0.03138426	-0.05643778	0.17193652	-0.02573618	0.02286069	0.20156218	0.26508553	0.23224123	0.17238896	0.18846766	0.09406470	0.10834912	0.13406384
17Networks_RH_SomMotA_5	0.04220569	0.21317641	-0.03350098	0.04909807	0.09931685	0.26244155	0.19295540	0.42182203	0.41557970	0.20634056	0.35642216	0.20817390	0.28376107	0.23466321	0.16449926	0.33534831	0.10416973	0.29824413	0.16039452	0.39581756	0.12215508	0.35392032	0.29988422	0.20892922	0.69844468	0.53119509	0.52750524	0.38620577	0.68667710	0.52916922	0.66347435	0.71643746	0.55618920	0.55764831	0.28153743	0.56253968	0.45828921	0.20578533	0.30233870	0.50748945	0.65059533	0.36856910	0.42359752	0.34144965	0.41079092	0.31816583	0.48550681	0.56099426	0.14787339	0.30315565	0.48719638	0.61207544	0.52638178	0.43724728	0.45118256	0.22796313	0.35501979	0.46999102	0.47424515	-0.00476855	0.24272200	-0.03214570	0.20115399	-0.10545267	-0.14575059	0.06971175	0.00745697	0.02560347	0.20103929	0.08478453	0.18809096	0.29026784	0.19564419	0.39750164	-0.01676105	0.41863763	0.34129287	0.37166479	0.06169871	0.29794104	0.16684916	0.37787740	0.18030251	0.30158688	0.40474079	0.38391049	0.20965280	0.20564982	0.29673594	0.31212360	0.42912269	0.45550934	0.69348961	0.41158139	0.46011533	0.29605549	0.24421577	0.59488839	0.58975955	0.42803983	0.19615217	0.16152851	-0.07395022	0.33962929	0.45426432	0.05350658	-0.08735230	0.30898260	0.06494015	0.01455934	-0.04798379	0.19179181	0.36481743	0.23446043	0.16913641	0.14342332	0.22236317	0.05486000	0.04148455	-0.03575298	0.12961003	-0.10143361	0.05303482	0.07397973	0.04749325	0.09566600	-0.07205890	0.02497854	0.00745936	0.17571476	0.09377205	0.21641815	0.32139295	-0.14548531	0.04628736	0.13776964	0.11354632	-0.03451525	-0.12029472	0.02970601	0.03580860	0.01109141	0.43933777	0.24899830	0.21401474	-0.15745840	0.15509033	0.17142692	0.15396710	0.07210286	-0.05122281	0.01134943	-0.09009447	-0.01008092	-0.02389027	0.01539774	0.08851579	0.16847853	-0.07922621	0.06718783	0.17090213	0.20609493	0.32545707	0.34119953	-0.01618713	0.33145650	0.21499052	0.38675342	0.21807355	0.27688814	0.17309456	0.34654115	-0.03290561	0.10299619	0.30887758	0.06331999	0.15433827	0.00402755	-0.12024742	0.14302019	0.03585011	0.10174952	0.31995852	0.04701737	0.25295440	0.17704968	0.18564906	-0.06691316	0.13699968	0.01460075	0.09658777	0.05832841	0.18418661	0.18942200	0.28176568	0.16946897	0.34095058	0.26604705	-0.04448908	0.26202147	0.18377599	-0.06433606	0.25286541	-0.11739402	-0.01145246	0.01585005	0.13927162	0.44861501	0.23992951	0.36736989	0.28462569	0.31787273	0.30079437	0.21850907	0.09498439	0.22454180	0.20348737	-0.04208748	0.23169336	0.35944631	0.14941563	0.26007754	0.30961931	0.49365664	0.58121853	0.85279988	0.32188221	1.25856980	0.57760152	0.49274234	0.43438419	0.36811192	0.52906172	0.57157852	0.53785419	0.51415653	0.42031180	0.57724956	0.47364255	0.35721298	0.26519434	0.16415674	0.26507540	0.13080947	0.39503553	0.48450235	0.41312899	0.22831555	0.33554394	0.35245554	0.37431649	0.49894779	0.72178514	0.32465457	0.43234261	0.48552535	0.41547855	0.56829029	0.24410288	-0.09308317	0.08923526	0.30484563	-0.02579011	0.04171582	0.24966513	0.12242673	0.26612493	0.30614592	0.29411693	0.30969520	0.45440148	0.17288440	0.03930032	0.44178728	0.44391141	0.30294426	0.37792267	0.43547091	0.16747253	0.36879891	0.37337873	0.32242506	0.31195875	0.21861854	0.52502206	0.56342807	0.38333442	0.49769440	0.17097493	0.17124838	0.35139208	0.50891485	0.36685741	0.63257508	0.32226803	0.74422990	0.62488973	0.26518439	0.56689980	0.37816957	0.29880475	0.46653708	0.04879383	0.36195725	0.02632906	-0.05751453	0.20632813	0.16801350	0.13257811	0.51315896	0.38452975	0.54405863	0.00665473	-0.03763063	0.05773572	-0.17760470	0.20362463	0.02898578	0.03115333	0.36934153	0.15447498	0.22680081	0.12335883	0.05267152	0.14470453	0.19499106	0.24893970	0.21788917	-0.05278879	0.09549350	0.38324066	0.17036528	0.30472483	0.34010478	0.31350191	0.09625736	-0.01152504	0.11116011	0.14294182	0.21815833	0.21954669	0.01420905	0.20617802	0.19308721	-0.04802522	-0.12390245	-0.17226765	0.05881415	0.15090625	0.38013819	0.27142592	0.38121533	-0.14974877	0.17301217	0.10497631	0.00929715	0.28243650	0.19517538	0.03897812	0.08509153	0.00886078	-0.02327325	0.03573848	-0.01764766	0.19225591	0.22391309	0.10227809	0.07107549	0.10613547	0.24736462	0.29129903	0.10019451	0.28372769	0.16629447	0.23008063	0.13528843	0.33037678	0.17561078	0.22605883	-0.00162619	0.00647109	0.02535175	0.21786619	0.26724001	-0.02337909	-0.02080908	0.07444189	0.11029894	-0.08328936	0.21198409	-0.09653228	0.28755941	0.08986178	0.38893012	0.31794079	0.28643986	0.41808251	0.44885697	0.12752833	0.30170831	0.18980108	0.31199293	0.07728779	0.03355590	0.15143287	0.16721630	0.26310995	0.38713735	0.11627888	-0.06807082	0.25665620	0.07700376	0.39291735	0.55748472	0.01578536	0.16767658	0.12166890	0.26568665	0.06676207	0.04835039	0.09520646	0.26582277	0.27701436	0.38827640	-0.07687503	-0.02197238	0.21220618	0.00539296	0.46271687	0.53082824	0.11194404	0.29785221	0.15261855	0.27942087	0.36081850	0.12227776	0.06913948	0.32287010	0.29216425	0.03308646	0.14449879	0.02709449	0.14373641	0.13331413	0.02564007	0.12058392	-0.15850557	-0.00815004	0.17639287	0.28764441	0.36205225	0.10138900	0.00207925	0.30261900	0.05314695	0.19142350	0.11064760	0.05672642	0.17909109	0.02850856	0.20815357	0.11420587	0.06742267	0.10551760
17Networks_RH_SomMotA_6	0.20394274	0.27537382	0.10421084	0.28689947	0.10755741	0.21193208	0.29459795	0.26588767	0.32485156	0.16633292	0.31209483	0.17341414	0.10787341	0.09118728	0.29512969	0.19855238	-0.01089864	0.30590980	0.16305123	0.13383887	0.17302213	0.18274753	0.31474469	0.31782396	0.45712445	0.48425967	0.43064931	0.29197515	0.57289014	0.34997534	0.49536094	0.45845971	0.46265061	0.45739420	0.31882748	0.53266556	0.35808009	0.27523610	0.39414152	0.41965441	0.61819731	0.28441236	0.48918997	0.12941225	0.25893168	0.17702543	0.20114786	0.29072757	0.02779531	0.13161927	0.38057441	0.46959749	0.36752571	0.39097536	0.40697844	0.22143887	0.45773842	0.22066424	0.51555674	0.13615639	0.16148728	0.13571559	0.22673954	-0.02740024	0.05052975	0.02433720	0.13047274	0.14561737	0.21505264	0.23936895	0.29455956	0.37485209	0.18146339	0.44685835	0.16824950	0.41228925	0.26138090	0.33125689	0.16157071	0.29843499	0.11999370	0.43263217	0.35734415	0.29385557	0.37921930	0.20262496	0.14507986	0.16282731	0.03124301	0.06370293	0.09630042	0.20113317	0.24263777	0.13275607	0.33015371	0.18390507	0.32564093	0.38741184	0.44226402	0.32698496	0.15051890	0.10063457	0.02788386	0.07479519	0.09218841	-0.08973179	-0.04910415	0.22665370	0.13394243	-0.07602860	-0.01607351	0.26203854	0.37068155	0.24756861	0.19452522	0.19603868	0.23137992	0.02926966	0.00833488	-0.10503183	0.04857492	0.06898355	0.05140943	0.17893966	0.06027942	0.16838624	0.11689375	-0.05715759	-0.07212430	0.11660497	0.18596980	0.19441105	0.10364125	0.05218479	0.06677051	0.29996960	0.16065156	0.01156703	0.16237672	0.10545177	0.25329826	0.13688910	0.45940328	0.28982419	0.25702894	0.12751694	0.23258903	0.06937059	0.23284026	0.26416536	0.29414335	0.07515207	0.12215651	0.05145649	0.13771059	0.17171562	0.16688308	0.26666860	0.22313426	0.27707676	0.21470586	0.25300093	0.24923765	0.21762246	0.26601148	0.21609211	0.11901900	0.34298533	0.31137383	0.14796415	0.20905822	0.30603061	0.10451298	0.25466939	0.31433066	0.10534406	0.13444106	-0.07437727	0.08259614	0.19390200	0.03122038	0.34519230	0.14354041	-0.03449832	0.26551639	0.06517162	0.08151021	0.18407020	0.14885244	0.07039328	0.21319048	0.06256246	0.15552188	0.05278123	0.00766883	0.18490861	0.19641007	0.11693112	-0.10895670	0.11636713	0.25352880	0.05887179	0.35222315	0.00527560	0.06553737	0.17995857	0.25058111	0.45973398	0.27434771	0.34166042	0.29815833	0.26117554	0.28234389	0.11760977	0.13027138	0.25840345	0.07206412	0.03116906	0.16046392	0.24200265	0.18806134	0.20483050	0.28207942	0.50759807	0.56722753	0.64694994	0.49826715	0.57760152	1.09255036	0.40045033	0.44716085	0.42265325	0.63536041	0.43071724	0.53004534	0.50755257	0.30718787	0.60255925	0.49357810	0.20819929	0.31902773	0.22761077	0.30150901	0.11653132	0.24123711	0.25843715	0.34453720	0.10249629	0.28137824	0.22184296	0.23466029	0.28832399	0.48593514	0.12538635	0.31116798	0.33216705	0.49951995	0.44251920	0.24245145	0.10708423	0.20843031	0.33560200	0.07186384	0.27588970	0.26973334	0.13253995	0.20409648	0.31469569	0.34061220	0.30193331	0.44887221	0.30683587	0.07655536	0.39926980	0.43080714	0.42908549	0.40947295	0.34311180	0.28906740	0.38909149	0.27348586	0.46629489	0.33726902	0.15056763	0.15112708	0.27456378	0.12895000	0.37090503	0.02057542	-0.10541918	0.14469358	0.25439068	0.12898996	0.29834121	0.04317474	0.42639428	0.38551563	0.22938202	0.32736887	0.22337963	0.12071646	0.36940395	0.04643951	0.19672273	-0.07849814	-0.03993812	0.07993811	0.16821743	-0.03613364	0.10886211	0.24144027	0.31125907	0.17019536	-0.06515645	0.14694574	-0.08674331	0.20782202	0.11808878	0.09810745	0.36998511	0.12523806	0.22747776	0.13320251	0.02257392	0.24415326	0.32992484	0.20406064	0.25248798	0.21188146	0.19181308	0.21402831	0.25001227	0.22808160	0.28326711	0.22538642	0.18250828	0.09264360	0.07886924	0.19164394	0.13422484	0.19353011	0.05972314	0.21880688	0.43314622	0.06628028	-0.17107027	-0.07601201	-0.00428055	0.25294629	0.27291177	0.30208025	0.31452025	0.21873797	0.27971307	0.16868946	0.14537172	0.20504500	0.37784937	0.17262970	0.22878020	0.17649680	0.11848845	0.11864195	0.14593952	0.22407747	0.27373199	0.30621988	0.15654068	0.10465610	0.15671698	0.27052135	0.04932742	0.14140519	0.26493585	0.18505974	0.18043056	0.22822941	0.20143203	0.32109891	0.01131712	0.21122727	-0.05235782	0.08757391	0.08074473	0.24740014	0.32122084	0.18779013	0.25434825	-0.12626738	0.27377230	-0.08656757	0.30283088	0.15183739	0.32910334	0.22934813	0.16819575	0.19251510	0.22537312	0.23401329	0.17354424	0.14192101	0.15861024	0.15313054	0.02862694	0.22690434	-0.05005280	0.14039492	0.24297557	0.00730511	-0.11330250	0.16546951	-0.06650072	0.09514280	0.27047109	0.01865233	0.19071240	0.14043786	0.15876157	0.06232220	0.05550832	0.20007841	0.11336345	0.08290608	0.13179344	-0.06764870	-0.10001881	0.13291128	0.00695255	0.11991612	0.29133373	0.02602507	0.27048640	0.23457533	0.29614847	0.29581134	0.09752229	-0.03436960	0.31862779	0.21015740	-0.07640160	0.26630497	0.18913610	0.20451998	0.25212321	0.18099107	0.17528733	-0.15172024	-0.04884585	0.23763587	0.29077012	0.29823813	0.18845615	0.01174083	0.31915663	0.02578086	0.12727394	0.33499640	0.36012057	0.38116090	0.32635263	0.39028698	0.26683462	0.25733248	0.28731566
17Networks_RH_SomMotA_7	-0.00114924	0.26366886	0.01143621	0.18688940	0.04727716	0.16738098	0.15534260	0.27323734	0.35927763	0.07942231	0.37821556	0.36185229	0.25101954	0.14293099	0.10003453	0.23234544	0.06289595	0.21557681	0.01796597	0.23312161	0.09494818	0.18837371	0.21699173	0.08477994	0.47673630	0.32201805	0.46507834	0.43559390	0.52724508	0.35590104	0.48861176	0.42414053	0.64519336	0.69101761	0.38597062	0.57991650	0.49706239	0.17608624	0.31513883	0.41150892	0.43481192	0.38052104	0.31795999	0.20877821	0.11954732	-0.02637207	0.36495777	0.15382992	0.18650686	0.12078318	0.11710907	0.22748121	0.34897685	0.37174439	0.15747230	0.03067224	0.02894623	0.29073930	0.16176684	-0.01664786	0.24650399	-0.08813293	0.28034851	-0.09654433	-0.06138183	0.16581003	0.02007402	-0.01611723	-0.01915161	0.03540896	0.21536342	0.18003452	0.16740841	0.45480177	0.15349583	0.42765086	0.35961301	0.42842343	0.08644831	0.30070754	0.10799069	0.22831465	0.10065887	0.15902853	0.26994656	0.18211438	-0.03991822	0.03378852	0.20712623	0.07772929	0.17005938	0.29364011	0.29447154	0.02471781	0.26089268	0.06229165	0.06712315	0.25520017	0.19856352	0.38817117	0.03382276	0.06172840	-0.31492404	0.04677934	0.15075145	-0.08691721	-0.11266072	0.07516558	-0.05666709	-0.03225709	-0.07372213	0.14551366	0.12950984	0.14499221	0.07095545	0.02041732	0.17202288	0.04647552	-0.02856921	0.06494725	-0.01531268	-0.08088201	-0.21749255	-0.14843889	-0.10072063	0.01832295	-0.07502652	-0.18665594	0.04916408	0.11508868	-0.07054582	-0.00795000	0.10825591	-0.19424556	-0.02979868	-0.08619986	-0.22541342	-0.18696550	-0.02203731	-0.20857132	-0.21145609	-0.21557809	0.08651457	0.29783521	0.16981720	-0.11049052	0.11848497	0.12609672	0.00418043	0.00730958	-0.10115392	-0.19158339	-0.08477797	0.10428199	0.14784959	0.07429774	0.01291352	0.05857976	0.01796245	0.07015175	0.16102353	0.08526752	0.08312248	0.13187014	-0.21997346	0.08746468	-0.02955476	0.17459108	0.19254318	0.19836688	-0.04600452	0.09095644	-0.10006800	-0.07552028	0.06147810	-0.10312597	-0.11076401	-0.01339656	-0.02217349	0.03985221	-0.02906713	-0.05258195	0.13113299	-0.03694623	0.06571023	-0.05456997	-0.08612310	-0.05974254	0.21155301	0.15973836	0.14589775	0.13308019	0.23653608	0.22963858	0.17196278	0.14561621	0.20739675	0.01800833	-0.23442758	0.02605423	0.22679965	-0.10819749	0.17253331	-0.07462963	-0.05599151	-0.12595498	0.13074555	0.45818851	0.30220979	0.19432904	0.29344860	0.29784995	0.30452251	0.41381996	0.11773416	0.00638462	0.20140634	0.08042816	0.14195914	0.21330240	0.13333087	0.11156792	0.18797015	0.32736104	0.27047078	0.45244872	0.26608342	0.49274234	0.40045033	1.06091128	0.37751422	0.38474246	0.49741518	0.36148004	0.57000580	0.45709636	0.36363407	0.34664296	0.34539133	0.41481186	0.27674594	0.20981713	0.23587004	0.06049354	0.14489917	0.10878460	0.12959570	0.01241205	0.26612244	0.06962703	0.11017025	0.14931009	0.33152786	0.19764142	0.26869593	0.21383637	0.08555936	0.25406118	0.34646417	0.01737137	0.12359439	0.30257672	-0.05762037	0.01923025	0.22180445	0.10391238	0.08104525	0.21047540	0.25828734	0.19963298	0.34341183	0.28968775	-0.08483549	0.41911909	0.52295550	0.39465587	0.36190019	0.49718077	0.17209108	0.39401674	0.31281892	0.28091793	0.24396041	0.16457999	0.26394122	0.46226559	0.26527458	0.19124953	0.07679348	-0.00225223	0.20435995	0.20414122	0.16454009	0.26758804	0.12845583	0.39519094	0.29025021	0.24287510	0.21340586	0.18756174	0.21881318	0.38007043	0.11022444	0.15911858	-0.13301400	-0.07944585	0.05271043	0.13197464	-0.06583334	0.23652687	0.21819703	0.22035118	0.06535596	0.07846684	0.02284287	-0.10374898	0.21901560	0.07483587	-0.00482354	0.23144054	0.02808995	0.10146827	0.10892905	0.00379275	0.14301516	0.32381977	0.11747195	0.15195395	0.21891257	-0.06987233	0.14693157	0.06573264	0.18982464	0.10615951	0.21323777	0.02086707	0.04038652	0.09510978	0.03680777	0.13335994	0.04839410	-0.01900037	0.03851150	0.14461405	0.05599505	-0.07070650	-0.11994052	-0.07695463	0.02438719	0.15301359	0.32798909	0.34209411	0.14555302	0.22425493	0.08841723	0.17860023	0.18317250	0.20420359	0.09454141	0.02919552	0.05380102	0.18501211	0.17474289	0.22659561	0.21452641	0.16302074	0.15446923	0.07500729	0.07361744	0.26473603	0.16941952	0.03572919	0.15821688	0.16699180	0.19969716	0.18563310	0.00199897	0.07503661	0.13243869	0.04955580	0.05889311	0.19519674	0.06642015	0.02164981	0.13212564	0.11763286	0.13244759	0.30399558	-0.07259075	0.25554510	0.03624180	0.41203568	0.20544091	0.41241010	0.36886049	0.19340228	0.24506571	0.32478339	0.10673743	0.13974131	0.22968657	0.17698288	-0.00067517	0.07762688	0.05853294	-0.03227929	0.10072586	0.24064515	0.07928598	-0.11562462	-0.02724562	0.09018091	0.21623310	0.17749710	0.09848597	0.14119315	0.18479371	0.29354434	0.07883498	0.14381500	0.04340835	-0.00646748	0.12807997	0.18148669	-0.01961605	0.04595924	0.17126770	0.06265407	0.25343809	0.06877289	0.09431166	0.25456801	0.17703817	0.18805663	0.28164024	0.08704628	-0.01046068	0.31663627	0.15232870	-0.01762094	0.01642698	0.10277073	0.06293515	0.08026886	0.00795530	0.06979285	-0.13447705	0.04178094	0.07668092	0.27667839	0.32806988	0.06749730	0.02889821	0.32839675	0.14554024	0.05547503	-0.03573129	0.04902530	0.10631034	-0.01508499	0.14016792	-0.05444724	-0.10604991	0.01709023
17Networks_RH_SomMotA_8	0.18555536	0.18296258	-0.04078304	0.13192678	0.07533937	0.15637162	0.23606646	0.24167438	0.34659046	0.13165981	0.33323415	0.29639601	0.10357100	0.04194965	0.16130709	0.11584298	-0.08347441	0.23640859	-0.00017453	0.20141208	0.07004967	0.16452780	0.27417795	0.06312491	0.37286975	0.40533426	0.30355759	0.12202753	0.40347567	0.28510433	0.48195551	0.49645425	0.39563551	0.49437684	0.41954321	0.38758484	0.50893838	0.24125426	0.36440378	0.43679417	0.62728674	0.29764919	0.43179797	0.24043503	0.28663681	0.07789335	0.31786633	0.32645846	0.10861089	0.16321848	0.34035112	0.45997688	0.26115692	0.33849851	0.36668128	0.07094404	0.27815043	0.18666079	0.39209845	0.20327441	0.28012867	0.08366029	0.18147081	-0.01213525	-0.04118466	0.10479168	0.05770272	0.02296903	0.16502192	0.10771054	0.19982885	0.38504262	0.11207915	0.33410425	-0.00819931	0.26399400	0.20493839	0.54634561	0.24093270	0.47212878	0.17379734	0.11994378	0.14370022	0.19937421	0.20390307	0.20640839	0.03968065	0.21290376	0.23494633	0.14680178	0.17191108	0.26788031	0.29732966	0.08910600	0.06406350	0.24512884	0.20785784	0.26875965	0.19346582	0.17270968	0.23939112	0.22837791	0.01407750	0.01418016	0.16953814	-0.00248977	0.04591342	0.10881367	0.16345701	-0.00182560	0.02448223	0.19476850	0.27068423	0.22640511	0.11178213	0.12228160	0.10068461	0.06372520	0.05917623	-0.02277344	0.11801571	-0.02888215	-0.02392597	0.05038624	0.11305087	0.07490586	-0.02641612	-0.06028631	0.13057635	0.08614229	-0.00078499	-0.02764656	0.10249826	-0.02612222	0.08053216	0.04788042	0.00076721	-0.01426697	-0.12462607	0.02652602	0.05651753	0.12254569	0.10074369	0.18246195	0.16300471	-0.03659285	0.17851863	0.09483376	-0.00286441	0.02219322	0.00420124	0.01451035	-0.03300267	0.02695377	-0.02279717	0.09044833	0.13709899	0.10247281	0.06503591	0.08413166	0.06844914	0.10353440	0.14862984	0.19151530	0.08778590	0.15519421	0.03265844	0.31923509	0.18957628	0.05132693	0.04489422	0.18640439	-0.03132026	-0.01235960	0.12935436	0.10125041	0.19134655	-0.09453775	-0.10718465	0.00306969	-0.02902258	-0.00470776	0.17175490	-0.05290914	0.06453626	-0.04027878	0.01905247	-0.05128197	0.06742733	-0.06946194	-0.02279478	0.16912047	0.10506252	0.13827563	0.12125674	0.12664409	0.16639601	0.19017107	0.00399102	0.15724492	0.28770744	-0.03457554	0.17074240	0.04008131	-0.01101251	0.06011063	0.23664829	0.42706909	0.29966729	0.31124826	0.30759831	0.27195977	0.19743621	0.19106673	0.15318370	0.13602343	0.14322431	0.00436771	0.09525967	0.15909177	0.16645419	0.03811866	0.21343739	0.32535682	0.32408377	0.44330368	0.33214666	0.43438419	0.44716085	0.37751422	1.03136755	0.56378789	0.57111118	0.44822506	0.53453401	0.42859977	0.52494422	0.62668950	0.59743996	0.02540506	0.40419770	0.40634298	0.25002944	0.18936873	0.31038301	0.25933720	0.29598061	0.03113962	0.30839414	0.12780214	0.20772190	0.28161615	0.41999878	0.15122807	0.31710100	0.16297637	0.32747271	0.34082468	0.35734828	0.15223735	0.24058557	0.34506832	0.09371350	0.17993959	0.26059984	0.17580115	0.18684368	0.34499882	0.30656327	0.34071121	0.61270534	0.34789582	0.15598940	0.29805477	0.27423070	0.38922660	0.22584300	0.41432091	0.25162907	0.50417639	0.34831945	0.34614805	0.32570979	0.20033081	0.26450017	0.38000233	0.17417130	0.33102143	0.20318385	0.13494026	0.23520078	0.32929329	0.13909355	0.35240372	0.12976493	0.35713724	0.16619380	0.18962982	0.24432590	0.23696722	0.17435094	0.34042009	0.02804798	0.21940559	-0.04337249	0.04200231	0.23966331	0.22643905	0.04803979	0.22855779	0.29933110	0.28326458	0.18582102	0.11707510	0.05813201	-0.14857684	0.20152903	0.05943993	0.09097751	0.29234767	0.01652638	0.14662942	0.09290975	0.07891635	0.17697398	0.23167604	0.21145102	0.23772226	-0.00977616	0.03388904	0.17144468	0.11342677	0.15854437	0.17187758	0.18432931	0.23035080	0.05378538	0.19224848	0.16283380	0.20629743	0.23257986	0.09644036	0.15988641	0.22232427	-0.00253267	-0.16532457	-0.07064486	0.12844469	0.25253526	0.09744763	0.08086580	0.22820767	0.06351066	0.13206471	0.13593212	0.03721693	0.14994291	0.23225992	0.10853965	0.11669598	0.03647891	0.10796796	0.02272230	-0.00141272	0.26214840	0.22766368	0.11322276	0.03962509	0.14752706	0.19422095	0.19749059	0.18243271	0.28350054	0.26756115	0.23503198	0.01677328	0.24178306	0.18622138	0.12182869	0.19539328	0.05243911	0.18997698	0.18861164	0.12704269	-0.00469233	0.10726838	0.00945549	0.04519757	-0.01857848	0.18750092	-0.01181815	0.24928501	0.09726584	0.31044993	0.17730620	0.28908206	0.32487651	0.30695962	0.18800584	0.23584687	0.14730391	0.12374913	0.06809579	-0.01844573	0.19620407	0.07897406	0.14036045	0.27324275	0.08116266	-0.13230429	0.10228580	-0.01040163	0.06784880	0.17256199	-0.03199486	0.14409981	0.05232359	0.18926126	0.03425228	0.08339747	0.13182862	0.10183228	0.14256049	0.31729725	0.07160090	-0.03342389	0.19335777	0.03940962	0.18701188	0.13037643	0.11186830	0.22606177	0.29362266	0.32053717	0.32886341	0.22641925	0.14591551	0.45621129	0.37944408	0.00553259	0.23740339	0.21499053	0.26523156	0.19795770	0.23256422	0.22367956	0.10735752	0.22130247	0.26865299	0.34200437	0.34150096	0.23311216	0.22509407	0.34955425	0.24552113	0.17766097	0.19112361	0.28048284	0.29840451	0.22298650	0.29752512	0.16749295	0.18709963	0.28417653
17Networks_RH_SomMotA_9	0.22635185	0.14557019	0.01303817	0.15182763	0.07799469	0.13873489	0.29309692	0.30263118	0.38860461	0.18312393	0.37733809	0.27788204	-0.03109184	-0.02566270	0.17890200	0.02417400	-0.12384902	0.30560447	0.06009467	0.18414460	0.14467635	0.13746099	0.39687773	0.18933239	0.40174519	0.30252482	0.32291432	0.15495935	0.41121905	0.30641069	0.37017526	0.47952959	0.46026718	0.59390510	0.41552234	0.59107207	0.45200120	0.27633358	0.53582906	0.53714488	0.52193168	0.38878115	0.35875035	0.07438331	0.09940352	0.04659004	0.25472206	0.21224270	-0.03073108	0.02538868	0.17504315	0.29110696	0.27805240	0.37584740	0.23359880	0.02582367	0.23275964	0.20257341	0.38001634	0.28600378	0.19911033	0.15767805	0.16310159	0.07414093	0.18980837	0.11303858	0.16744797	-0.01632113	0.49103931	0.42237629	0.42569092	0.62364088	0.10289317	0.36241485	0.25481456	0.30795190	0.30696194	0.60330608	0.44557665	0.56405049	0.15307749	0.42795160	0.44557933	0.40131058	0.43578276	0.21806324	0.18780362	0.28121318	0.18611306	-0.03055541	0.22836850	0.18716729	0.27390526	0.25587053	0.16857636	0.28151096	0.41141653	0.32803340	0.36900666	0.30926412	0.33335140	0.40927314	0.19100496	0.06597470	0.31471482	0.09931220	0.07054249	0.27003005	0.04614399	-0.05928335	-0.02977173	0.13657652	0.36158693	0.08291006	0.01239738	0.01362321	0.01144371	0.00270610	-0.01188272	-0.06815655	0.10727437	0.16543077	0.29417965	0.27320359	0.25041679	0.22195951	0.27312216	0.11416245	0.15473317	0.19275458	0.20985467	0.12454101	0.18808781	0.10538354	0.08712070	0.20451739	0.21263199	0.22454494	0.12287548	0.24390261	0.13301205	0.25539739	0.25110513	0.20084990	0.31799651	0.14879008	0.10458375	0.17782047	0.10355777	0.07141219	0.09898903	0.18576829	0.10347346	-0.06284899	-0.09717411	0.10083745	0.22604876	0.19228529	0.17517308	0.19757109	0.05255435	0.01026951	0.17779938	0.10325007	0.13293297	0.16507424	-0.08630676	0.24156736	0.18821722	0.02920701	0.29739690	0.27550535	0.08687036	0.09834281	0.15908213	0.12730954	0.33984896	-0.04294440	0.04248160	0.18730551	0.11825712	0.31186942	0.11096561	-0.02022119	0.11741899	0.10931637	0.24558364	0.03290828	-0.03959529	-0.16977204	-0.10695807	0.02309001	0.02356997	0.06925924	0.09855090	0.05837544	0.18814766	0.28868676	0.17402540	0.21359546	0.36610849	0.12176315	0.29285707	0.04537775	-0.00715033	0.16253784	0.24110354	0.43910712	0.41950211	0.36145354	0.29501717	0.32550959	0.10268045	0.10423301	0.12819655	0.06893347	-0.00388041	-0.01474980	0.05666671	0.11506643	0.19081812	0.06967798	0.29164911	0.36631050	0.33856835	0.40350084	0.32403544	0.36811192	0.42265325	0.38474246	0.56378789	1.17963798	0.52634215	0.44247904	0.72977923	0.47302839	0.44518774	0.52036234	0.52920874	0.18429165	0.36928599	0.31342229	0.44245192	0.05780862	0.19367318	0.09983232	0.19847588	-0.07730947	0.20794637	0.03821734	0.15322172	0.18718057	0.23132087	0.11540646	0.21861605	0.07396072	0.22347011	0.27462436	0.43355976	0.25692506	0.34874128	0.58316682	0.15901534	0.34361204	0.41423683	0.34136217	0.31381158	0.33848583	0.47626944	0.64077601	0.53074784	0.52673436	0.35830804	0.28795659	0.48315165	0.65157414	0.33198175	0.74398836	0.39573273	0.56796982	0.44793694	0.55749231	0.61123469	0.31902841	0.33715436	0.34127407	0.35855425	0.48937769	0.08366198	0.15164263	0.20149643	0.27089341	0.00562373	0.33762082	0.19883825	0.39238874	0.15537872	0.30434603	0.20369197	0.38286013	0.22634860	0.37968986	0.07940121	0.40395211	0.09269412	0.19491262	0.26359395	0.28356466	0.09780179	0.32679342	0.17234634	0.36710812	0.04966375	-0.06719027	-0.02526936	-0.24310529	0.06136354	0.10291235	-0.05156202	0.20411638	-0.11045858	-0.00442365	0.06848120	0.02207615	0.24996920	0.46497730	0.41538243	0.58126294	-0.02920320	0.05116301	0.16613664	0.16358868	0.28435065	0.31589414	0.15876638	0.18729336	0.12520591	0.26767294	0.30883817	0.43172497	0.38763257	0.15177707	0.06320538	0.27863086	0.04804544	-0.07649235	-0.06699432	0.20765136	0.25380449	0.18665677	0.13600927	0.33240759	0.03788050	0.21107413	0.34867808	0.07119542	0.12623572	0.10208870	0.02133402	0.16720572	0.03485199	-0.07115806	-0.12696862	-0.01617471	0.08041810	0.25494661	-0.01376819	-0.04808721	0.07044375	0.01785326	0.01932767	0.08653716	0.15478302	0.23547480	0.24316606	-0.10793416	0.19779747	0.15939083	0.18008871	0.09465806	0.08818134	-0.05064601	0.19735556	0.20015270	-0.07160002	0.17872098	-0.03612502	-0.05883699	-0.00252892	0.13024732	-0.08613290	0.08586747	0.01683204	0.24645224	0.15004557	0.25608282	0.34823900	0.35612630	0.16731022	0.28522588	-0.05934726	0.03766814	0.08651196	-0.03152255	0.19024200	-0.00721930	0.18737003	0.24099914	-0.02014944	-0.22280766	0.16798464	-0.11706033	0.12649554	0.17723975	-0.02093044	0.31028485	-0.06281913	0.19982362	0.01555510	0.03886595	0.06583885	-0.04958231	0.20107226	0.15454164	-0.01160371	-0.06164877	0.08005638	0.04119841	0.19897826	0.10965244	0.11000547	0.34377718	0.23587608	0.27306373	0.28631709	0.08216954	-0.04646675	0.37997929	0.16562481	-0.00131599	0.18582121	0.13193732	0.16809021	0.13732557	0.10195851	0.05750407	0.06616637	0.02247282	0.32925197	0.30109593	0.20194651	0.08778269	0.26291793	0.30774949	0.13638892	0.23011367	0.32249560	0.33830456	0.40103805	0.26826701	0.27043081	0.22545109	0.16252130	0.18130816
17Networks_RH_SomMotA_10	0.14942905	0.18840871	0.06414542	0.16764500	0.04489773	0.10568290	0.20444197	0.24593695	0.30602569	0.26827342	0.36350500	0.27566564	0.09410548	0.10929526	0.21315537	0.17280415	0.03995881	0.28553182	0.17338839	0.17732235	0.23085908	0.20283967	0.28820688	0.21586225	0.38604785	0.42286458	0.35737695	0.24056276	0.35891119	0.38494938	0.54459628	0.53994863	0.41954795	0.51098203	0.29936986	0.49662590	0.45727069	0.34273528	0.39123842	0.31652386	0.55749875	0.45911668	0.45682647	0.17860990	0.19189302	0.15462647	0.23279359	0.26454950	0.11497335	0.06707975	0.23212199	0.37982201	0.25740307	0.34683396	0.32633618	0.17998967	0.27750844	0.26039366	0.41066039	0.16481383	0.14620881	0.09942978	0.18019077	0.00241320	0.02559335	0.11225823	0.06117752	0.02480987	0.10486381	0.11648334	0.20746043	0.36864419	0.14461550	0.40651424	0.11405326	0.34872813	0.32590448	0.45076220	0.21091084	0.46831623	0.17986995	0.26956538	0.27778705	0.26014123	0.30890831	0.10487211	0.02707579	0.22649603	0.06660262	0.10615844	0.08785265	0.24412255	0.28471669	0.10629281	0.16400000	0.18847593	0.31553067	0.28238898	0.30502195	0.30980220	0.18465620	0.18049452	-0.00151923	-0.00537326	0.12182919	-0.04595372	-0.04900567	0.17120604	0.02922248	-0.04335917	-0.02799796	0.14007203	0.34804150	0.24280474	0.06398984	0.00581365	0.14784251	-0.07797514	-0.03627990	-0.11089789	0.11881918	-0.00716435	0.03839699	0.11224813	0.12440537	0.08852468	-0.02232006	-0.07329119	0.04475541	0.09618302	0.09356312	0.10149180	0.04885596	-0.05235363	0.00805172	0.18754812	0.07379272	0.01399729	0.06148811	0.03401794	0.13105072	0.08237158	0.27707311	0.32776055	0.20031882	0.05654572	0.22198967	0.12132998	0.11618351	0.13525801	0.22981197	0.03225093	0.09594433	0.16629951	0.14791835	0.21494530	0.20787799	0.15870905	0.21598277	0.27695736	0.17044872	0.19375911	0.15394466	0.18278114	0.11917930	0.18224295	0.09086614	0.35575662	0.25704495	0.19474943	0.16730879	0.24968541	0.05020235	0.16461558	0.26112560	0.10285223	0.12831561	-0.14060798	-0.02385085	0.07979721	0.06247279	0.19577043	0.12438793	-0.03886868	0.11391005	0.02957813	0.01249867	0.11940237	0.09472353	0.08954292	0.17162789	0.07787070	0.12279708	0.02501795	0.08485133	0.18567436	0.18037568	0.13124598	-0.07676769	0.10350550	0.28739297	0.00810620	0.28145179	-0.02583295	-0.05320639	0.11162306	0.16472895	0.40094653	0.29431625	0.36203602	0.33355531	0.23431115	0.19958421	0.14521422	0.07874945	0.23144803	0.12826026	0.12245111	0.13842186	0.16454141	0.24950185	0.18665746	0.32457169	0.44933111	0.43672722	0.46197137	0.52230913	0.52906172	0.63536041	0.49741518	0.57111118	0.52634215	1.08786283	0.50298366	0.55626091	0.53758650	0.51416461	0.65126866	0.49295225	0.30165263	0.32209470	0.26472338	0.25207056	0.13278608	0.25626869	0.16419860	0.28136431	0.04260051	0.25819598	0.17679968	0.13900720	0.23304098	0.38580522	0.11818102	0.29818502	0.28274578	0.35379338	0.39558647	0.30359937	0.12332335	0.30251625	0.38132287	0.07292864	0.23701542	0.24443783	0.12468043	0.16374181	0.30340226	0.32024774	0.31066214	0.46918998	0.30162329	0.10066470	0.39492796	0.48965967	0.46881613	0.40955721	0.50337326	0.25476871	0.46600446	0.34713565	0.36477641	0.33025466	0.05458922	0.19899944	0.33623227	0.22834752	0.29923114	0.08314730	0.00575743	0.23409935	0.24306304	0.08661012	0.30561137	0.02984188	0.41522629	0.32404713	0.28298597	0.32032699	0.27138489	0.22626929	0.29774310	-0.06668018	0.23301756	-0.02340210	-0.04901009	0.11792466	0.18651248	-0.05983207	0.10965035	0.17401878	0.26567001	0.06558021	-0.00797405	0.05818678	-0.15486594	0.12086474	0.10440485	0.00946556	0.27370478	0.05727819	0.07781670	0.04794352	-0.06126660	0.16449471	0.34581155	0.25417786	0.30251887	0.17297587	0.07034927	0.20871144	0.13193828	0.21578814	0.24226559	0.17246425	0.10957763	0.01623713	0.07918116	0.14309628	0.20108006	0.23260329	0.01847913	0.14589651	0.31131702	0.01290729	-0.16822521	-0.08304318	-0.00278297	0.23934627	0.16632743	0.24054533	0.32518685	0.24956524	0.20825523	0.15331503	0.22636353	0.19850900	0.24334354	0.08845253	0.15307292	0.14999450	0.12877480	0.21308496	0.17605339	0.27350794	0.21559048	0.25354094	0.11967209	0.08792967	0.17132111	0.26744867	0.04818462	0.18422980	0.23750604	0.22701132	0.09558705	0.20720279	0.12798839	0.21624271	0.02810080	0.00456702	-0.02427102	0.05173814	0.05804848	0.17319002	0.32794358	0.13722237	0.26134216	-0.16591570	0.25849185	-0.03922198	0.31653547	0.17027102	0.31531471	0.23732016	0.22062923	0.22890944	0.23191037	0.15572925	0.16335966	0.01990348	0.18314823	-0.03054919	-0.06814890	0.17269800	-0.07126323	0.09674579	0.17579843	0.02123950	-0.10800567	0.09293140	0.06029288	0.06187802	0.16727553	0.04362235	0.12972420	0.03177643	0.21669154	0.00829789	-0.01823719	0.10967727	0.10674033	0.08715975	0.19558392	0.01757569	-0.04231054	0.17001580	-0.03351946	0.13073202	0.11579474	0.04532664	0.23911257	0.25219491	0.32810191	0.30540592	0.04002823	0.03441841	0.33787471	0.15851989	0.01777226	0.26089135	0.22020429	0.21709075	0.22917056	0.24857587	0.21839338	0.08048392	0.04784074	0.28175581	0.35291141	0.36941565	0.10593175	0.05068428	0.31926644	0.03349414	0.11938640	0.34040005	0.32498957	0.39060137	0.25540806	0.38563090	0.24891175	0.14820924	0.29262851
17Networks_RH_SomMotA_11	0.05277809	0.16116425	-0.03564053	0.00332552	-0.06182859	0.06891807	0.11716616	0.27199725	0.30794972	0.10608167	0.39390766	0.29816212	0.01490691	0.03418696	0.16380620	0.16001284	0.05628807	0.21854586	0.09418541	0.22110859	0.12934736	0.20864101	0.32693940	0.11797040	0.36245106	0.30632287	0.31544587	0.19134150	0.40770738	0.27967250	0.62393654	0.51721539	0.23070817	0.43235222	0.35483256	0.35579216	0.42467315	0.38477771	0.54942983	0.34338678	0.45791523	0.30380208	0.38099901	0.14396771	0.28995067	0.20256716	0.20530683	0.20336410	0.17137143	0.15883623	0.18947738	0.26895916	0.35974592	0.33018832	0.24093955	0.01537966	0.22091276	0.31166453	0.30818416	-0.01059948	0.13436886	-0.05167618	0.14020321	-0.05939896	-0.03526450	0.06430900	0.11438524	0.10737775	0.19267869	0.19395349	0.22794702	0.33183331	0.03281242	0.23471417	0.02177335	0.26485568	0.25550716	0.40126593	0.24068743	0.32405211	0.20202875	0.28334936	0.15315599	0.23067177	0.21854244	0.18692919	0.06556350	0.08500441	0.07956575	0.06388600	0.14495283	0.14917806	0.27401322	0.15814439	0.20788884	0.12992747	0.38062413	0.25316681	0.30535413	0.21022976	0.17542605	0.10261434	0.00201587	-0.00334547	0.20361653	-0.04836545	-0.10705392	0.19675389	-0.05658869	-0.17730928	-0.05985357	0.13493144	0.26957131	0.37197072	0.17289735	0.09227019	0.19019247	-0.01733815	-0.11306901	-0.14493899	0.11663522	-0.02477102	0.04914724	0.03545428	0.12494238	0.12412891	-0.01267503	0.06272950	0.08131334	0.22422948	0.05389584	0.20683573	0.13667213	-0.18375032	0.10490033	0.11358604	0.08706354	0.11543127	-0.09677329	0.05304954	0.06201140	0.03198577	0.30554843	0.03332284	0.13783269	-0.06999798	-0.00570426	0.05948795	0.12375816	0.13096493	0.03172609	0.12884266	0.00310256	-0.00064174	-0.05339633	0.02711204	0.08322758	0.09582061	0.00448043	0.12941418	0.13156112	0.12774522	0.25694252	0.23015970	0.05139587	0.13203778	0.03497944	0.38171007	0.17183778	0.11889954	0.18011380	0.17803567	-0.04696777	0.00210270	0.23234889	0.11775700	0.12193074	-0.03325380	-0.11017600	0.15249556	0.00722964	0.10419566	0.14507803	-0.08409325	0.12518535	0.03796350	0.08196353	-0.01418505	0.08165755	-0.02230655	0.04359585	0.06958868	0.11054120	0.08772001	0.09348940	0.07886313	0.26648743	0.21515952	0.04073069	0.15673142	0.18620320	-0.06543374	0.28170739	-0.14532595	-0.03728182	0.04679125	0.06896541	0.43228054	0.26567320	0.35093683	0.28190773	0.30468987	0.22157942	0.05594049	0.01593684	0.13404140	0.01754955	0.00744644	0.02540874	0.14652771	0.12978652	0.07994747	0.24590082	0.39925248	0.32852866	0.44455896	0.25639902	0.57157852	0.43071724	0.36148004	0.44822506	0.44247904	0.50298366	1.02344880	0.50797494	0.58710160	0.50975983	0.47413781	0.44247970	0.15342485	0.52594975	0.31108987	0.35192080	0.02584817	0.27814558	0.28554022	0.17449994	0.08962518	0.28744530	0.07980627	0.15325369	0.23312417	0.32674339	0.14027356	0.31967815	0.26698781	0.25660726	0.34993188	0.24476869	0.06990005	0.22212286	0.35046598	0.02890246	0.23386568	0.35151697	0.15554313	0.14790479	0.33909971	0.28582696	0.32249230	0.41773782	0.20863170	0.11230225	0.31900473	0.39977129	0.39033370	0.24611536	0.42222008	0.19186366	0.36358116	0.44458068	0.22677019	0.28745819	0.16673657	0.27085865	0.38808662	0.29432568	0.34113699	0.00531653	0.01778209	0.18694088	0.21712325	0.10767882	0.21477831	0.10769056	0.36787057	0.41196514	0.20302427	0.32830255	0.20410449	0.23624917	0.22946834	-0.05438614	0.28529359	-0.03075590	-0.01986124	0.11315699	0.07198459	-0.06693477	0.14135647	0.11120110	0.20380865	-0.04637643	-0.08842660	-0.02109463	-0.22056235	0.13596064	0.03484376	-0.00129978	0.41617444	-0.13167579	0.12835683	0.01899057	-0.06744026	0.18871995	0.24126208	0.26523166	0.32829637	-0.13168018	-0.00788192	0.19952150	0.05534373	0.23525709	0.20326255	0.25627553	0.14877442	0.00731889	0.07666909	0.10608833	0.19252971	0.19088226	-0.06428587	0.05695145	0.14820680	-0.00535518	-0.23923579	-0.24747548	-0.05105368	0.11451558	0.17946531	0.03554263	0.09662208	-0.03980446	0.11663407	0.00687853	-0.06818525	0.06715500	0.25795223	-0.01046733	0.13686156	-0.01885512	-0.03806815	-0.04572127	-0.10024017	0.06681492	0.09014817	0.05372410	0.02931586	0.06149333	0.11847745	0.15126387	0.06414871	0.11421031	0.10661261	0.22372446	-0.04295311	0.19302154	0.13323287	0.14851998	0.03757317	-0.10725364	-0.12773543	-0.03328251	-0.03289908	0.09229836	0.12932915	-0.00951978	0.00532504	-0.03061899	0.19567711	-0.14561863	0.21556733	-0.02675737	0.22875177	0.19104040	0.22518005	0.23257176	0.33360113	0.04548266	0.13006092	0.05576288	0.14519503	0.01879416	-0.07532964	0.09392392	-0.04693175	0.21378850	0.18113727	-0.13039841	-0.30725068	0.08985444	-0.07230252	0.14787322	0.21259412	0.00982246	0.11083224	0.00073050	0.21531359	-0.03441817	-0.02912952	0.05589906	0.11920937	0.15127882	0.16760188	-0.10833202	-0.13820424	0.18641316	-0.06660724	0.19339605	0.22868902	0.05625264	0.20172009	0.10724478	0.28956582	0.26409048	0.07240782	0.09567377	0.35353817	0.14988896	-0.04820280	0.14151905	0.07539380	0.12269690	0.06263120	-0.02256086	0.11868668	-0.12076728	-0.06282206	0.18650523	0.28597021	0.25367648	0.09413797	0.07752923	0.27644576	0.07698056	0.17738871	0.19739364	0.17104050	0.31418301	0.19204292	0.25851996	0.14580623	0.11477701	0.26192540
17Networks_RH_SomMotA_12	0.14446018	0.24702251	-0.04818230	0.20190778	0.03449420	0.24405891	0.26139289	0.38696945	0.45991655	0.05940225	0.36033943	0.29062891	0.14519910	0.07821065	0.22181274	0.15579194	-0.05448244	0.26754820	0.08637312	0.30622916	0.04657088	0.18425194	0.35556610	0.11976344	0.44018017	0.38040788	0.44904015	0.33711583	0.56039335	0.34786263	0.54733437	0.58774312	0.53441405	0.66547278	0.52321876	0.77466080	0.58718955	0.17226731	0.45590139	0.63903627	0.62398618	0.37473916	0.42192359	0.06963139	0.17325265	0.06041609	0.35618964	0.21171325	0.06078355	0.13286922	0.21520096	0.39485991	0.38780062	0.45763440	0.21388417	-0.05716342	0.15337440	0.21347680	0.31213936	0.13622047	0.26892324	0.03307268	0.29663426	-0.03633565	0.06481705	0.13283307	0.15525908	0.03602866	0.38387301	0.35409133	0.43361577	0.51750577	0.18691248	0.42273038	0.24496284	0.43575994	0.42878369	0.57731936	0.29198161	0.41448218	0.04278520	0.41559637	0.38029754	0.40718191	0.49173836	0.28900913	0.12112407	0.23466073	0.24124428	0.05849828	0.28351596	0.30429579	0.35282071	0.21716051	0.19124177	0.18410115	0.27999858	0.39359185	0.44891432	0.44453984	0.20227965	0.18886305	-0.10346474	0.09907531	0.33160441	-0.01206774	-0.10845409	0.18439188	0.00729414	-0.06520815	-0.03480398	0.13573473	0.26810611	0.17062046	0.11870380	0.07467473	0.14701775	0.05298903	0.02243906	0.04760706	0.05257800	0.02926866	0.10322670	0.08586526	0.12251723	0.17164448	0.15478545	-0.02519706	0.02381080	0.25876248	0.09434146	0.07919467	0.21037401	-0.08642933	0.08364734	0.00920492	0.01140397	0.04821281	-0.00377454	0.02865078	-0.06461169	-0.06385549	0.19040118	0.24896393	0.32596534	0.00467045	0.10520441	0.15597343	-0.01656540	-0.01880090	-0.00641066	-0.07953947	-0.08104388	-0.09124895	-0.10473266	0.06136765	0.10681398	0.14936239	0.02964508	0.07769974	0.04908134	0.06903236	0.09701560	0.09156240	-0.09437254	0.09673153	0.04325902	0.21313886	0.20539221	0.09116908	0.14936033	0.19751975	-0.03804659	0.01108647	0.09786141	-0.11076147	0.02321589	-0.16466808	-0.12367438	0.10907413	-0.06297948	0.09576484	0.14523444	-0.08200755	0.13425442	-0.01078983	0.10839752	-0.07369060	0.15906965	-0.01675556	0.04077262	0.10579553	0.19827794	0.22008934	0.24033820	0.16395458	0.26077060	0.33892995	0.03119526	0.22440594	0.35771286	0.02316474	0.30814423	0.00865137	0.00056921	-0.02992779	0.22990991	0.56353506	0.43431362	0.32658379	0.31563603	0.29890399	0.33244390	0.28084740	0.19166232	0.05356023	0.14809988	-0.04572203	0.08390157	0.14147706	0.11164209	-0.02705787	0.18314359	0.41314203	0.36396504	0.56453896	0.31854601	0.53785419	0.53004534	0.57000580	0.53453401	0.72977923	0.55626091	0.50797494	1.15215068	0.52399634	0.45005416	0.51990000	0.48680096	0.40007198	0.34456604	0.32138759	0.40447449	0.10090787	0.25767636	0.22364271	0.16884302	0.07539948	0.35614410	0.00736273	0.13635322	0.24352567	0.39152803	0.23578168	0.37758308	0.18725876	0.21054650	0.39030781	0.51469958	0.15138041	0.20767662	0.53865863	0.12163834	0.20589118	0.41482127	0.25191322	0.30585913	0.35173429	0.43784200	0.58534943	0.55467401	0.43823184	0.19605197	0.46446513	0.57742021	0.65041815	0.41295310	0.69143972	0.27779423	0.48577436	0.31624764	0.56078932	0.63604467	0.37414459	0.37981723	0.45766477	0.43095470	0.43574383	0.14668596	0.10948956	0.30978529	0.32384626	0.17360318	0.42100131	0.34183829	0.49783960	0.35656626	0.27314522	0.23933406	0.36794940	0.25912588	0.51869997	0.11402420	0.35625127	0.01397440	0.04134874	0.10565583	0.13807434	0.05123725	0.40766377	0.16020068	0.38032323	0.04654110	-0.01754753	-0.01242388	-0.13377844	0.15975112	0.05428185	-0.00178449	0.31569659	-0.05149255	0.06267133	0.06591699	-0.05415979	0.24343564	0.49682213	0.36826895	0.47354456	0.09601950	-0.00236850	0.20060976	0.18762117	0.40116955	0.26235263	0.22400458	0.13263505	0.11975374	0.24979114	0.18720933	0.37642083	0.28310825	0.07509257	-0.00330520	0.20568430	-0.07203159	-0.11089279	-0.12192444	0.06741338	0.13351784	0.12969112	0.23668488	0.35892624	-0.04221341	0.19514317	0.26992627	0.10051390	0.18874172	0.13721864	0.02499664	0.03121510	0.00749460	-0.10754741	-0.07717920	-0.00518434	0.18168999	0.25630312	-0.01543933	-0.06638467	0.04377709	0.06289924	0.03472253	-0.00081504	0.14749973	0.24721298	0.20081332	0.00992343	0.07390185	0.07612962	0.14083990	-0.06918173	0.06591274	0.01749523	0.12148072	0.17291452	-0.04963565	0.11216003	0.08306376	0.08397115	-0.04280537	0.32571290	-0.03919597	0.27812747	0.06360507	0.36449239	0.33455712	0.30322232	0.35666705	0.44166616	0.10771211	0.31318981	0.17259441	0.15282892	0.12186206	0.05745813	0.27772986	0.00926668	0.29923946	0.31547332	0.05894816	-0.20797104	0.14742790	-0.05963213	0.32149005	0.27535489	0.07375421	0.32691905	0.09598384	0.32233870	0.07401476	0.18239532	0.09796612	0.07963876	0.23998337	0.18695650	-0.02251815	-0.11189319	0.12992179	0.15639865	0.36862724	0.14981293	0.11446180	0.30480128	0.33125746	0.31938166	0.34492032	0.12738030	0.02855094	0.46316304	0.20627783	0.08318003	0.21585942	0.16242135	0.19391751	0.17241723	0.07100174	0.11532591	-0.08362664	0.03950567	0.30191359	0.35604367	0.37382883	0.17522716	0.10940700	0.41450147	0.21325519	0.21331157	0.22541664	0.19410447	0.31023445	0.15286067	0.24848256	0.10843684	-0.01339595	0.11513834
17Networks_RH_SomMotA_13	0.13701857	0.29354829	0.01229939	0.14442889	0.01368922	0.12106776	0.17720566	0.24209891	0.33557778	0.05010810	0.41443257	0.32181497	0.11368894	0.03258384	0.15454526	0.29361377	0.00757523	0.20951541	0.03293489	0.24497095	0.14406540	0.18831604	0.40360634	0.16857355	0.34191980	0.38169419	0.39171413	0.24712414	0.47231130	0.30971758	0.55769595	0.51627359	0.35947438	0.47804042	0.30637756	0.54790945	0.37259001	0.50701585	0.49691371	0.41573426	0.47860115	0.48613942	0.42470438	0.17392120	0.28120672	0.24800095	0.25558596	0.14017442	0.14393705	0.10090351	0.21264060	0.34426596	0.37480435	0.36653637	0.24080297	0.07844533	0.23903194	0.30618502	0.30242021	0.12032585	0.26754914	0.08695218	0.25764040	-0.00950944	-0.04531287	0.04303451	0.09469357	0.12740752	0.14853528	0.19348373	0.34165713	0.39822473	-0.02541514	0.31087986	0.07155639	0.26335747	0.23601952	0.33048304	0.24072337	0.28082064	0.25079621	0.31511897	0.15096527	0.24492384	0.29334697	0.20153520	0.09934677	0.07915171	0.05301282	0.13055555	0.06721951	0.15301074	0.32817943	0.23121593	0.17177546	0.09221230	0.40101380	0.33265879	0.35520535	0.33461587	0.02995696	0.22065887	0.04642341	-0.06904627	0.15029681	-0.07642395	-0.18234988	0.20056560	-0.09830506	-0.14017747	-0.09377990	0.12772149	0.28217734	0.26112419	0.14544424	0.07843695	0.24214932	-0.00993297	0.03826225	-0.16505899	0.14412189	-0.05882814	0.01101381	0.08218813	0.07340414	0.13268653	0.00778450	0.03591109	0.00950706	0.24507047	0.04492605	0.20041619	0.09387608	-0.15318301	0.14115479	0.05123332	-0.00443399	0.05128315	0.02531818	0.05749853	0.03727357	-0.04710744	0.39155635	-0.02661870	0.04780078	-0.03541497	0.03901583	0.00398567	0.18020688	0.16679084	0.15747859	0.15530631	0.05193147	0.10990878	0.01677463	0.12938620	0.07279378	0.20578554	-0.04806691	0.14672100	0.26841631	0.17035775	0.25351509	0.26616381	0.05823459	0.12581732	0.12911234	0.37164746	0.23364258	0.27050273	0.18215131	0.13867756	0.10247922	0.05785868	0.38959460	0.23635681	0.16163941	0.05156666	0.02534819	0.19540610	0.07927693	0.13358049	0.20056219	-0.06387032	0.21435956	0.12544856	0.08895719	0.11488126	0.14375515	0.07786025	0.09994910	0.11248067	0.22800704	0.08069940	0.10222634	0.21493217	0.17981186	0.15673711	-0.01196651	0.17278085	0.27989356	-0.07931059	0.33384365	-0.10156007	-0.03796180	0.15158686	0.17140897	0.46145192	0.30515317	0.24790116	0.34097645	0.28590006	0.28387855	0.14783656	0.09689554	0.06503237	0.08113411	0.04080748	0.06195755	0.11660774	0.12158673	0.00159066	0.22108785	0.40588840	0.39961694	0.56308234	0.25993904	0.51415653	0.50755257	0.45709636	0.42859977	0.47302839	0.53758650	0.58710160	0.52399634	1.20675681	0.41534568	0.47296757	0.56990405	0.27351827	0.46473228	0.23687366	0.39705551	0.05770284	0.23940531	0.29554035	0.11680242	-0.00046078	0.25986033	0.07427683	0.09841206	0.15323184	0.36684478	0.07691260	0.24875024	0.26290490	0.27800026	0.39654370	0.36669581	0.19160698	0.29063102	0.29671136	-0.08085624	0.21455814	0.39099957	0.07625205	0.09797367	0.30299776	0.33602928	0.31398011	0.49326085	0.30468915	0.07276767	0.34065042	0.38825820	0.37367159	0.27328806	0.40948542	0.27448567	0.42684722	0.54560889	0.28234197	0.27600221	0.19870075	0.23883262	0.37154516	0.25308070	0.36039936	0.04853810	-0.01814294	0.12222390	0.22979869	0.00527086	0.27681335	0.03184354	0.39289627	0.31971597	0.08727784	0.30102100	0.15990532	0.17791054	0.30444304	-0.03802699	0.19717048	-0.07547607	-0.12929749	0.14191603	0.11090811	-0.17461362	0.09197107	0.05183646	0.15899136	-0.03514148	-0.04393175	-0.05908275	-0.26446998	0.09751081	0.17101897	0.03699643	0.32748970	-0.11155778	0.09258540	0.08223338	0.04026315	0.17126075	0.27098944	0.16418721	0.26837532	-0.12210561	-0.07928593	0.24562805	0.02617151	0.23780560	0.18227856	0.24705427	0.10102747	0.04724849	-0.04176646	-0.10067691	0.11016431	0.02767831	-0.13360188	0.01973988	0.19094190	0.07318048	-0.10802238	-0.27179138	-0.13086001	0.10617798	0.26164641	0.05599677	0.05705068	0.02464844	0.10658520	-0.05136716	0.04866234	0.03970904	0.22780221	-0.03548821	0.09399243	0.01142399	-0.03764941	0.10254172	0.03296320	0.04792906	0.15458526	0.07675155	0.13509502	0.04329509	0.15713789	0.21486213	-0.03844884	0.11402248	0.10840758	0.20839024	-0.01893344	0.23823145	0.25819389	0.25822738	0.05851135	0.11335408	-0.02449708	0.00014433	-0.03420018	0.22073889	0.20846785	0.06815816	0.10179473	0.00088872	0.19735551	-0.15768513	0.34436761	0.05544752	0.24241416	0.14974486	0.08721773	0.21996213	0.26906948	0.03922834	0.09149269	0.18636108	0.19503611	0.03479090	0.08310718	0.20035363	0.01217994	0.24796326	0.17976819	-0.08056927	-0.26856897	0.23381902	-0.05739048	0.17985433	0.28750302	0.08491552	0.21830699	0.03057669	0.28166268	0.00126900	0.01175583	0.11198249	0.12019254	0.18531677	0.16010138	-0.14592240	-0.11430116	0.21754109	0.00241458	0.24645240	0.23128579	0.04489670	0.24429742	0.20855743	0.38918241	0.37777169	0.07240217	-0.01458195	0.39426811	0.23997471	0.05086281	0.16216515	0.18214927	0.19118889	0.12253788	0.03711978	0.16615486	-0.05663102	0.10149372	0.28316000	0.33894355	0.30344964	0.15903035	0.10340647	0.38399495	0.06152667	0.16845493	0.21138396	0.24808268	0.36908319	0.28095523	0.40997826	0.24620296	0.15058770	0.25572673
17Networks_RH_SomMotA_14	-0.04606525	0.05566749	-0.10853802	-0.07017094	-0.06487324	-0.00694123	0.03679605	0.04971828	0.17680250	0.10760652	0.36574374	0.23548181	-0.11235081	-0.06504895	0.01319449	0.00304584	-0.05351431	0.25319283	0.03224452	0.20861606	0.19918089	0.13619705	0.30365751	0.01428955	0.28175550	0.32213691	0.25071221	0.21692661	0.32704352	0.22969105	0.52403512	0.46710068	0.22525897	0.42372515	0.42242216	0.38162185	0.61135704	0.18566968	0.34528598	0.25781128	0.52449093	0.33693671	0.31632102	0.15097468	0.04715064	0.03116145	0.19428168	0.11271938	0.16125565	0.01540767	0.04661951	0.16791838	0.09622534	0.25383077	0.25124595	0.04454111	0.11314103	0.25524137	0.22455147	0.05563840	0.05045087	-0.15983753	0.03910163	-0.12815236	-0.02547246	0.07962255	0.06068399	-0.10743309	0.13830733	0.08530037	0.13263915	0.48055380	0.05036238	0.21235760	-0.03561896	0.20330003	0.25091573	0.51471842	0.37318273	0.60641204	0.09296361	0.08533010	0.04743063	0.08177451	0.10433894	0.03280222	-0.04898522	0.11576853	0.11288124	0.01088469	0.16147152	0.19952289	0.23529619	0.05724783	0.00216886	0.14376864	0.25281052	0.12200615	0.08180707	0.08952382	0.19835651	0.15025678	-0.03187670	0.06747008	0.15354462	-0.02084873	-0.01098352	0.06638292	-0.07333422	-0.06390403	-0.08331566	-0.01332752	0.17434540	0.30047153	0.08850917	-0.00645164	0.15260698	0.04717971	0.03491165	0.00476173	0.01577964	-0.01680397	-0.06010410	0.03148322	0.04766431	0.08066209	-0.14834403	-0.05583342	0.13501713	0.07976586	-0.05775009	0.00341499	0.09191231	-0.24312247	-0.03039530	-0.00660874	-0.06998672	0.00646627	-0.12447164	-0.07809984	-0.02181402	0.00125275	-0.04266225	0.22504844	0.13679464	-0.03265147	0.08278025	0.19366751	-0.09586996	-0.04804901	-0.04946233	-0.05240845	0.00080747	0.01693249	0.00946076	0.04974824	0.09362526	-0.08229989	0.03982640	0.09176169	0.03756027	0.00394438	0.06475321	0.07150861	-0.07360244	0.09440145	0.05953407	0.29794397	0.09573195	0.00643072	0.03453756	0.09485323	-0.15866955	-0.08026183	-0.02883973	-0.05078819	0.00596649	-0.12025291	-0.14019849	-0.08121109	-0.01299430	-0.03937453	0.00407360	-0.10622748	-0.07357917	-0.08958833	-0.04731591	-0.14353838	-0.01439769	-0.04845276	-0.03837645	0.01346848	0.05614977	0.09442481	0.15619404	-0.08191404	0.09556037	0.04334449	-0.01327130	-0.02146572	0.04856473	-0.13482076	0.09905416	-0.09302995	-0.03890105	-0.01504086	0.04697600	0.32148252	0.12346314	0.22830905	0.34894223	0.31816828	0.10702013	0.11248740	-0.05415934	-0.05445627	0.07736641	0.06663005	0.04839796	0.15346638	0.24954733	0.07894839	0.30207385	0.28514415	0.18172012	0.32324310	0.31143250	0.42031180	0.30718787	0.36363407	0.52494422	0.44518774	0.51416461	0.50975983	0.45005416	0.41534568	1.10189369	0.48393925	0.40334040	0.15921980	0.30391914	0.36534299	0.10394512	0.00768519	0.16209049	0.14090940	0.17920401	0.01639914	0.11404197	0.08976943	0.04373395	0.15466184	0.27525757	0.10199001	0.22628346	0.18414505	0.13945683	0.30854199	0.16694639	-0.02404062	0.09289314	0.32408244	0.02421317	0.14387347	0.21193227	0.19289631	0.05775000	0.25990087	0.28010431	0.27888560	0.43870657	0.30163281	0.07232303	0.30838671	0.25854885	0.38140698	0.23881706	0.41676655	0.25290828	0.43186090	0.23821220	0.12307403	0.19618080	0.05467008	0.21090340	0.37224933	0.23803969	0.16919591	0.05545990	0.02500911	0.15168512	0.21258156	0.13821957	0.21109680	0.08965117	0.25641439	0.24444603	0.15211804	0.25083541	0.25566169	0.15326915	0.12691757	-0.11565184	0.23079909	-0.03265939	0.02747762	0.12808859	0.19859863	0.06604322	0.27227578	0.16557701	0.24162251	0.01540782	0.03485636	-0.03263856	-0.08522187	0.05084072	-0.00465173	0.01609993	0.26521917	-0.04826057	0.07053077	0.01261545	-0.05003617	0.15297470	0.22471223	0.25227843	0.26061954	0.08151185	-0.05384196	0.15608904	0.08363691	0.15482421	0.20967200	0.18358658	0.10552461	-0.04318412	0.14947415	0.14267675	0.12774418	0.26279923	0.02557405	0.09286371	0.09789138	0.00251171	-0.16893250	-0.04134710	0.04344969	0.08471358	0.02988524	0.19964779	0.24763070	0.07584058	0.11232377	0.19408304	-0.00253286	0.27290064	0.16269068	-0.02544644	0.08682213	0.04108544	0.12033080	0.06882839	0.06476345	0.17709813	0.01533709	0.15594560	0.01449329	0.04399123	0.14185788	0.08372628	0.01836391	0.11202241	0.15050176	0.18682724	-0.01721368	-0.01655436	0.00562050	-0.05587697	0.08794554	-0.24664767	0.00270114	-0.00252939	0.02326653	-0.00258951	0.17317689	-0.05209670	0.08187635	0.08081972	0.10824681	-0.08221931	0.26321447	0.06091030	0.16197713	0.21414338	0.29420343	0.14125124	0.22011205	-0.03674515	0.21119196	0.05855326	0.12245272	-0.00952351	-0.08632914	0.01139383	0.06412016	0.08949388	0.07447583	-0.00795719	-0.08424466	0.09376578	0.00534920	0.09527984	0.19605891	-0.00025185	0.04401701	0.04673286	0.24713211	-0.02677737	-0.06204830	-0.04914370	0.03881161	0.13621014	0.21191356	-0.00801634	0.06037219	0.20628913	-0.01949059	0.21136546	0.24208997	0.09150189	0.16967317	0.14561770	0.20251298	0.24928045	0.09951445	0.05555473	0.33063627	0.19822125	0.03115236	0.11219273	0.13216574	0.16445000	0.05166433	0.08148889	0.14929646	0.08078200	0.11452031	0.15961777	0.28441224	0.22896330	0.09320345	0.12965716	0.27503421	0.20426794	0.11238969	0.11653170	0.15558253	0.16886830	0.09725317	0.20427955	0.04774620	-0.03822773	0.18257942
17Networks_RH_SomMotA_15	0.27011206	0.18133392	0.10733475	0.16647236	0.08450339	0.22075115	0.17688344	0.25550131	0.28443819	0.17566831	0.31935925	0.21054160	0.14166258	0.14020877	0.25080207	0.19390699	-0.02474928	0.23119968	0.09866089	0.18151841	0.15088145	0.18179536	0.34626655	0.21201362	0.44539769	0.52901850	0.35636603	0.16634735	0.45942732	0.41002827	0.58755370	0.58898058	0.47377149	0.49286348	0.39828811	0.48110914	0.45067505	0.32963594	0.44937757	0.53542825	0.75724341	0.29598754	0.57672758	0.16523410	0.40681216	0.19238809	0.24907183	0.42100876	0.05390171	0.08459149	0.42168940	0.60115209	0.39684007	0.42260164	0.50844451	0.20349570	0.50917267	0.27988807	0.59189546	0.20288991	0.27937136	0.20698875	0.19030843	0.01177232	0.05862143	0.05535343	0.05697206	0.03841605	0.18054600	0.09998664	0.18655125	0.39490572	0.20185917	0.44172138	0.13280348	0.32406383	0.23581756	0.47044316	0.20589102	0.39573912	0.25823646	0.29794803	0.26979536	0.26815562	0.34340460	0.27810362	0.04131666	0.22409332	0.14226126	0.15617013	0.12522565	0.26365915	0.38702739	0.11649825	0.22357510	0.32533575	0.29938300	0.44730523	0.37261937	0.27505617	0.31932542	0.27196451	0.07208804	0.13363164	0.22639695	-0.02034337	-0.05024239	0.22398186	0.10640374	-0.07112484	-0.01364768	0.28006729	0.46041100	0.28297463	0.15603761	0.13219461	0.15006872	-0.01290621	0.02690157	-0.11431268	0.02781107	-0.05799493	0.08377489	0.09591825	0.10715684	0.05100136	0.09709692	-0.06902712	0.02089096	0.07889230	0.10806327	0.12353814	0.15774747	0.01422629	0.07756983	0.22847307	0.13069360	-0.00702482	-0.00649478	0.07143730	0.21678896	0.22169162	0.38390941	0.25817252	0.19381660	0.05466369	0.27098516	0.17465809	0.11792587	0.12963226	0.22631597	0.08018673	0.06662669	0.14313168	0.11178191	0.15322962	0.24262593	0.28716561	0.13178075	0.24227496	0.24519697	0.29638531	0.34058091	0.33222223	0.26885152	0.31354455	0.07088450	0.43293403	0.29013602	0.19374313	0.09195046	0.27878407	0.11118601	0.12044055	0.35453703	0.14731986	0.24785211	-0.17484592	-0.10371103	0.12126784	0.02367668	0.19341133	0.23518662	-0.07311892	0.18468774	0.04471606	0.06601738	0.05104284	0.10180914	0.08477315	0.07425183	0.10839561	0.12219056	0.11423998	0.09795871	0.14822288	0.12399343	0.19136318	-0.03596669	0.12908440	0.38627719	0.07986245	0.30501074	0.08481981	0.04690953	0.13349778	0.26710401	0.37228039	0.17432881	0.30245576	0.32470255	0.26951008	0.23983408	0.17452048	0.20074301	0.14634114	0.21083818	0.00673230	0.13256148	0.16520225	0.15831471	0.05693258	0.24796370	0.45452820	0.50157907	0.62823615	0.45855807	0.57724956	0.60255925	0.34664296	0.62668950	0.52036234	0.65126866	0.47413781	0.51990000	0.47296757	0.48393925	1.09100777	0.60147049	0.02675309	0.42599603	0.40564322	0.39239631	0.18984431	0.33559010	0.25464788	0.32605737	-0.00945567	0.31171034	0.25933476	0.28019851	0.27092081	0.56354592	0.10496180	0.28441869	0.26692499	0.52442851	0.53382061	0.33833774	0.14794908	0.29210507	0.32185413	0.03343606	0.22438334	0.21424372	0.04135412	0.21143237	0.27834587	0.27436557	0.29922537	0.52819715	0.26256154	0.09130985	0.35221431	0.39179804	0.38356196	0.28418619	0.39978476	0.24791113	0.47139403	0.41283756	0.41553891	0.33548104	0.25278555	0.27784530	0.36079741	0.17362026	0.38931920	0.09373110	0.01939713	0.24437869	0.27890431	0.15025428	0.40278635	0.10710988	0.53159685	0.36915411	0.27223883	0.35103986	0.29162625	0.20085568	0.41806047	0.05564549	0.21497456	-0.04656355	-0.01846653	0.26537255	0.26551637	0.00944881	0.17436375	0.29176328	0.35538047	0.16818849	0.05342945	0.08692247	-0.19952391	0.27696798	0.14976547	0.04790348	0.33483672	0.00134782	0.17063797	0.07041216	-0.00545262	0.11825922	0.20690536	0.19052622	0.24514218	-0.00187156	0.12789524	0.21835582	0.15749579	0.21568826	0.26995474	0.18760765	0.21800297	0.08095386	0.08378429	0.16679986	0.25360443	0.16896341	0.05716488	0.19179285	0.34459132	-0.01201644	-0.19155710	-0.05800459	0.09936841	0.33388501	0.23493976	0.18095223	0.27139838	0.13761838	0.21415476	0.10653635	0.21801886	0.22147123	0.34323809	0.10337877	0.15392226	0.15659271	0.09644709	0.13814184	0.09771473	0.26354538	0.31594573	0.24067302	0.16659270	0.16618385	0.24843147	0.39550006	0.16857328	0.30500078	0.31339367	0.16908150	0.03754094	0.34546164	0.21166626	0.28467390	0.06955874	0.10076051	0.04230358	0.15856440	0.15373270	0.14673442	0.24212793	0.14817335	0.17551169	-0.03916255	0.25160391	-0.13115528	0.31849423	0.16949425	0.32065561	0.15719953	0.20737037	0.26115954	0.24484298	0.16881343	0.18336406	0.19673370	0.24017741	0.11950887	0.04016128	0.28623909	0.04525730	0.13285898	0.26573650	0.05518679	-0.19372916	0.23582050	0.06580808	0.03289544	0.27784847	-0.03688490	0.20881723	0.10173790	0.28542611	0.02407285	0.08179566	0.21462444	0.14746298	0.16208725	0.27829396	-0.00552335	-0.14090621	0.22679020	-0.05229171	0.15216856	0.21784351	0.07144342	0.28134330	0.23330305	0.33502333	0.35549510	0.16575977	-0.04026744	0.36781262	0.34035837	-0.07095697	0.25259521	0.20926115	0.23388322	0.22897905	0.14026704	0.11929039	-0.03684922	0.07982923	0.24112651	0.35191785	0.32886846	0.18605458	0.10943749	0.33999676	0.10371510	0.21180157	0.28115763	0.34810901	0.40034412	0.26074383	0.33804662	0.27897296	0.27443922	0.30918778
17Networks_RH_SomMotA_16	0.13032832	0.26658169	-0.01610844	0.14794409	0.13262318	0.17275411	0.28068698	0.27676882	0.38265441	0.12411849	0.44829405	0.35229124	0.10234656	0.01265260	0.17983559	0.08913824	-0.09607872	0.24904058	-0.00769505	0.12686035	0.10051392	0.13075456	0.41933868	0.14846425	0.35903770	0.35506439	0.29104484	0.11723463	0.44743789	0.36406605	0.52086014	0.44053159	0.43532134	0.48881888	0.45540008	0.48950327	0.40535095	0.29212608	0.46816879	0.52691278	0.70981037	0.33016946	0.53838309	0.12831956	0.32777899	0.20995389	0.22405725	0.32174727	0.08522300	0.15554535	0.37606955	0.46324560	0.38184524	0.38791854	0.35448081	0.15084255	0.35667795	0.16283794	0.44882538	0.18117985	0.28502729	0.11080040	0.17339601	0.08859628	0.13103239	0.11911306	0.08781209	0.07753099	0.26049040	0.18536761	0.30189198	0.44066261	0.11397723	0.36181739	0.12616837	0.25580057	0.21657335	0.51991204	0.36762992	0.47353733	0.24486946	0.19325153	0.16809352	0.23538922	0.30535008	0.29724467	0.06097746	0.21889039	0.13875545	0.17783291	0.12416400	0.16635222	0.25876524	0.08854609	0.18996282	0.35263233	0.36796330	0.36775342	0.25563820	0.27824791	0.22281326	0.32018226	0.15878695	-0.02455697	0.08775638	-0.09215291	-0.01606501	0.12205678	0.09123336	-0.04066767	0.01643068	0.13634211	0.35120626	0.14721517	0.08982453	0.12518882	0.13027190	0.03774494	0.07651717	-0.09697808	0.02352454	-0.03069541	0.08329614	0.12656017	0.14305703	0.18883117	0.07637605	0.00614853	0.07533019	0.15611111	0.02701055	0.10237598	0.17430766	-0.00718685	0.05513538	0.15448843	0.07934256	0.02528737	-0.05389360	0.07773380	0.13908441	0.17386685	0.25004010	0.13245081	0.18117418	0.04738837	0.15747555	0.05053917	0.08715794	0.08936553	0.11014147	0.11022098	0.01985117	0.03109597	0.02281347	0.15073263	0.19438739	0.25138063	0.09718181	0.20009264	0.16427855	0.14449500	0.23846910	0.20393324	0.16089139	0.10348355	0.06933637	0.27503445	0.15102186	0.05200419	0.06634357	0.17172487	0.11551978	0.07517535	0.21591154	0.19094351	0.31215353	0.00476535	0.01372128	0.02872716	0.06403876	0.14234519	0.21949122	-0.04654175	0.14334519	0.06066103	0.03528466	0.03930912	0.02972297	-0.10426656	-0.04621754	0.10902543	0.10061573	0.05137071	-0.00392125	0.08932175	0.09847281	0.18537969	-0.02532947	0.26207423	0.29388078	0.01365723	0.24561009	0.01541289	0.03500912	0.21812807	0.21681959	0.43903044	0.36241372	0.26191167	0.37643692	0.33679735	0.15950906	0.04309531	0.13575635	0.03615125	0.03921802	-0.03154337	0.00624161	0.10669018	0.12446593	-0.03569634	0.15614358	0.34477583	0.39198436	0.46869692	0.27820411	0.47364255	0.49357810	0.34539133	0.59743996	0.52920874	0.49295225	0.44247970	0.48680096	0.56990405	0.40334040	0.60147049	1.07544036	0.04678317	0.40801205	0.34655177	0.38328645	0.17396574	0.25267451	0.23748490	0.25244011	0.06978842	0.29204904	0.22781001	0.32033560	0.22528070	0.41766468	0.12006284	0.30949426	0.13910800	0.37305677	0.35979811	0.35444478	0.17227908	0.26467290	0.34417802	0.04799979	0.24008535	0.35824664	0.09175057	0.19461638	0.28393456	0.31096519	0.32167363	0.54799273	0.38463725	0.06789866	0.25005382	0.31512007	0.31374634	0.20765245	0.35319432	0.32331600	0.53206433	0.49419434	0.34308750	0.32395323	0.30952664	0.30339767	0.37834443	0.22817188	0.35507244	0.15686269	0.06869292	0.14768957	0.23725079	0.09804826	0.27876288	0.08222254	0.43531862	0.22600732	0.20348291	0.24293052	0.36204995	0.22278906	0.35374414	0.07306103	0.21732695	-0.12494221	0.01716935	0.32995249	0.27423350	-0.03767972	0.16901981	0.16425160	0.24752724	0.16672282	0.02748451	0.00817624	-0.18678831	0.14424312	0.14535127	-0.01139476	0.20636097	-0.03855437	0.06539439	0.03984183	0.02520521	0.14313187	0.17557677	0.13697622	0.22182220	-0.04207519	-0.01042577	0.17727912	0.04673284	0.18949080	0.18216165	0.13724074	0.17950890	0.09970907	0.05837530	0.11241513	0.21552052	0.13250558	0.04073208	0.18228099	0.21798615	0.03636399	-0.13490392	-0.09979027	0.09956834	0.23920980	0.20647794	0.08255945	0.21192880	0.06571226	0.20566865	0.09679589	0.09646807	0.05176936	0.25987678	0.08832523	0.09640302	0.08664690	0.05167004	0.08152475	0.02374118	0.14247313	0.23568360	0.15543672	0.12282624	0.12190903	0.13158852	0.21950285	0.14456169	0.16484644	0.25459913	0.19339587	-0.02333280	0.27278274	0.21348440	0.23861658	0.19703545	0.15719481	0.06984614	0.14750763	0.05674998	0.09997298	0.16407009	-0.00220978	0.02604617	-0.00224648	0.14226245	-0.09209355	0.25395112	0.16015561	0.26018515	0.13275854	0.15207480	0.31939513	0.28920605	0.18140722	0.23385344	0.08675023	0.07595881	0.01258181	-0.03237915	0.18567513	0.04975249	0.14688218	0.15063510	-0.07885795	-0.27180260	0.12256008	-0.07786706	0.01803450	0.08615005	-0.07874900	0.18571793	-0.05859031	0.12905879	-0.07121313	-0.00440506	0.07940381	0.10744927	0.10170124	0.21430271	-0.10730802	-0.14085474	0.16127092	0.02527054	0.08596087	0.05866439	0.04078237	0.20881772	0.26015187	0.34666294	0.38047878	0.15914168	0.03757576	0.44167857	0.40683715	0.00608924	0.20220685	0.23322789	0.23718896	0.18676282	0.19204876	0.19513260	0.01798256	0.09801280	0.24038014	0.27302472	0.23332302	0.18391333	0.19827484	0.37440035	0.11407511	0.23887189	0.16203730	0.28700987	0.25903153	0.19302944	0.32291689	0.23687997	0.18735596	0.26929542
17Networks_RH_SomMotA_17	-0.08713642	0.10250395	-0.10419275	0.04409892	0.04195040	0.08510944	0.08606430	0.13023651	0.18704100	0.07227994	0.13533330	0.09303533	0.19251186	0.14685736	0.02879699	0.25773662	0.14647558	0.19833664	0.10793044	0.21519758	0.06690212	0.13330041	0.02371338	0.07803181	0.18323089	0.19641952	0.27865798	0.25678117	0.19303287	0.22810279	0.28295620	0.25780777	0.26735209	0.30173333	0.03519882	0.51508073	0.19232322	0.04395178	-0.08193511	0.12889905	0.10407452	0.37821058	-0.01946992	0.08542729	-0.07611299	-0.06077834	0.28639169	0.06800352	0.03275298	0.15322723	0.06721255	0.15663755	0.19314132	0.22913045	0.02430859	0.06516097	-0.06029313	0.13772713	0.02548130	0.01154624	0.07787573	-0.12427331	0.13579149	-0.05035449	-0.08110966	-0.01121054	-0.08184526	-0.06999660	0.05157691	-0.00972276	0.14872720	0.04287948	0.09228826	0.10035822	-0.00064097	0.20445073	0.15744570	0.08098740	0.05000001	0.10719586	-0.02303048	0.04581245	0.09476188	0.07261211	0.13911859	0.08597288	0.05510867	0.19699870	0.12103516	0.08637071	0.18948515	0.23315943	0.30655128	0.05852894	0.11803026	0.03407442	0.10527624	0.11079909	0.18030265	0.51961275	-0.06239201	-0.04694180	-0.18433972	0.11195203	0.12233460	-0.05854822	-0.05157366	0.02097211	-0.18173900	0.08611997	-0.00403487	-0.07762928	-0.02972487	-0.00825747	0.02165684	-0.10552897	0.04850660	-0.07659485	0.05577715	0.04771167	0.05744569	-0.08593415	-0.02255988	-0.11370095	-0.15443229	0.03347835	-0.17418485	-0.10425064	-0.03954413	0.06254214	-0.06935502	-0.03639609	0.02669444	-0.19113954	-0.07607793	-0.11109614	-0.14936481	-0.15117684	0.00907387	-0.09035627	-0.15122299	-0.28983403	0.08915554	0.18275531	0.08119321	-0.06965063	-0.03603576	0.02395707	0.01701984	-0.02440459	-0.01074610	-0.24759524	-0.15218047	-0.00757220	0.02217242	-0.04378847	-0.10777394	0.00139137	-0.05421018	-0.00860660	-0.04377582	-0.02948909	-0.03293910	0.00899455	-0.25206160	-0.01026074	0.11939293	-0.03326477	0.07366647	0.07148008	0.04350700	0.08692705	0.01980710	0.04816035	0.01150484	-0.12672673	-0.19642554	-0.02319204	-0.07166619	-0.09304860	0.04383666	-0.02793543	0.13108659	0.06597990	0.09629255	0.01848888	-0.06001069	-0.00262409	0.11650149	0.12746099	0.19396413	0.00281957	0.22534902	0.10337625	0.24465959	0.14486743	0.08055325	0.10625402	-0.06774218	0.06403294	-0.00436805	-0.14639086	0.05045766	-0.15416833	-0.09046234	-0.18259263	-0.02540569	0.21154718	0.17354122	0.15200527	0.06957159	0.05899759	0.15252450	0.24831037	-0.02344675	0.12109844	0.16512386	0.03908566	0.11927006	0.12844625	0.11091943	0.06527738	0.08530989	0.20676445	0.19360551	0.23508084	0.16283615	0.35721298	0.20819929	0.41481186	0.02540506	0.18429165	0.30165263	0.15342485	0.40007198	0.27351827	0.15921980	0.02675309	0.04678317	1.02239740	-0.12780268	-0.20358180	0.02543813	0.01356063	0.08248850	0.14187570	0.10764650	0.16723577	0.10812638	0.02946695	0.04557123	0.20815504	0.19835827	0.14361339	0.18907457	0.15596312	0.02726718	0.22210659	0.18319968	-0.05849650	-0.02221178	0.17014350	-0.09012688	-0.07946948	0.02822596	0.01488907	0.11772779	0.05488655	0.16809144	0.13141823	0.10945119	0.07596422	-0.01273577	0.28376260	0.27571524	0.19015969	0.24798644	0.27675956	0.10384577	0.12194755	0.00478373	0.09951433	0.24337715	-0.10684686	0.23146483	0.14476132	0.27835464	0.05468088	0.09419981	0.03780031	0.16263109	0.19895953	0.18181729	0.24013747	0.09043259	0.15828040	0.15881687	0.09325666	0.15835642	0.17548207	0.26276110	0.15268470	-0.09353228	0.15991104	0.02430546	-0.15789677	-0.16453975	-0.10501849	-0.09107095	0.19292176	-0.06277506	0.01902072	-0.06378412	0.01585818	0.00403858	0.11017444	0.00208581	-0.03981166	0.00337569	0.03210678	0.10975201	-0.02384968	0.03568313	-0.09113280	0.02365745	0.28297045	0.08113920	0.10075046	0.21438484	-0.08720735	0.05273611	-0.01330346	0.08211268	0.05907046	0.05446075	-0.22786086	-0.04030301	-0.04845311	-0.12955266	0.11331357	0.00331744	-0.08742357	-0.10726296	-0.01704791	-0.11270889	0.04086973	-0.05958192	-0.14600492	-0.12152354	0.05707611	0.22294358	0.22131740	0.04545415	0.02324753	0.04249256	0.06624031	-0.00764762	-0.10327315	-0.04328771	-0.14434460	-0.06861948	-0.05156206	0.05630067	0.13850638	0.01963454	-0.03308733	-0.05308117	-0.07817682	-0.19805933	-0.02034558	-0.02822564	-0.23254791	-0.11218775	-0.06903262	0.07538214	0.07683469	-0.07304513	0.00920107	0.02652711	-0.19753164	-0.04834370	-0.00174368	-0.03373697	0.02276216	0.00849730	0.02284050	0.04470524	0.18864417	-0.10465559	0.13785715	0.08519809	0.12978807	0.03905469	0.14312471	0.19520637	0.09751426	0.12388453	0.20685823	-0.04340236	0.10151970	0.06159337	0.13478660	0.00629595	0.06464755	0.02537121	-0.00072045	0.12944804	0.08886688	0.00757665	0.00977800	0.13308383	0.09053513	0.26096159	0.22437866	0.15403241	0.12070510	0.06103702	0.11605897	0.03429191	0.08754917	0.03446516	0.03354906	0.01730352	-0.00981508	-0.07890640	0.05845192	-0.00758973	0.07622534	0.24693523	0.09610009	0.02966290	0.15316644	0.05218029	0.04802489	0.07311274	-0.03207195	-0.01697310	0.05101461	-0.12463011	0.18594218	0.05195196	0.00719897	-0.05058635	0.03241096	0.07241361	0.10081199	0.00803710	-0.03425125	0.11423203	0.12350950	0.19359406	-0.05127634	-0.13265523	0.13397155	0.04736348	-0.08255612	-0.02933908	-0.00851388	-0.01992079	-0.05256731	0.11679496	-0.08091518	-0.21531653	-0.07627198
17Networks_RH_SomMotA_18	0.33387175	0.31980105	0.24864780	0.27820138	0.12092667	0.23727692	0.31263731	0.21627233	0.30416164	0.07875765	0.32380375	0.24461079	0.07282915	0.11493215	0.27141524	0.13052882	-0.06858925	0.10659984	0.08067777	0.17774726	0.09218368	0.18131586	0.27397331	0.11250875	0.25511178	0.27112179	0.15656784	0.03509840	0.27821829	0.11350195	0.33498569	0.33639461	0.29549776	0.40807967	0.36247039	0.27568373	0.28625563	0.53320324	0.62401850	0.44895808	0.36689538	0.14798498	0.36458205	0.14148560	0.31987084	0.10299572	0.05889186	0.08016109	0.07273134	0.05844889	0.12266906	0.20368981	0.24264111	0.34542374	0.17854570	-0.13611968	0.18813419	0.19443353	0.31370943	0.17281828	0.25322637	0.30096537	0.32476011	0.15177824	-0.02061637	0.07217461	0.18967288	0.13864694	0.08219434	0.15662947	0.18732443	0.23388776	0.05411882	0.26016689	0.14314666	0.28408712	0.15630145	0.26551321	0.21995244	0.25176782	0.48803447	0.36004956	0.24781447	0.21265351	0.27957091	0.15956135	0.04790251	-0.03487335	0.06356940	0.02996790	0.05277342	0.03257138	0.09554822	0.14239170	0.18332679	0.12009584	0.30503588	0.28715644	0.30892173	0.13454563	0.17866566	0.21714821	0.06777161	-0.12821938	0.16533211	-0.07844266	0.02259891	0.28780081	0.23955275	-0.12723901	0.02675606	0.35995397	0.40584578	0.34034460	0.16527061	0.23355924	0.25929445	0.15802622	0.01162208	-0.07878520	0.12366653	0.07563941	-0.00743505	0.16420818	0.17948879	0.02887564	0.21118585	0.09875252	0.08469903	0.22887051	0.14820426	0.24693440	0.16750904	0.16227224	0.26705261	0.16684552	0.09251584	0.11844408	0.08912294	0.16496767	0.23811178	0.25039211	0.29835553	-0.03808110	0.08310014	-0.01528548	0.06131403	0.08369123	0.18046663	0.29801813	0.18769801	0.33319865	0.18236622	0.20220547	0.07464582	0.20458047	0.26323463	0.25118162	0.12619242	0.29165303	0.35632642	0.21852273	0.34268100	0.29501338	0.40523489	0.21063283	0.03433028	0.37295594	0.35101054	0.21608739	0.25008270	0.16044424	0.10120342	0.03136184	0.40121873	0.29438854	0.32349412	0.01271826	0.00810228	0.29383350	0.03474926	0.19325983	0.13595292	-0.03906101	0.20795447	0.09695852	0.10558541	0.09643366	0.22858364	0.09574622	0.05603156	0.14700309	0.12430650	0.13073669	0.00579524	0.02565069	0.22092540	0.17286817	0.00523628	0.14619374	0.38338862	0.09747412	0.45189722	0.11741728	0.14709937	0.15841844	0.31484912	0.44863470	0.28308597	0.27315636	0.26258090	0.24253183	0.26991448	0.12556830	0.26986557	0.11239010	0.01532440	0.05267698	0.11844347	0.13006053	0.09111978	0.02635776	0.20726888	0.27507027	0.28827402	0.33496521	0.12984888	0.26519434	0.31902773	0.27674594	0.40419770	0.36928599	0.32209470	0.52594975	0.34456604	0.46473228	0.30391914	0.42599603	0.40801205	-0.12780268	1.06964852	0.45595678	0.40535334	0.12397101	0.22536637	0.09609167	0.01147143	-0.05963538	0.26063765	-0.07060741	0.09290341	0.07776720	0.21993558	-0.01737984	0.20865651	0.19310601	0.21649409	0.25281251	0.30320235	0.32542967	0.37928374	0.28795318	-0.00001497	0.25461166	0.34165137	0.15750551	0.07497823	0.29589387	0.19406472	0.25614601	0.35290501	0.26485631	0.22722580	0.18704004	0.26763237	0.35461715	0.10185566	0.32225711	0.22894107	0.35595261	0.47345920	0.34075200	0.16538989	0.22970530	0.11224843	0.23300636	0.09134347	0.35971246	0.02647919	-0.05155035	0.14315725	0.08751159	-0.08060038	0.08859221	0.09414331	0.33344770	0.16516171	0.24418860	0.20304025	0.11134279	0.08071482	0.31902134	0.07611184	0.15034270	-0.01468801	0.03100157	0.20946001	0.20721951	-0.09494337	-0.02119847	0.19665161	0.18794263	0.11217597	0.10170890	0.04296342	-0.22763463	0.29703839	0.24179448	0.17650910	0.40452331	-0.07876822	0.28729602	0.09880849	0.22597462	0.19986099	0.18588797	0.16546364	0.25502830	-0.11040230	0.09817691	0.17615139	0.05720338	0.21318297	0.17317133	0.26920789	0.35802712	0.19768245	0.03994709	0.10478534	0.13794470	0.08843318	0.03086617	0.11948083	0.27429259	0.12724809	-0.09400745	-0.12162771	0.02422736	0.27096927	0.16294315	-0.06201475	0.00063084	0.14643251	0.23973256	-0.01427706	-0.03935198	-0.02715676	0.40244267	0.07163600	0.25503075	0.10907756	0.09243069	0.09541948	0.02318853	0.13591262	0.24484619	0.16759216	0.19720678	0.24667267	0.26375088	0.27093021	0.18022732	0.20607177	0.21558894	0.18134807	0.09840781	0.31442426	0.26336964	0.26221075	0.25701148	0.08568018	0.08603965	0.11256408	-0.01313117	0.25553382	0.19800858	0.10939317	0.08261879	0.03424583	0.24995119	-0.04770297	0.30078011	0.05994199	0.24180113	0.06988177	0.07837496	0.20343449	0.25110327	0.07164546	-0.01168825	0.20342678	0.09269745	0.05751644	0.02282690	0.21246070	-0.12157236	0.03129136	0.24277856	-0.02746192	-0.34066696	0.08653559	-0.07341565	0.06896723	0.05081540	-0.05009706	0.21396850	0.10803438	0.23675996	0.10507536	0.08237538	0.22467857	-0.05755912	0.01280291	0.15276202	0.04390476	-0.14390708	0.18466891	0.05433212	0.06733447	-0.00457473	0.05592521	0.14159517	0.26279711	0.25220303	0.23842845	0.11515281	0.09464986	0.37244159	0.27616193	-0.06495916	0.22540279	0.17039977	0.28004926	0.20244885	0.05186232	0.17936833	0.00610191	0.15194185	0.26029845	0.31206429	0.21161282	0.28245252	0.29063424	0.31931438	0.16158572	0.25113687	0.22059677	0.34445764	0.48150097	0.39887714	0.38229183	0.42444016	0.42857688	0.42305417
17Networks_RH_SomMotA_19	0.12231199	0.07237149	0.14520651	0.18618072	0.07024400	0.10376783	0.12184261	0.12625937	0.15955400	0.01835428	0.18299095	0.11473292	0.03432285	0.03385742	0.06516656	-0.09022037	-0.08071755	0.02140483	-0.03123154	0.04305661	0.00071338	0.02748965	0.14859585	0.02372781	0.20417484	0.16823638	0.16026812	0.20470818	0.29254339	0.10417752	0.23396275	0.22445252	0.16885971	0.28707537	0.49277444	0.16237682	0.29916592	0.16795492	0.35379293	0.43134877	0.38258477	0.01723852	0.35968255	0.10088487	0.20087911	0.09694890	0.00083182	0.20879193	0.09738327	0.01947932	0.06957886	0.17932062	0.17874879	0.22005729	0.12433213	-0.03152133	0.11950953	0.10872994	0.19445286	-0.03363061	0.15728233	-0.01958073	0.13366291	0.06204382	0.04974384	0.05717495	0.07689865	0.08097194	0.06889212	0.14932438	0.20456623	0.32961528	0.07881373	0.27175278	0.16641903	0.28230363	0.22404298	0.43331511	0.27514767	0.32985461	0.21557604	0.12890009	0.06244642	0.11744820	0.18203593	0.18707668	0.08440641	0.05098703	0.11069770	0.03840636	0.05008401	0.12835377	0.11540548	0.00975922	0.18741059	0.15895527	0.25857617	0.15814157	0.16798409	-0.12364601	0.15724401	0.13093209	-0.08204452	-0.04589245	0.09629963	-0.10087800	-0.05411734	-0.06785400	0.13606967	-0.09182870	-0.05029309	0.23842275	0.12165017	0.14598569	0.07532811	0.10618096	-0.00017732	0.14575568	0.04985793	0.01180140	-0.08620496	-0.06700612	0.02514456	-0.02471718	0.06761124	-0.00864806	0.15998732	-0.09152985	0.03362532	0.06097750	-0.05704982	-0.06935375	0.04363825	0.04779484	0.02427577	0.01125278	-0.01899645	-0.04603894	-0.16813515	-0.09154386	-0.02185494	0.07885750	0.12422996	0.01113416	0.16468451	0.07789720	0.10587432	0.10872705	-0.04979802	-0.03670895	-0.03833384	0.02123366	-0.02855025	0.02190596	-0.03548874	-0.02810110	0.06369682	-0.01043701	0.00773160	0.16867924	0.06970454	0.08525646	0.13950686	0.07394503	0.08609859	0.13599796	-0.03146309	0.11728585	0.06142448	-0.01727815	-0.10320526	0.05811082	-0.07205564	0.00684474	0.06714474	-0.05347534	0.07878312	-0.07242131	-0.17830538	0.17455759	-0.08284204	-0.04316960	0.08272232	-0.04514367	0.07308914	0.03329257	-0.06456871	-0.15811102	-0.00869946	-0.04209832	-0.07984671	0.15097576	0.06952505	0.13540017	0.08079367	0.03707979	0.08258849	-0.02133342	-0.07965969	0.08832691	0.12808542	-0.08315948	0.10027020	-0.05319892	0.02894515	-0.04705326	0.00867754	0.26112525	0.08303203	0.14991325	0.16882189	0.14303208	0.15079670	0.08849720	0.06730663	-0.11088260	0.00049228	-0.11961788	0.01155780	0.01579243	-0.02857343	-0.04344047	0.10982876	0.16826895	0.18021343	0.21505521	0.17079255	0.16415674	0.22761077	0.20981713	0.40634298	0.31342229	0.26472338	0.31108987	0.32138759	0.23687366	0.36534299	0.40564322	0.34655177	-0.20358180	0.45595678	0.98040823	0.23334053	0.13513436	0.13124893	0.02901592	0.10426774	-0.04205731	0.11004837	0.02226093	0.05490995	0.04061629	0.18607086	0.03546787	0.13364066	0.11811477	0.12084645	0.11251043	0.30988200	0.07513754	0.15127440	0.20582279	0.01636924	0.09936363	0.21251523	0.08736167	0.14450133	0.16393265	0.24515036	0.21566067	0.27615728	0.30689007	-0.00586297	0.13139513	0.26759304	0.29466362	0.18015852	0.27980851	0.24351443	0.40503311	0.25105672	0.18840988	0.14900523	0.30825926	0.20437444	0.26412818	0.21889987	0.24109620	0.09718847	-0.02334567	0.08660545	0.09164581	0.09294459	0.05557969	0.14977854	0.30077627	0.19081310	0.18734441	0.24402806	0.18992992	0.11211717	0.27477790	0.16233061	0.18761756	-0.04930147	0.01845180	0.10804755	0.22429094	0.00214389	0.15424478	0.13107753	0.14773640	0.17711782	0.11458213	0.05876463	-0.08270729	0.16686156	0.06398515	0.08209351	0.15419404	0.08895449	0.12402180	0.13296450	0.10517850	0.11121887	0.11992110	0.09105806	0.12151006	-0.07255158	0.03209108	0.10408008	0.14257898	0.19202876	0.04763856	0.17108848	0.18959838	0.06399001	0.11896944	0.13021309	0.13676856	0.05418386	0.02795026	0.15973784	0.11341009	-0.01292664	-0.11287767	-0.04137469	0.08081823	0.14554159	0.23351114	0.04557328	0.11294569	0.06591011	0.15209228	0.17516598	0.06250454	0.13257482	0.21337258	0.03550220	0.09083684	0.06474959	0.02801048	0.00631084	0.01627518	0.07474081	0.05482620	0.05989425	0.06627210	0.09142852	0.10798141	0.13628709	0.15243391	0.22717860	0.15656829	0.00789831	0.12425769	0.19992679	0.00788474	0.13202254	0.05802681	0.00912187	0.11626965	0.18930462	0.08884193	0.05781980	0.06790805	-0.00930052	-0.00462760	-0.04317587	0.16582371	0.08857368	0.21422490	0.12792397	0.21519969	0.07907373	0.12701618	0.23070754	0.24881456	0.08504613	0.16610888	0.10918224	0.02447070	0.06865381	-0.02752079	0.08797434	-0.07912790	-0.09093193	0.11480408	0.00168145	-0.15082629	-0.03497560	-0.02061515	-0.02492930	-0.06506077	-0.00579949	0.11647782	0.07559077	0.15837301	0.11229927	0.03385210	0.03325527	-0.10030398	0.03606839	0.09328639	0.08259251	-0.14021398	0.13757413	0.01122974	-0.02341010	-0.14917298	0.05702243	0.08278965	0.22084062	0.16140072	0.22515250	0.15906006	0.07085124	0.34157400	0.29664363	-0.05921305	0.16178892	0.13229673	0.22908972	0.16614103	0.07599206	0.09940709	0.01805894	-0.00505910	0.05697934	0.21444372	0.19622770	0.19380449	0.21686076	0.33088116	0.21878013	0.17704111	0.03813323	0.17808152	0.15142910	0.10893479	0.08087245	0.14908832	0.12639855	0.16763817
17Networks_RH_SomMotA_20	0.27822319	0.20158989	0.20494265	0.28644366	0.01893258	0.17221948	0.23128136	0.24786287	0.34081395	0.05318623	0.26927457	0.18914215	0.00797836	0.01926180	0.32105698	0.07343967	-0.20217582	0.15318659	-0.02572737	0.01808243	-0.05543986	0.05666091	0.25777442	0.10009047	0.26162734	0.18609338	0.19459932	-0.00505895	0.40416290	0.12980395	0.31955141	0.21353263	0.36574055	0.41107225	0.27416606	0.39842070	0.14663577	0.37980647	0.52767025	0.52385708	0.34180991	0.16856789	0.34722577	-0.04198749	0.18262865	0.00982697	0.01138076	0.10205873	-0.09336164	-0.06150639	0.19638914	0.24635406	0.28686511	0.30878706	0.23233428	-0.03111670	0.29877132	0.01343471	0.32695533	0.17162457	0.17876044	0.31872978	0.23153187	0.09279485	0.04584378	-0.00381591	0.08772895	0.09366024	0.25281561	0.30761158	0.27610110	0.27730639	0.02931496	0.31859057	0.28616275	0.33964785	0.23220284	0.32230136	0.09413500	0.11129848	0.17628017	0.27277363	0.34993783	0.32066792	0.24033868	0.14454932	0.06411531	0.08716471	-0.05359859	-0.08861689	-0.00675689	-0.01828879	0.10943381	0.04595003	0.21461471	0.20717759	0.26005051	0.33106398	0.31990717	0.26235784	0.14296595	0.21615090	0.05461233	-0.08109116	0.10270696	-0.09373952	-0.16166140	0.18002244	0.11407480	-0.18289886	-0.04646844	0.27070384	0.31433883	0.12630307	0.04488094	0.06331987	0.13003688	-0.09163092	-0.12946944	-0.19349904	-0.05285544	0.04719387	0.18938505	0.04963133	0.11462020	0.21903393	0.18394074	-0.05361093	-0.09646143	0.05807864	0.04586543	0.11637758	0.14087928	0.12536434	0.16199396	0.12684801	0.08714918	0.12752464	0.05807676	0.09095808	0.07513553	0.13773406	0.29028155	0.02157303	0.11648875	0.11310049	0.13024542	0.00530389	0.15505505	0.12826794	0.16028153	0.11107470	0.00672393	0.05519233	-0.01460026	0.13495488	0.23129526	0.36126837	0.11895725	0.20674476	0.16722062	0.12066990	0.20627324	0.14997441	0.17796254	0.07986546	-0.12872016	0.19824941	0.18549272	0.17921984	0.16620273	0.10377756	0.13660111	0.02720630	0.28464568	0.14932655	0.19777884	-0.14798986	-0.02748817	0.09582802	-0.03734057	0.20818379	0.08848351	-0.17276913	0.13147965	0.03085598	0.04832246	0.07666838	0.00466401	-0.00892874	-0.03279437	0.08833860	0.03769842	0.00544929	-0.06929822	0.03762084	0.05434826	0.17703823	0.01203860	0.18724751	0.42555887	0.21849445	0.34450207	0.10814714	0.03022087	0.20170943	0.25407005	0.32326637	0.28547940	0.17723489	0.15322033	0.15813790	0.14849637	0.05358648	0.25826838	0.09415325	-0.08448264	-0.01800503	0.08474546	0.01995304	-0.05188207	-0.02569354	0.00558789	0.22227980	0.24973786	0.31205343	0.08500860	0.26507540	0.30150901	0.23587004	0.25002944	0.44245192	0.25207056	0.35192080	0.40447449	0.39705551	0.10394512	0.39239631	0.38328645	0.02543813	0.40535334	0.23334053	1.00672245	-0.03422308	0.03304016	-0.07119880	0.06082852	-0.11712066	0.10861221	-0.01891186	0.11317596	0.06127674	0.18089103	-0.03934345	0.09180846	0.07887219	0.30429837	0.19796683	0.33292850	0.33722257	0.35843841	0.33065502	0.11222211	0.30779562	0.34766122	0.16290168	0.19093953	0.22002797	0.21047170	0.36487915	0.22234831	0.16503774	0.14864237	0.15952824	0.30263471	0.34163431	0.10671462	0.37671567	0.22470697	0.20571931	0.49013970	0.48002279	0.41733003	0.21063528	0.08941066	0.15654741	0.08608766	0.34878235	0.00173231	-0.06861721	0.02664880	0.04695941	-0.13686561	0.06074592	0.00077068	0.35099185	0.11757864	0.24363732	0.16025197	0.19631072	0.07739987	0.42677500	0.12099926	0.21953935	-0.07994554	0.00113110	0.16814545	0.17985783	-0.09048772	0.01840248	0.06039165	0.11272466	0.07171463	-0.07074718	0.01892698	-0.21560515	0.13250813	0.16718499	-0.00196536	0.15769933	-0.24563105	-0.02466942	-0.05684525	-0.05104209	0.17636108	0.28814904	0.13423993	0.34578271	-0.13809338	0.00341552	0.08380706	0.04220251	0.21451675	0.19369031	0.15107150	0.15280545	0.11071568	0.10929781	0.09885276	0.29407868	0.15259247	0.00763266	-0.04581226	0.27634130	-0.07306049	-0.11702417	-0.14809924	0.01775383	0.14389808	0.16367125	-0.01223387	0.13271156	0.07531524	0.23288294	0.08101732	0.13521977	-0.04982313	0.13493104	0.07201583	0.11610665	0.04475127	-0.12160464	-0.06166143	-0.01049014	0.13509660	0.32341820	0.09747436	0.06232060	-0.00326425	0.04556954	0.19030858	0.01276067	0.06718846	0.23926243	0.15885027	-0.18184566	0.24125106	0.17438681	0.24624510	-0.03936776	0.25251343	-0.14162670	0.11028934	0.04832032	0.11838002	0.20321111	0.02399423	-0.03475986	-0.08904018	0.09094316	-0.22868862	0.15723474	0.02758319	0.18928379	0.11240456	0.09973590	0.23676778	0.20739415	0.21204513	0.19477032	-0.04469042	-0.10176585	-0.01019893	-0.00760546	0.19807932	-0.18025025	0.14582816	0.23749445	-0.16299871	-0.31983675	0.04219520	-0.06783698	-0.03066887	-0.00903124	-0.05962818	0.30979119	-0.09353557	0.11199786	-0.07809968	0.05898998	0.17698115	-0.10624786	0.17015987	0.13440242	-0.12903561	-0.25793195	0.06709091	-0.08410253	-0.06914870	-0.12353128	0.07084880	0.25155772	0.10389749	0.19553798	0.19669156	-0.03622370	-0.12926115	0.28608953	0.15806635	-0.11700623	0.14743698	0.07529585	0.10629663	0.08126909	-0.03308293	-0.04575762	-0.20882563	-0.08504977	0.20398105	0.14345616	0.12519379	0.01108347	0.09250665	0.16920393	0.06317028	0.19197061	0.20518205	0.13220436	0.28808654	0.22322180	0.22623920	0.22697956	0.12785409	0.18942431
17Networks_RH_SomMotB_Aud_1	0.19394136	0.17184485	0.10522026	0.20320859	0.20723702	0.29432096	0.21446992	0.06359940	0.11800319	0.07801251	0.01356717	-0.03895256	0.25236448	0.35289889	0.18809979	0.23701446	0.20164885	0.10918641	-0.00876474	0.17223909	0.03085878	0.11244069	-0.05433339	0.12531513	0.14754430	0.08898272	-0.02928644	0.00551832	0.08744695	0.13254998	0.10162233	0.11031145	0.10543349	0.05641507	0.10054696	0.12876835	0.02634477	-0.04404919	0.01672605	0.20969575	0.21995816	0.05818945	0.12949854	0.16047594	0.29271736	0.24495085	0.23161458	0.23664399	0.07156018	0.23310789	0.27026806	0.27334849	0.28303694	0.23588108	-0.00700004	-0.04122560	-0.00173523	-0.05619256	0.07047530	0.10976603	0.24792278	0.15647776	0.25219873	0.06003771	-0.11802756	-0.08444057	-0.09389097	-0.05815045	-0.05652331	-0.08590741	-0.09356105	-0.10397295	0.09514285	0.08778200	-0.03069030	0.01764715	0.04089531	0.04381843	0.03966119	0.20404016	0.06686071	-0.05509185	-0.01596934	0.08740398	0.05284514	0.27862960	0.14281967	0.25447232	0.46870303	0.42919593	0.09987080	0.15569083	0.20455878	0.08349929	0.09060317	0.19283055	0.05970903	0.21546875	0.13061857	-0.00291223	0.07398804	0.12034025	-0.00676691	0.04362895	0.16994762	0.00049225	0.03546374	0.05538696	0.15642954	0.16616323	0.08124469	0.09855561	-0.00389371	0.00483964	0.04158512	0.03829717	-0.08233117	0.00965044	0.13397405	0.21340610	0.03272077	-0.08753995	-0.03684475	-0.03798162	-0.02297510	-0.10904877	0.01536738	0.06273909	0.06810113	0.00412636	0.01921648	-0.01259163	0.07415481	0.08608190	0.10168418	-0.04325621	-0.05268143	-0.15938168	-0.07665248	-0.00043864	0.07912791	0.00045188	0.02249025	0.00529651	0.02463546	-0.03453471	0.06223576	-0.07544023	-0.05144253	0.04308104	0.02473857	0.03242468	-0.00862180	-0.04299076	-0.06065959	-0.02838301	-0.02171562	0.04974629	-0.03386378	0.04787712	0.14034362	0.10680053	0.14264764	0.15423125	0.07422626	0.10216814	0.12428291	0.01107474	0.10344468	0.13095924	-0.04413068	0.10003329	0.10351399	0.05350137	0.07615207	0.07399771	0.14035033	0.01568289	-0.02517101	-0.00964579	-0.00546400	-0.05272874	0.25889537	0.10522042	0.09117725	0.18757429	0.05612767	-0.01390785	0.34380146	0.09329871	0.18151167	0.18100870	0.12407178	0.27185490	0.17775036	0.21760245	0.04562225	0.13085908	-0.06802426	0.19142308	0.16776660	-0.06146580	0.07914436	0.13601982	0.22034657	-0.12811146	0.21146459	0.09385467	0.07505068	0.12760347	0.03544099	-0.09759637	0.24011256	0.20135877	0.27309323	0.11443405	0.18462747	-0.10239875	0.19509821	0.00123531	0.03506785	-0.00298471	0.04527694	0.03100550	0.09175306	0.12550871	0.05739239	0.13080947	0.11653132	0.06049354	0.18936873	0.05780862	0.13278608	0.02584817	0.10090787	0.05770284	0.00768519	0.18984431	0.17396574	0.01356063	0.12397101	0.13513436	-0.03422308	0.90303128	0.40757993	0.24057035	0.05000316	0.14803802	0.32854543	0.07014780	0.21455073	0.16614316	0.22686236	0.08939838	0.19778888	0.04717615	0.02037313	0.02592580	0.18316011	0.02255597	0.04297401	0.03436036	-0.11463695	-0.19717083	-0.11600882	-0.11123947	0.10908072	-0.11672874	-0.02880219	-0.01485883	0.14666242	0.12366789	0.04730328	0.03279343	0.06419572	0.01290857	0.14434999	0.13370175	0.07776044	0.21712520	0.12457171	0.09621909	0.05800584	0.16554825	0.20971096	0.08914070	0.10732625	0.09559818	0.32553479	0.46758080	0.43171401	0.29938019	0.08444007	0.25057883	0.26716360	0.21557959	0.08549856	0.11088157	0.12520743	0.19914654	0.03829163	0.28535542	0.07681070	0.16743718	0.09009953	-0.01102438	0.08471117	0.07770384	0.12363145	0.14789248	0.10667227	0.08147301	0.14229128	0.28291618	0.09682275	0.02870669	0.16040893	-0.02402928	0.07855137	0.05264817	0.19734569	0.07543672	0.07243832	0.08204698	-0.05636428	0.06612311	-0.00720564	-0.07042471	-0.01837764	0.03295397	0.00542527	0.00129495	0.02523359	-0.09742243	0.07552675	0.09152265	0.23153545	-0.02735046	0.00815739	0.17561069	-0.06880809	0.01840084	0.09471323	0.03203714	-0.02895215	0.12768002	0.13847550	0.13117271	0.18870357	0.00746339	-0.05951528	0.02900623	0.01098332	-0.00269613	-0.05676987	0.12000705	-0.07138869	0.08725381	0.00383053	-0.00970823	0.05900614	0.03152766	0.01912926	-0.00884438	0.04231710	0.11444428	0.01697816	0.14976614	0.13684883	0.21260673	0.13621426	0.10921380	0.18700575	0.14865949	0.06990446	0.06060764	0.05324431	0.02111995	0.05997561	0.08953834	0.03906509	0.40977814	0.22908598	0.11697119	0.00034330	-0.08668721	0.18313741	0.08215755	0.10890588	0.14920457	0.20743749	0.12772632	0.14477925	0.20242873	-0.00579483	0.02680583	0.16958729	0.18925455	0.00943854	0.03224910	0.14248941	0.21991202	-0.02514192	0.12248189	0.13584841	0.04010896	-0.15749611	-0.00529536	0.10847408	0.05420460	0.06599334	0.03336995	0.08720557	0.06582128	-0.09953724	0.06310047	0.11202781	0.17324685	0.09998951	0.23149554	0.16412946	-0.06547648	-0.19152057	-0.02671635	0.15779060	0.14088560	0.01145315	0.04559359	0.12468223	-0.10087464	0.05573021	0.03383356	0.26372164	0.16809522	0.16137940	0.13327893	0.12908038	0.09948968	0.14511272	0.06924076	0.18166453	0.02859218	0.25104445	0.14451737	0.16931004	0.18545071	0.19867692	0.22363210	0.20161029	0.15998272	0.15856919	0.22085969	0.01700776	0.14837003	0.01559929	-0.01203525	0.16749022	0.05121896	0.12101992	0.04599546	0.12649406	0.19933674	0.13974363	0.08885602
17Networks_RH_SomMotB_Aud_2	0.16839164	0.16297508	0.02656974	-0.03225251	0.07048191	0.25761108	0.09562505	0.13739392	0.17406891	0.12351198	0.13597095	0.00569591	0.25979258	0.35992026	0.18612720	0.31076459	0.16258502	0.21213260	0.15235343	0.37268244	0.08432032	0.29148460	0.05403603	0.12010164	0.39595665	0.21241944	0.15665436	0.02718413	0.21165103	0.25946486	0.30924068	0.35717929	0.11111670	0.11508506	0.06403294	0.22839108	0.21466634	0.07194279	0.13244200	0.29798934	0.32151116	0.11613342	0.23043129	0.32904628	0.49146765	0.32697503	0.32870649	0.42426039	0.19109344	0.41456649	0.48089647	0.38619430	0.42236070	0.30176412	0.14283072	0.02479775	0.19165854	0.11899951	0.27413572	0.06902273	0.22236634	0.04916789	0.15636252	0.01377495	-0.09419230	0.03909127	-0.08425796	-0.06414590	0.04883197	-0.01076699	0.00385577	0.03702727	0.09876357	0.08362582	-0.06776014	0.05261536	0.08485072	0.11129556	0.07957679	0.14527575	0.17465477	0.15395893	0.02243786	0.17400336	0.23022446	0.32327088	0.26062102	0.23427775	0.38798388	0.47252226	0.24886122	0.24125396	0.36791612	0.30940252	0.15494831	0.20483639	0.11365580	0.40760085	0.34728406	0.11097155	0.10182309	0.11678907	0.04006748	0.11196876	0.36893255	0.15876726	-0.10948143	0.23005218	0.15907376	0.09410559	0.04127981	0.04110505	0.18265808	0.19973480	0.17172903	0.16264831	0.10169100	0.05508603	0.13610328	0.17195051	0.19851617	-0.11636276	0.02441980	0.10528850	0.00595676	-0.01103258	-0.04647330	0.11652946	-0.03045551	0.16165236	0.13807716	0.15394405	0.19176060	-0.01881604	0.08938507	0.08749854	0.05858160	-0.05701903	-0.12313965	0.04959678	0.10323003	0.07961115	0.32920054	0.08556015	0.06338065	-0.13266122	0.11156272	0.05835218	0.09225300	0.01409139	-0.03505810	0.05716332	-0.06169459	-0.14490943	-0.13575025	-0.07783947	0.08143322	0.17441349	-0.05697261	-0.03291894	0.08252413	0.10526939	0.24858380	0.26697960	0.08255485	0.21330761	0.24020744	0.31352192	0.13717264	0.08508557	0.08942211	0.22642110	0.00404253	0.11673329	0.19523170	0.04937699	0.22340489	0.09785251	-0.02703442	0.12237365	0.05073007	0.05199016	0.23662756	0.08754949	0.13073594	0.19435785	0.21464260	-0.10338538	0.26485624	0.01294657	0.14252850	0.11132440	0.07500442	0.27176485	0.23066800	0.22934234	0.26627349	0.34973229	0.12250617	0.17285222	0.07990902	-0.03804892	0.14404736	-0.00104544	0.07191133	-0.04993862	0.22600982	0.21163284	0.14196732	0.35184307	0.05588385	0.07249239	0.29219179	0.19152782	0.26367115	0.29155252	0.18310802	-0.08140615	0.30050147	0.26290806	0.11843288	0.10627005	0.14424665	0.20373202	0.16315067	0.33223817	0.15456702	0.39503553	0.24123711	0.14489917	0.31038301	0.19367318	0.25626869	0.27814558	0.25767636	0.23940531	0.16209049	0.33559010	0.25267451	0.08248850	0.22536637	0.13124893	0.03304016	0.40757993	0.99839938	0.58717248	0.40041562	0.45520596	0.49819836	0.11072341	0.41580096	0.47693876	0.46484842	0.26050064	0.41409321	0.24832647	0.21274479	0.25393768	0.07362564	-0.09901472	-0.02495133	0.23175746	-0.02257429	-0.08000478	-0.00105388	-0.03452425	0.15473390	0.01973791	0.04564542	0.12221804	0.26253232	0.16405668	0.12409077	0.28314352	0.17136796	0.10607063	0.14657057	0.23889113	0.10621752	0.24711851	0.19531505	0.14818975	0.18865564	0.22484198	0.34837019	0.29015969	0.17576959	0.32891587	0.27564779	0.33874552	0.52241507	0.56487146	0.22851799	0.43499635	0.43536818	0.42358444	0.28719925	0.10653325	0.21142836	0.20996421	0.10085886	0.27194066	0.03749090	0.24551335	0.15075439	0.03891430	0.13596446	0.01121244	0.15965030	0.30875888	0.27327919	0.37767980	0.03760522	0.13677943	0.04884856	-0.10582272	0.14760753	0.04072262	0.04756477	0.28171007	0.08746379	0.15884998	0.04925135	0.12715267	-0.06503494	0.07166613	0.12137639	0.07320992	-0.16594007	0.17972804	0.16870982	0.03444552	0.16140267	0.09975426	0.11051536	0.14734886	0.10411088	0.06044361	0.08362948	0.15218803	0.08394930	0.05861662	0.17644696	0.12906493	-0.03598990	-0.04224831	-0.02291289	0.10413355	0.20647293	0.21592403	0.03450950	0.08899696	-0.16140224	0.05064476	-0.07364351	-0.00510979	0.11894567	0.16083689	0.03829897	0.01194550	0.00432289	-0.02943472	-0.14850294	-0.18518372	0.01290532	0.24760502	-0.01272122	0.05395359	0.22819592	0.20224427	0.17672678	0.13632181	0.26335976	0.13334308	0.23965281	0.09890770	0.15221947	0.09877112	0.23163874	0.05479774	0.06185168	0.16066049	0.19040212	0.23666962	-0.08333733	-0.13379001	0.20247301	0.03097019	0.11495164	0.13071687	0.10899391	0.04251286	0.06000226	0.30706379	0.22279361	0.22575592	0.29336678	0.41938893	0.10471538	0.10824718	0.18202162	0.27696192	0.15520388	0.15851012	0.24944811	0.15086536	0.09526929	0.24379857	0.04938143	0.07452886	0.23163327	0.12536498	0.20368380	0.36705302	0.03373942	0.10005257	0.07811248	0.15541733	0.10995505	0.02652806	0.27245834	0.23767633	0.08329082	0.15181406	0.03932590	0.08477834	0.15671755	0.00675141	0.29332835	0.27557808	0.19540274	0.10463237	0.21937202	0.25078111	0.17455806	0.19465120	0.15469490	0.20148364	0.24085130	0.09346857	0.22523689	0.04180550	0.20349002	0.10205898	0.07378180	0.18473157	0.11343754	0.15672063	0.10608873	0.19054439	0.23415535	0.18772588	0.05797669	0.12667025	0.01139378	0.04180931	0.16977351	-0.00238523	0.23990839	0.10662377	0.18862707	0.13622588	0.15460989	0.12226328
17Networks_RH_SomMotB_Ins_1	0.00326040	0.02338495	-0.20255490	-0.14929766	0.03634349	0.18656385	-0.00007286	0.27808197	0.19582672	0.04868859	0.17919259	0.03993654	0.27446527	0.25466279	-0.01104389	0.43224291	0.16864127	0.23553843	0.17597173	0.42082570	0.10003747	0.31502386	0.11442824	0.10260194	0.37349656	0.28626633	0.18271864	0.06536793	0.26299574	0.20661882	0.36126785	0.43075172	0.04125704	0.08047976	-0.00580100	0.24472481	0.22577654	0.05750495	-0.03157787	0.18022085	0.32463937	0.15080299	0.12074605	0.29158752	0.46739235	0.30283798	0.50942333	0.43724388	0.09677273	0.39606316	0.53474360	0.45886041	0.43169415	0.21976414	0.23085373	0.07625470	0.24288480	0.22072328	0.28068773	-0.14820918	0.20910267	-0.18045170	0.02804056	-0.02532664	-0.09441435	0.06363883	-0.07447821	0.00755516	0.10506553	-0.10419108	-0.00905120	-0.02579560	-0.01417399	-0.01237889	-0.24674576	-0.08352199	0.01383490	0.04414015	-0.04514766	-0.01771278	0.17489104	0.14010133	-0.03599972	0.16140154	0.19657540	0.28248640	0.21682013	0.17598047	0.38886972	0.50445663	0.36244290	0.33246391	0.43299114	0.43053283	0.18097803	0.21948973	0.06740734	0.29382150	0.35423796	0.13738451	0.08022052	0.00335051	-0.01795974	0.28864381	0.44441725	0.23161803	-0.14457924	0.17136160	-0.01929687	0.02090468	-0.02349677	0.02680516	0.08375787	0.21304744	0.20007634	0.16993360	0.12898616	-0.01894635	0.05468167	-0.01645331	0.28184649	-0.19599482	0.02607528	-0.01989873	-0.06698357	-0.02928468	-0.15747589	0.12762234	-0.04925831	0.14523646	0.08586815	0.11419615	0.17796556	-0.20354960	0.05570436	0.01911379	0.10372719	-0.00268060	-0.26541725	0.06017634	0.00211057	-0.01730093	0.32639250	0.00786349	0.02825451	-0.21271670	-0.05278663	0.02315027	0.03596920	-0.06624991	-0.14945286	-0.04279112	-0.14826837	-0.26554994	-0.22120613	-0.18685234	-0.10500208	0.07132582	-0.21702979	-0.18919534	-0.02810786	0.07685380	0.22422755	0.22676755	-0.03736228	0.20254057	0.22193807	0.31060693	0.03631283	-0.02056599	0.09487934	0.25686469	-0.03380556	0.07066966	0.10772983	-0.07044033	0.05481514	0.03103609	-0.15167105	0.07239526	-0.07980885	-0.04646140	0.22748029	0.03283062	0.10947504	0.18906893	0.24915934	-0.18060767	0.23713891	-0.09392597	0.06612113	-0.02673385	0.08758320	0.19771067	0.24547169	0.12020670	0.27955132	0.37116241	0.14538339	0.22665830	-0.05897842	-0.22061022	-0.03487803	-0.14033862	-0.06415931	-0.23912793	0.07880024	0.17368827	0.14924063	0.27970120	0.07946293	0.06272317	0.22247127	0.11139355	0.12806231	0.13876473	0.19946739	-0.18491781	0.25509444	0.25823864	0.06408933	0.01593227	0.10132635	0.22531984	0.20996484	0.46472514	0.13692713	0.48450235	0.25843715	0.10878460	0.25933720	0.09983232	0.16419860	0.28554022	0.22364271	0.29554035	0.14090940	0.25464788	0.23748490	0.14187570	0.09609167	0.02901592	-0.07119880	0.24057035	0.58717248	1.16492634	0.42285827	0.51979072	0.38826163	0.23901716	0.35935864	0.53316737	0.50815039	0.27934248	0.37789543	0.30936682	0.29485869	0.38439869	-0.03736647	-0.27574069	-0.07985946	0.20661568	-0.05273476	-0.12851591	-0.05548803	-0.09318820	0.09771790	0.01909517	-0.00283516	0.07659819	0.26631516	0.06733774	0.06849698	0.28524977	0.09018828	-0.00201200	0.14832682	0.13246184	-0.01430831	0.17678362	0.20132940	-0.02845310	0.12563132	0.20297046	0.37406480	0.32299207	0.23711378	0.26597758	0.24749576	0.28429882	0.46473480	0.56398244	0.33698538	0.52573194	0.32959956	0.35851102	0.35388487	-0.03101008	0.30738855	0.13727654	0.13715018	0.10525334	-0.10408443	0.24538648	0.11223258	-0.09056581	0.00858500	-0.14155017	0.12894941	0.38263269	0.24489662	0.29654143	-0.02682795	0.06405582	0.02959210	-0.07400632	0.14450023	-0.09558525	-0.03137822	0.31214027	0.05061136	0.22133340	0.09134242	-0.02807012	-0.10991481	0.10536365	0.05730871	0.01341291	-0.25556666	0.16673336	0.25128781	0.00837951	0.18884697	0.05805579	0.00199559	0.04297747	-0.06971292	0.00015420	-0.02582695	0.06059803	-0.02380387	-0.12058797	0.09314245	-0.01794554	-0.13845144	-0.12133115	-0.17446567	-0.02670029	0.05614524	0.18342701	0.04961252	-0.00186493	-0.32963091	-0.07608164	-0.15033270	-0.17661801	0.13563076	0.07318516	-0.06135033	-0.11634601	-0.18538070	-0.16704660	-0.24701764	-0.24192516	-0.13443636	0.00523787	-0.11571427	-0.06987699	0.05843107	0.06889931	0.05173051	0.05369257	0.18397169	0.03940249	0.17354277	0.03489281	0.10230794	-0.00947723	0.09863976	-0.09654810	-0.16113339	0.11699784	0.10750360	0.20174364	-0.18919052	-0.25946556	0.07581608	-0.05059054	0.04312923	0.11940713	0.03097674	0.03891929	0.04543317	0.22366205	0.25690641	0.25040931	0.27316638	0.36712751	0.03341153	0.10415489	0.25029264	0.30099310	0.16338807	0.18688439	0.23012208	0.20237606	0.19733585	0.27920532	0.16419241	0.05302232	0.22054277	0.19654627	0.31239420	0.49630015	0.10724072	0.09297259	0.10402112	0.09872783	0.05474003	0.01607803	0.14961201	0.25351110	0.17625472	0.20431345	-0.00873860	0.10080799	0.18293690	0.13359961	0.41327137	0.48335780	0.21303602	0.10270078	0.10631271	0.23460109	0.20010700	0.20765186	0.05960516	0.20449914	0.22773341	0.10510539	0.11560614	-0.03616477	0.15508163	0.03371023	-0.04796320	0.10458743	-0.10708265	0.04730353	-0.02388638	0.14383881	0.20224724	0.14518098	-0.06979104	0.06369369	-0.05051756	-0.03024704	0.19222147	-0.07275923	0.11905339	-0.02487077	0.08570975	-0.05893329	0.00012218	0.01275653
17Networks_RH_SomMotB_S2_1	-0.00118954	0.05876254	-0.09973371	-0.10789526	-0.04380529	0.03105560	-0.02604455	0.14462954	0.12815178	0.14250208	0.17894904	0.06872329	0.06372391	0.09737997	0.07446158	0.11566453	-0.03982274	0.23315807	0.12045777	0.19446685	0.08077152	0.14983774	0.05469360	0.01326426	0.35943358	0.27545259	0.30428301	0.13710450	0.27959150	0.23874645	0.24455103	0.30522288	0.25336601	0.13962078	0.07621493	0.18070773	0.21551835	-0.01108879	0.00326611	0.16576103	0.38543294	0.03850410	0.15023685	0.34350215	0.25984009	0.10365783	0.40942007	0.46406347	0.15413122	0.31075697	0.61077978	0.50496421	0.28032370	0.20768757	0.52565614	0.42275065	0.55162770	0.27068862	0.48881454	-0.07629027	-0.00791117	-0.17508764	-0.12465523	0.06030627	-0.08309824	-0.05511622	-0.05540349	0.00720194	0.10798033	-0.03087529	-0.00666179	0.11977120	0.18980712	0.23479369	-0.07831091	0.08197663	0.03746072	0.18501500	0.01203885	0.15579259	0.14212443	0.14457264	0.06708267	0.07830003	0.11921088	0.13365660	0.15012079	0.11071601	0.18473081	0.14973270	0.24317603	0.36556058	0.31793675	0.20190163	0.14205257	0.13073860	-0.02616768	0.21461584	0.15600327	0.13392163	0.10112338	-0.00156135	0.00549429	0.22894077	0.21526671	0.14604321	-0.10999754	0.10687094	0.12114611	0.10734593	0.10798162	0.11314344	0.15091590	0.23783966	0.20942515	0.25423123	0.15161503	0.11007060	0.11230255	0.00999186	0.12278642	-0.03201240	0.06624620	0.17537002	-0.07825838	0.00683170	-0.20029208	0.02269730	-0.04566853	-0.01233210	0.11055742	0.08432606	0.07815356	-0.07092017	-0.07317312	0.16224746	0.10532230	-0.01284396	-0.14846598	0.09096463	0.10494837	0.08606571	0.32454653	0.19063500	0.17712107	0.00855183	0.11926190	0.10091262	0.11896205	-0.00561238	-0.15822461	-0.05340626	-0.05557740	-0.15797696	-0.03822703	-0.07841409	0.00630227	0.00657139	-0.02083617	-0.05601709	-0.12451854	-0.06364983	0.10216323	0.05515862	-0.02035091	0.15781349	0.15841846	0.30312352	0.07062569	-0.06466735	0.12339961	0.28061399	0.00481967	0.15974730	0.04655561	-0.07875977	0.02414652	0.07861984	-0.05617414	0.01278154	0.04642009	0.10818067	0.12051074	-0.00600106	0.12619376	0.11002278	0.15880473	-0.10407058	-0.11178255	-0.11615993	0.04163771	-0.06725505	0.01030059	0.03288722	0.16568308	0.06027716	0.14138212	0.17293737	0.15543284	0.13152386	-0.10669321	-0.06628389	0.01935104	-0.19693632	-0.08413630	-0.01716162	-0.00646357	0.11738436	0.15089313	0.26501064	0.02574344	0.14319706	0.09952565	0.10240855	0.05480500	0.23242918	0.05793259	0.01665436	0.25622397	0.29411324	0.10729412	0.19942382	0.11902864	0.30910523	0.34926854	0.40038445	0.33876064	0.41312899	0.34453720	0.12959570	0.29598061	0.19847588	0.28136431	0.17449994	0.16884302	0.11680242	0.17920401	0.32605737	0.25244011	0.10764650	0.01147143	0.10426774	0.06082852	0.05000316	0.40041562	0.42285827	1.10442043	0.44907948	0.11645460	0.40567975	0.37335525	0.65480472	0.55927043	0.19902332	0.32398296	0.44499713	0.58974413	0.41363788	-0.10625241	-0.24461833	-0.04214557	0.21322149	0.13644021	0.03737868	-0.03285552	0.05227233	0.14464068	0.12566015	0.15467329	0.11873312	0.19971605	0.11988965	0.00975357	0.37358915	0.13273111	0.01053713	0.09527978	0.15835846	0.06413489	0.14773682	0.05188737	0.12190173	0.08001709	0.10392317	0.24738894	0.28093594	0.09930999	0.29391054	0.21677671	0.07291433	0.21322492	0.52384828	0.42153816	0.38113106	0.16766826	0.27091628	0.23362186	0.08026056	0.17257191	0.10270019	0.11556864	0.11547111	-0.10635181	0.17232061	0.04590771	0.06478034	0.00442845	-0.03174983	0.12249839	0.27947527	0.30396370	0.29119014	0.14037934	-0.00480231	0.16580601	0.05135691	0.12673586	-0.00139044	0.15816236	0.24339042	0.15048155	0.27143833	0.14487733	0.05462800	0.01969688	0.02772407	0.11200931	0.05058617	-0.08143572	0.24804402	0.23982648	0.10970898	0.18061059	0.19638439	0.03181213	0.09671314	-0.03389313	0.10088344	0.15647401	0.03926107	0.17122187	0.01333251	0.21174145	0.18158750	-0.00940352	-0.13473969	-0.06965121	0.09779044	0.11782261	0.23557558	0.23199005	0.19408358	-0.14119555	-0.01853735	0.07013403	-0.03213940	0.22902445	0.12603162	0.07491155	0.06439901	0.04417951	0.07727857	-0.24125385	-0.09732891	0.03118655	0.03975195	0.05546904	-0.05140746	0.10170994	0.01384318	0.02157282	0.03160254	0.13927606	0.06292316	0.23697857	0.14995725	0.12420983	0.00124537	0.15880853	-0.01719625	0.00181013	-0.06434204	0.12009522	0.17644406	-0.08502527	-0.07540731	-0.06830020	-0.01797547	-0.14090636	0.08897177	0.09499495	-0.00990531	0.08551656	0.10848592	0.21667624	0.26812437	0.27683920	0.30411207	0.16106915	0.15035352	0.13777944	0.05330325	0.22129140	0.15546781	0.06575400	0.19776316	0.15777650	0.31474252	0.06672404	0.11672886	0.15405214	0.15787245	0.02259170	0.29379661	0.02823578	0.00876680	0.09516949	0.00754054	0.09170783	-0.05934488	0.03784528	0.18114211	0.29751091	0.27596666	-0.00476788	0.02356618	0.20521637	-0.00569188	0.14185263	0.42067926	0.10739258	0.19013661	0.07642240	0.08243539	0.16858366	0.14004431	0.03463861	0.14861344	0.23087946	-0.02779673	0.12344954	-0.02543228	0.02039867	0.04831913	0.00796528	0.08125867	-0.11489226	-0.07422060	-0.03089407	0.12797546	0.17830222	0.05831589	-0.03944128	0.15018679	0.01179142	-0.00479176	0.04951816	-0.00972470	0.06830983	-0.00771350	0.07273799	0.01036988	0.08365116	0.07579082
17Networks_RH_SomMotB_S2_2	0.00443508	0.08206438	-0.16410005	-0.11763453	-0.01882111	0.13097520	-0.05174882	0.12169988	0.07425906	0.07194826	0.03153131	-0.07795469	0.16046471	0.15134756	0.02141858	0.18196660	0.08408272	0.11483108	0.10464872	0.26144951	-0.00487610	0.15751832	-0.00803702	-0.01891465	0.24594974	0.07800198	0.08280633	-0.02094434	0.11115586	0.16847525	0.17769971	0.22227599	-0.09308446	-0.06777505	-0.00949094	0.09901083	0.11094081	-0.08624179	-0.08546282	0.04604513	0.16157432	-0.03680696	0.00494427	0.10450204	0.28269310	0.16266209	0.33532793	0.36560866	0.10705269	0.39818030	0.43385414	0.28516114	0.36375985	0.17051005	0.04494649	0.01395630	0.06412476	0.00906883	0.08591400	-0.09144570	0.05911897	-0.14949940	0.01443508	0.08932733	-0.09377860	0.05709956	-0.08284753	-0.00846305	0.01104836	-0.05229790	-0.09391930	-0.13186804	0.06011666	-0.08065404	-0.14408218	-0.11628402	0.04023856	-0.03262914	-0.05319827	-0.01916292	0.06145277	0.12590396	-0.04079167	0.09894304	0.11266873	0.24697606	0.27816681	0.16736770	0.21683208	0.29942779	0.33961154	0.28805304	0.26936940	0.31809012	0.07166828	0.15919360	-0.05330305	0.24253322	0.25768005	0.16971552	-0.06785610	-0.07492194	-0.05359133	0.10386723	0.27714226	0.13966123	-0.09539202	0.16891600	0.11612698	0.13762497	0.09396498	-0.07628636	0.03947663	0.01482782	0.09898241	0.04672641	0.03105367	0.01702133	0.07016432	0.14949221	0.13930573	-0.08493000	0.02066037	0.01139554	-0.11939985	0.02543405	-0.19863825	0.18292611	-0.08959543	0.15485674	0.14830841	0.22103741	0.15229837	-0.04067892	0.04796188	0.03174884	0.04700264	-0.05327505	-0.13835037	0.14792572	0.07096925	-0.01523451	0.27774997	0.00598658	-0.01460557	-0.14475382	-0.08936737	-0.03016980	0.07265895	0.00461895	-0.19298748	-0.02906729	-0.13794650	-0.28679520	-0.10151996	-0.16194598	0.00183997	0.09401035	-0.09199928	-0.17293025	-0.09884329	-0.02082369	0.11480319	0.14107882	-0.02294074	0.13230074	0.26441901	0.13988042	0.08313023	-0.06662523	0.15151320	0.25640597	0.02055800	0.14908564	0.07909197	-0.10906912	0.02848070	0.12106512	-0.00117448	0.04280428	0.06930195	0.04889775	0.25646420	0.13583375	0.18116052	0.22165746	0.25609054	-0.11091906	0.14739435	-0.04519894	0.15765838	0.02916083	0.11889567	0.15449020	0.26171704	0.15807233	0.23373401	0.24145303	0.14858653	0.29209773	-0.12539468	-0.08568625	-0.07174556	-0.06472573	0.01527326	-0.16750701	0.05338222	0.07239645	0.13941953	0.20418258	-0.08375975	0.01303961	0.13226751	0.07504904	0.09828834	0.13608905	0.08209273	-0.20814662	0.19686915	0.18562548	-0.00626507	0.06553146	-0.01686935	-0.00856019	-0.03608577	0.05923487	-0.00572009	0.22831555	0.10249629	0.01241205	0.03113962	-0.07730947	0.04260051	0.08962518	0.07539948	-0.00046078	0.01639914	-0.00945567	0.06978842	0.16723577	-0.05963538	-0.04205731	-0.11712066	0.14803802	0.45520596	0.51979072	0.44907948	1.11222329	0.30658104	0.19431178	0.46620237	0.55832536	0.30586590	0.31629972	0.45721083	0.17482072	0.13914590	0.14198322	0.00079343	-0.23647652	-0.18355226	0.13014884	-0.02244873	-0.15295662	-0.07043289	-0.07048481	0.08714509	-0.06332960	-0.04041771	0.03448242	0.09403648	0.01551840	-0.01968026	0.13394768	-0.05632696	-0.11371340	-0.01792584	-0.02424523	-0.07094211	0.01399616	-0.04456090	-0.05132611	0.01331826	0.04722715	0.29505148	0.17155196	0.16454748	0.19464132	0.13515713	0.17937227	0.28978029	0.48643119	0.28027934	0.29933756	0.30293796	0.21315512	0.18518265	-0.06781668	0.10679812	0.07510800	0.10357491	0.06535133	-0.11339273	0.13338943	0.06837665	-0.06386034	-0.03265204	-0.21292508	0.09745419	0.22166689	0.14652697	0.18866454	-0.04300184	0.04096084	-0.00529028	0.02859179	0.06570408	-0.07601932	-0.01398104	0.05279023	0.05796613	0.05308981	-0.02540007	-0.01880704	-0.13557044	-0.01976586	-0.03382050	-0.06557305	-0.14661258	0.14792799	0.12670046	-0.03597256	0.17139420	-0.01086197	-0.06443047	-0.00257078	0.00173838	-0.07722124	-0.05201745	0.03612246	-0.00559550	-0.06959361	0.08623400	-0.02188864	-0.10742571	-0.01022577	-0.07715744	-0.02784510	-0.03683464	0.07979010	0.02643132	-0.03129769	-0.26246055	-0.17995008	-0.13249076	-0.14884925	0.03109062	0.03361321	-0.02006958	-0.11971213	-0.14484186	-0.10006672	-0.36288697	-0.22193651	-0.16894839	-0.00673716	-0.09075437	-0.10479160	-0.00380447	-0.00480961	-0.01763774	-0.03560867	0.06388023	-0.03438728	0.14104367	0.08856290	-0.06721843	-0.08374179	0.11575233	-0.06367230	-0.03710907	0.07214711	0.08349179	0.11179748	-0.16140940	-0.25360020	0.09916841	-0.08355867	0.02089912	0.04678964	0.08774702	-0.10410040	-0.07572404	0.11442717	0.15617778	0.09978042	0.13432684	0.35256140	0.01211104	0.09626503	0.03606789	0.10211311	0.06511564	0.11712227	0.15667977	0.14811938	0.16765651	0.20470738	0.06616093	0.13019297	0.13549119	0.12649161	0.17205681	0.26313036	0.11734137	0.07347825	-0.04688231	-0.16257697	-0.02034370	0.02421976	0.05463413	0.18569573	0.14342274	0.07634541	0.01184560	0.00850391	0.08124892	0.08184999	0.17024156	0.22832034	0.21639046	0.03374028	0.11380628	0.05493437	0.06870946	0.17768609	0.14905286	0.05516029	0.17119053	0.12974100	0.16438055	-0.05891472	0.07995655	0.05978097	0.03535976	0.12502790	0.02000700	0.06935607	-0.04842445	-0.04566658	0.05209362	0.10338691	-0.04864364	0.03552175	-0.01653522	0.02781611	0.08862954	-0.12695504	-0.02771370	-0.04782747	0.07770927	-0.00723877	0.00486264	0.01217238
17Networks_RH_SomMotB_Aud_3	0.12372112	0.20855018	0.07480805	0.17080586	0.09493106	0.34552083	0.18675991	0.24371361	0.23653792	0.14189937	0.12263313	0.07697668	0.39060296	0.22436269	0.17577239	0.20018817	0.15413028	0.18630135	0.07498375	0.25967093	-0.01324132	0.18534543	0.01463876	0.17071756	0.34178190	0.20765047	0.18829837	0.10064025	0.29897901	0.31259339	0.35150417	0.34943803	0.22404820	0.23767998	0.11428373	0.32092451	0.21446856	0.08648934	0.23980721	0.30908427	0.33350861	0.17804129	0.22026099	0.16238758	0.49724772	0.22402214	0.26414111	0.37729728	0.24167378	0.39963490	0.29740571	0.30702693	0.48125821	0.36664585	-0.03141479	-0.21681343	-0.02031118	0.00256948	0.14264519	0.10654107	0.27090410	0.15156006	0.25297786	-0.06726405	-0.17892100	0.06272338	-0.07506220	0.15194077	-0.01736321	-0.00054652	0.07890692	0.02561331	0.17544365	0.14513563	0.09512492	0.19425612	0.17253137	0.15062562	0.02083058	0.09141852	0.05151983	0.20396755	0.06458310	0.21932827	0.23234052	0.48696025	0.23940435	0.31694544	0.34322636	0.45188665	0.21175906	0.22917453	0.32139705	0.13664667	0.20995407	0.20567814	0.18042743	0.42665397	0.28992493	0.16094288	0.09696688	0.06895485	-0.19210193	-0.05583751	0.18872574	-0.09128218	-0.03995068	0.14582163	0.14422056	0.01172843	0.10241858	0.16489637	0.09535441	0.14592063	0.03093730	0.03204639	0.05126546	0.02364535	0.02446923	0.31459250	0.02387989	-0.16870930	-0.07605428	-0.04871832	-0.03023700	0.04692641	0.04599664	-0.00586413	-0.00315077	0.15908782	0.00712457	0.09267168	0.18912181	-0.04941096	0.05521469	-0.07628392	-0.11508443	-0.18594658	-0.10682081	-0.00685483	-0.02318995	-0.05722070	0.23050110	0.02214501	-0.00130838	-0.12699662	-0.05790274	-0.00296940	-0.00864077	0.01867698	-0.00995011	0.01672501	-0.12020741	-0.00521098	-0.07383095	-0.10143360	-0.02067252	0.21521919	-0.07492198	-0.03619495	0.18541596	0.20511744	0.18002701	0.31698567	0.01590302	0.12426548	0.19456357	0.21605029	0.20133557	0.14403158	-0.05572656	0.03770992	0.01314215	-0.00165643	0.17266028	-0.06567701	0.08171412	-0.05236244	-0.13935084	0.12521874	-0.11876882	-0.06633823	0.23316544	-0.01286258	0.13155733	0.04032523	0.01358976	-0.05315286	0.42358291	0.16548701	0.16501231	0.17580182	0.15955441	0.21368438	0.15586462	0.32213222	0.22890799	0.21771044	-0.08828642	0.29558120	0.13651127	0.05290486	0.18835612	0.13126072	0.06264343	-0.04204995	0.34892401	0.33943994	0.21329105	0.33383493	0.13630787	0.07027842	0.32602315	0.12692542	0.21886050	0.26172015	0.18126710	-0.01334731	0.24237220	0.15989467	0.05603040	0.02219783	0.06742273	0.20773384	0.13667892	0.31866926	0.21921125	0.33554394	0.28137824	0.26612244	0.30839414	0.20794637	0.25819598	0.28744530	0.35614410	0.25986033	0.11404197	0.31171034	0.29204904	0.10812638	0.26063765	0.11004837	0.10861221	0.32854543	0.49819836	0.38826163	0.11645460	0.30658104	1.16898883	0.00187769	0.41752346	0.22257210	0.34392460	0.31278570	0.53004632	0.09140984	0.02713945	0.17949197	0.24240012	0.00875921	-0.05879140	0.24376050	-0.05650918	-0.07705765	0.08258086	-0.01894981	0.11257850	0.09278327	0.01093334	0.11697863	0.30777143	0.17858176	-0.00871880	0.13355939	0.33260439	0.23350864	0.36301860	0.26771841	0.15667231	0.29540156	0.28115119	0.22836858	0.22186976	0.20608021	0.39460833	0.37295808	0.23880926	0.24693868	0.18840809	0.16896024	0.41410208	0.32725620	0.27656436	0.43960810	0.29030543	0.39147641	0.23724625	0.15780251	0.15483639	0.24813350	0.17254526	0.38317321	0.06989711	0.21657434	-0.01260598	-0.07666150	0.14273344	0.06792690	-0.04773085	0.15621894	0.18511909	0.22767095	0.15880275	0.11505952	0.05886059	-0.04734763	0.17431550	-0.04305015	-0.06863415	0.24404070	-0.00798497	0.07276802	-0.08512436	0.00264443	-0.04134753	0.19345272	0.00373595	0.01534228	-0.06926147	0.02740665	0.03598504	0.01280661	0.13524713	-0.03445951	0.11533698	0.11983744	0.06526409	-0.00375720	-0.00218310	0.25245565	-0.00796979	-0.07310322	0.09546205	0.07747785	-0.07784468	-0.11257865	0.03252527	0.02890537	0.12074846	0.12256628	-0.07511312	0.02491307	-0.07066882	0.14159974	-0.15877481	-0.01091343	0.00369917	0.21161474	-0.05663732	-0.03762588	-0.00076244	-0.00867680	-0.04359475	-0.10728361	0.03204742	0.24570307	0.05010260	0.11628307	0.05054139	0.21812875	0.22574726	0.09640827	0.18828339	0.13130035	0.16400110	0.04032672	0.12232495	-0.02811715	0.18633649	0.05449054	0.10299971	0.13501791	0.09065360	0.05284705	-0.04980165	-0.08152117	0.29856070	0.07081070	0.08678183	0.15852930	0.19269860	0.18907095	0.10990782	0.40230847	0.16548516	0.07943837	0.32984138	0.44267559	-0.02849789	0.11035864	0.09438823	0.13231433	0.04796986	-0.02176227	0.34229969	0.05759269	0.18804434	0.20560654	-0.01365616	-0.15254500	0.09584632	-0.10290845	0.17860436	0.25595296	0.05154223	0.14273874	0.00947850	0.06288514	0.03017110	0.14027638	0.19762415	0.13951480	0.01381516	0.10248086	0.07077152	0.03217132	0.13685968	-0.00260248	0.15720590	0.08481224	0.15508685	0.07660154	0.25050564	0.23267549	0.11715232	0.15323313	0.13139980	0.22889245	0.16392610	0.07675396	0.17088185	0.05828528	0.14165450	0.12260721	0.16123210	0.20979651	0.13873677	0.10011064	0.17665651	0.17806159	0.22510821	0.18484232	-0.00427226	0.20794365	0.10310946	0.08565208	0.14624305	0.07155293	0.18871708	0.11857051	0.21936627	0.18979892	0.15416873	0.06865076
17Networks_RH_SomMotB_S2_3	-0.07051668	0.04359574	-0.09590669	-0.08511711	-0.02581559	0.01047693	-0.03022870	0.02284005	0.05969461	0.04598194	0.08681797	0.05543038	0.10553149	-0.00346464	-0.05378080	0.06666171	-0.03935710	0.08593112	-0.01041890	-0.03323907	0.02373941	0.03379217	0.08680413	0.00979797	0.24659141	0.21557780	0.17882910	0.06055294	0.12569464	0.23471081	0.23103034	0.25337551	0.18087889	0.05147624	0.02682284	0.12994902	0.12546363	0.00797772	-0.01399654	0.06209125	0.28490770	0.06941348	0.20760026	0.18818264	0.11626996	0.11429929	0.27054973	0.37613556	0.09123960	0.10354169	0.34523970	0.37415212	0.21463528	0.12801249	0.33845555	0.25604822	0.33487333	0.23650647	0.21713544	0.03496905	0.00519816	-0.06884832	-0.09677134	-0.01824607	-0.10427008	-0.05225251	-0.10503766	0.01471268	0.03451458	-0.08792269	-0.08912815	0.06658250	0.16671850	0.12583451	-0.08869471	0.00802096	0.03301864	0.08894374	0.00866691	0.15253533	0.07417966	0.04547410	-0.04144786	0.05807149	0.04145918	0.08850002	0.03314255	0.09236408	0.12660806	0.14403236	0.21993836	0.29391644	0.27894355	0.11341725	0.09811103	0.21755641	-0.00073670	0.19306036	0.06580520	0.11911798	0.12254913	0.02355861	0.03351831	0.15253661	0.07031818	0.09622490	-0.05485798	0.09956997	0.03106648	-0.01474801	-0.06944352	0.00662510	0.07169759	0.06475713	0.00966823	0.04251839	0.05308207	-0.05225691	-0.02258956	-0.09113666	-0.05315556	-0.08598211	0.06210572	0.00645228	-0.00286885	-0.06849509	-0.10556087	-0.09708741	-0.03805480	-0.07833567	-0.00861649	0.05349954	0.08661317	-0.04434457	-0.04665069	0.09565823	0.10025485	-0.05985435	-0.12992088	-0.00278318	0.02094293	0.01391800	0.17976867	0.17057367	0.04273172	-0.17752320	0.18196591	0.11425586	0.06377486	-0.00002402	-0.08018054	-0.03168732	-0.04005701	-0.01774242	0.02816197	-0.06214184	0.04352573	0.07657125	-0.09074239	-0.03451609	-0.01893808	0.10565754	0.08527159	0.08459942	-0.00903796	0.16132930	0.01371785	0.13222924	0.04421911	-0.00958140	0.03529349	0.16481184	0.05562503	0.08491879	0.06547385	-0.02963556	0.02427443	0.03647192	0.01766369	0.00085814	0.07639779	0.06693608	0.13262816	-0.00768931	0.06950006	0.02840875	0.00534214	-0.13304756	-0.07822163	-0.05992084	-0.02143488	-0.11147220	0.02978762	-0.01313448	0.12780142	0.11299081	0.03679369	0.03760302	-0.03549742	0.10666315	-0.02977087	-0.00991358	-0.07172428	-0.01933039	-0.06874334	0.05375319	-0.04002502	0.04150298	-0.00109064	0.12228338	0.04530540	0.07325063	0.02187887	-0.00137520	-0.04470462	0.11980065	0.04817485	-0.00039182	-0.01361721	0.12405005	0.01548700	0.09875862	0.04000338	0.12859962	0.27271164	0.29502590	0.22955890	0.35245554	0.22184296	0.06962703	0.12780214	0.03821734	0.17679968	0.07980627	0.00736273	0.07427683	0.08976943	0.25933476	0.22781001	0.02946695	-0.07060741	0.02226093	-0.01891186	0.07014780	0.11072341	0.23901716	0.40567975	0.19431178	0.00187769	0.90662311	0.27377974	0.33522884	0.33543950	0.19173827	0.17867023	0.22783209	0.32630292	0.25794667	-0.06943913	-0.15768891	0.02149629	-0.02448742	-0.04112412	-0.10635594	-0.10622898	-0.06866466	0.08090755	0.06495195	0.02266366	0.01959967	0.15218576	0.01188256	-0.10160439	0.14524601	0.03002823	-0.11325954	0.06969170	-0.04105757	-0.03882570	0.10341811	0.03010493	-0.01153191	-0.04249688	0.04860046	0.20484964	0.28441127	0.10145253	0.11013249	0.06310794	0.03971882	0.07865145	0.22065719	0.26531875	0.32732973	0.00808683	0.23652344	0.16692503	-0.01655899	0.18930858	0.03802091	0.14935238	0.08616987	-0.03658577	0.10931582	-0.04463059	-0.05055030	0.02679140	0.00704558	0.07382716	0.15677642	0.17261640	0.16635626	0.00208112	-0.04336763	-0.01771366	-0.05371998	0.01480632	-0.13601677	-0.01004648	0.05214714	0.07685231	0.04674487	0.09256841	-0.07486394	-0.06062049	-0.09328296	0.00584305	-0.08562585	-0.09706425	0.00346814	0.17869479	-0.03756151	0.04222172	0.07214562	-0.01933410	-0.01210086	-0.07251700	-0.02401577	0.03315509	0.08402928	0.04292638	-0.02743920	0.14461892	-0.02335442	-0.01085813	-0.11421511	-0.05504247	0.04929913	-0.01430384	0.16319032	0.09551857	0.17626161	-0.15814268	-0.09241043	-0.01642350	0.09969283	0.17618405	0.07894350	-0.02836068	-0.02568631	-0.02551350	0.00312084	-0.02486510	-0.04836152	0.02973545	0.02210620	0.02135754	0.02211997	-0.02690443	0.01826189	0.08205616	0.00613196	0.10510199	-0.00646518	-0.03686897	0.11238526	0.13537110	-0.01703902	0.05162556	0.00760274	0.00337017	0.03127844	0.05346152	0.07037555	-0.08431919	-0.14979846	-0.07517584	-0.00580751	-0.07567695	-0.02755589	0.02034566	0.03314018	0.04362542	0.06653070	0.05684774	0.05897434	0.07879525	0.05623878	0.06118543	0.13802270	0.04983014	0.05338303	0.01311585	0.01893905	0.00921229	0.07601093	0.04707389	0.09256686	0.05983719	0.01400469	0.00596417	0.12539055	-0.03128233	0.14314627	-0.11803318	-0.10040878	-0.00244206	0.01478856	-0.10230972	-0.04724521	-0.06432733	0.08855115	0.06193115	0.12585116	-0.03155723	-0.03020701	0.17145494	-0.08556157	0.01906085	0.18483638	-0.03104636	0.07004923	0.00336905	0.07214180	0.13903801	0.15424467	-0.08662693	0.04623882	0.21042482	-0.03059625	-0.04851328	-0.03623843	0.00042530	0.01436624	-0.06801557	-0.01261145	-0.19448377	0.00676770	-0.06129451	0.02885697	0.04836825	-0.00159710	-0.08741324	0.03111995	-0.07211670	0.00847292	0.03137150	0.00064357	-0.01117744	-0.05066785	0.03354829	0.00441368	0.04919214	0.04873640
17Networks_RH_SomMotB_S2_4	0.10031894	0.17922198	0.04568846	0.07286665	0.15763746	0.22169128	0.13641715	0.13361292	0.09460377	0.08757343	0.06349258	0.02019157	0.33187056	0.24543081	0.12572214	0.20612817	0.00472984	0.15900381	0.02530010	0.13769728	0.02527401	0.15691605	0.03829290	0.27421188	0.36676481	0.17843809	0.20704166	-0.00545920	0.22386968	0.35609830	0.29666521	0.30030827	0.14739734	0.10835725	0.02904576	0.20933384	0.10309676	0.01734380	0.16114573	0.26448498	0.33208362	0.11902543	0.20563195	0.11515339	0.45651134	0.29689466	0.34384905	0.60569404	0.14205699	0.55741250	0.46149758	0.41731966	0.57146100	0.44381461	0.11131195	0.03494057	0.24244143	0.09055797	0.28927761	0.13692852	0.22390067	0.08354489	0.11680586	0.06486592	-0.08733162	0.06104398	-0.09104943	-0.01605292	-0.00401893	-0.06632219	-0.06321292	-0.01192496	0.26243276	0.17035651	0.06300876	0.14269254	0.02698832	0.05711474	0.10267376	0.07256848	0.11754920	0.25077295	-0.01469760	0.12122093	0.25453175	0.55535844	0.46421787	0.35255892	0.33760765	0.38111462	0.25994106	0.25872835	0.38382287	0.26886954	0.31407476	0.28290926	0.12477272	0.50564377	0.35328013	0.22185355	0.16683842	0.10824278	-0.00013406	0.17648835	0.34761378	0.03588247	0.01514287	0.36902536	0.17775885	0.08319893	0.06164826	0.16665724	0.16488635	-0.03787594	0.01137557	0.06447590	-0.00771012	0.04805191	0.03441934	0.17418124	-0.03729141	-0.09435005	0.15500974	0.03113238	-0.01470070	0.08234548	0.10526805	0.17944654	-0.02010180	0.14778112	0.19747407	0.31927814	0.30617686	0.10164576	0.08673920	0.17725182	0.10563630	-0.05168651	-0.05597325	0.23123265	0.19795601	0.16357294	0.42930022	0.06040790	0.03562682	-0.17571525	0.09254301	0.06674188	0.16443302	0.05565180	-0.03471804	0.16918886	-0.02828573	-0.16154300	-0.02848987	-0.09492384	0.08994354	0.33321060	0.01877317	0.01761251	0.09190904	0.19686065	0.24589233	0.35064006	0.11716982	0.32597460	0.09625022	0.13244887	0.16835026	0.01144805	0.12305333	0.21897314	0.13271549	0.15237703	0.20027804	-0.01195522	0.20665719	0.13442433	0.08749815	0.19845934	0.06420588	0.15536816	0.38172768	0.12263729	0.25007347	0.21097557	0.26207205	0.00610977	0.16753471	-0.00051842	0.13745618	0.15601841	0.19028793	0.22697259	0.23299645	0.23377514	0.17456378	0.24739007	0.11919442	0.35403479	0.09403036	0.06034354	0.09079398	0.03857134	0.09200564	0.02637175	0.18329523	0.14385083	0.07181712	0.22060087	0.04943845	0.05608587	0.18941436	0.10156689	0.14145169	0.23549085	0.09534739	-0.09684899	0.20121860	0.29150942	0.03163587	0.13840773	0.09591909	0.20919478	0.15695626	0.25945048	0.16437946	0.37431649	0.23466029	0.11017025	0.20772190	0.15322172	0.13900720	0.15325369	0.13635322	0.09841206	0.04373395	0.28019851	0.32033560	0.04557123	0.09290341	0.05490995	0.11317596	0.21455073	0.41580096	0.35935864	0.37335525	0.46620237	0.41752346	0.27377974	1.01423244	0.41380170	0.36219635	0.36203232	0.52855552	0.14512076	0.20675318	0.15213985	0.19811467	-0.03611271	-0.08558172	0.16201190	-0.01277703	-0.04579613	-0.06020237	-0.13050593	0.13316066	-0.06841263	-0.01733092	0.05060551	0.18303392	0.09524220	0.00907405	0.13355949	0.18923376	-0.01942385	0.16851817	0.04951972	0.13755230	0.23780359	0.24718849	0.16173541	0.09649765	0.17504943	0.49533946	0.38888117	0.24733416	0.31821868	0.07898196	0.11742536	0.33264093	0.32828564	0.20053076	0.35237655	0.29049807	0.43919732	0.21008013	0.12524943	0.18604238	0.21370089	0.24498967	0.26868297	0.13388878	0.24314116	0.11019224	0.05919859	0.26462912	0.06129017	0.10943059	0.24415375	0.32832490	0.42802528	0.15938244	0.08200099	0.03294532	-0.05022302	0.14479456	-0.04898120	-0.09914897	0.11146095	0.04905729	0.09862423	-0.05225921	0.07011600	-0.16086969	-0.01536985	-0.01812399	-0.04135718	-0.08688416	0.17052730	0.19312992	0.12476159	0.18493946	0.15971901	0.11264466	0.16649797	0.15470889	0.03315877	0.13770781	0.25043054	0.05713523	0.03740603	0.23197269	0.06318617	-0.01452114	-0.06677353	0.07481776	0.24069334	0.24048936	0.30750811	0.05680682	0.15579602	-0.13755614	0.07133768	-0.09162286	-0.07051910	0.02156551	0.16706894	0.05409089	0.00361270	-0.00453844	0.02058614	-0.29892322	-0.10928842	-0.14477078	0.24326861	0.03161462	0.11891696	0.07843242	0.17272208	0.21767222	0.17928736	0.20385466	0.15818611	0.14529782	0.12758923	0.19288340	-0.03574114	0.33618324	0.11173728	0.17163419	0.10093698	0.27452871	0.23165442	-0.09898856	-0.16416073	0.17193147	0.00507658	-0.02754735	0.04992651	0.05685771	0.02881565	0.08675964	0.32111003	0.12296385	0.06254755	0.29270063	0.38231429	0.17341770	0.29242795	0.05020126	0.10228001	0.04161644	0.06027701	0.24367521	0.13012226	0.14387150	0.21975500	0.00936309	-0.03282147	0.13820813	0.12500060	0.04899691	0.25315867	0.00998494	0.15585490	-0.03161211	-0.07676736	0.00372011	0.10298587	0.14100414	0.07740653	0.09308382	0.17354817	-0.01566865	-0.03523449	0.11980135	0.09933159	0.08568748	0.12955722	0.22385176	0.19889338	0.13153561	0.15802912	0.20402304	0.11553241	0.09365947	0.13741813	0.20381007	0.12903787	0.15268406	0.04930871	0.09053673	0.11725686	0.07986420	0.13548960	0.01332238	-0.04153729	0.09681734	0.06524194	0.13192160	0.17237544	0.01622089	0.13604547	0.04099265	0.17256414	0.23192822	0.09255764	0.15065471	0.10457304	0.19069065	0.12952921	0.14335935	0.12094507
17Networks_RH_SomMotB_S2_5	0.06589163	0.14519334	-0.10909685	-0.08379865	0.00195642	0.16756018	0.02739807	0.21278644	0.20770612	0.14828694	0.17148766	0.04715846	0.10826903	0.17568043	0.10499305	0.23890677	0.03519826	0.20532119	0.13716161	0.34536719	0.09145710	0.31731795	0.11203476	0.09992347	0.39310887	0.33703129	0.31558692	0.13374922	0.28767898	0.27407662	0.32349792	0.38398659	0.22948599	0.13718999	0.09834623	0.25701875	0.19701888	0.05371491	0.04787280	0.22035317	0.37513041	0.06106663	0.10866165	0.25267296	0.28579518	0.08926674	0.53394488	0.45279874	-0.00748699	0.39633544	0.67173077	0.57830588	0.41789725	0.31543307	0.42093218	0.30350965	0.42345370	0.25544793	0.39559626	-0.02610639	0.09782536	-0.17150599	0.03925658	0.01026764	-0.11277386	0.03042473	-0.08606167	-0.08803476	0.10707762	-0.01374748	0.03258143	0.07451754	0.23377795	0.15374281	-0.12725264	0.03750998	0.07901016	0.15963771	0.07235104	0.17326513	0.15368475	0.19732628	0.00858829	0.12343231	0.17144289	0.23354671	0.30406529	0.20172190	0.35986893	0.23928792	0.42319412	0.43129964	0.44572048	0.38846560	0.18913672	0.18237518	0.09230055	0.33494218	0.37945479	0.28637255	0.11461772	0.05782921	-0.00754877	0.32147759	0.38389736	0.17870403	-0.10287021	0.19485904	0.15742116	0.15404538	0.07879053	0.11174961	0.16789860	0.10757106	0.12734504	0.15364918	0.09558775	0.09581090	0.12797032	0.05535654	0.14394259	-0.12278070	0.10787187	0.10304668	-0.11119618	0.01279547	-0.15239720	0.13274148	-0.06737283	0.07476325	0.14856543	0.09111303	0.22555163	-0.08001549	-0.05489237	0.06170255	0.08040082	-0.07980719	-0.15961975	0.12029412	0.07138018	0.08575919	0.36719460	0.09431778	0.16709863	-0.09747651	0.01297407	0.03867104	0.08124099	-0.04416730	-0.19900820	0.00594619	-0.09627056	-0.28321860	-0.12937007	-0.16719256	0.01898618	0.09902710	-0.12199728	-0.10250857	-0.05259396	-0.01900104	0.21817061	0.20084590	-0.00612632	0.22238363	0.20039859	0.21675304	0.09088069	-0.01147550	0.12428664	0.32363450	-0.09627850	0.15283535	0.13725507	-0.05468819	0.08472944	0.13642920	-0.02847041	0.09329894	0.08736530	0.04869297	0.23925384	0.07193908	0.17977025	0.21957792	0.26050034	-0.15552312	0.06308358	-0.09640258	0.09004834	0.04411633	0.09115844	0.11586107	0.31953357	0.16771091	0.24909824	0.28353381	0.11195496	0.20751296	-0.02096253	-0.12811068	0.03516124	-0.14037780	-0.03995350	-0.09208864	0.05477422	0.18280780	0.19486848	0.27787313	-0.02582594	0.10740207	0.12970331	0.14352300	0.14129179	0.27228802	0.07918948	-0.10773056	0.30970999	0.37493866	0.10371319	0.21614338	0.15908929	0.29858700	0.32658635	0.41920838	0.24313947	0.49894779	0.28832399	0.14931009	0.28161615	0.18718057	0.23304098	0.23312417	0.24352567	0.15323184	0.15466184	0.27092081	0.22528070	0.20815504	0.07776720	0.04061629	0.06127674	0.16614316	0.47693876	0.53316737	0.65480472	0.55832536	0.22257210	0.33522884	0.41380170	1.03876641	0.54982760	0.33193934	0.49443277	0.39312702	0.45560132	0.37779010	0.04714781	-0.21812172	-0.07015258	0.21100533	-0.03137952	-0.03712668	0.02088008	0.01978127	0.20030412	0.07131028	0.15455288	0.19156210	0.25608871	0.12631961	0.03763955	0.38347975	0.15822582	0.07550303	0.10064255	0.16336948	0.08983371	0.16418215	0.05632948	0.13880137	0.11424077	0.13774081	0.37676557	0.29101826	0.22822947	0.40918365	0.20526037	0.26965807	0.32488331	0.66332688	0.42497133	0.47798317	0.34707544	0.37655989	0.33727138	0.03438314	0.29257640	0.10073673	0.12174377	0.19119969	-0.02982475	0.24542494	0.10858235	0.00158426	0.04615475	-0.02063764	0.20258098	0.43064241	0.32436931	0.37383445	0.07044360	0.08622344	0.08246118	-0.02849268	0.16102011	-0.01813243	0.06841737	0.18897559	0.11807607	0.18029858	0.10378376	0.04949568	-0.04463348	0.07166231	0.07352132	0.08206955	-0.13967978	0.24299808	0.26519336	0.08465707	0.26562896	0.16817842	0.01911156	-0.00931419	-0.04382885	0.03943934	0.05446057	0.11055039	0.10193809	0.03339021	0.18307584	0.08858011	-0.06335270	-0.11495645	-0.05219310	0.09055755	0.11269483	0.27316379	0.15555501	0.17139652	-0.26568757	-0.00981144	0.03354481	-0.07151661	0.12024116	0.04685378	0.01749899	-0.05263991	-0.10606662	-0.05038067	-0.32325667	-0.21706919	-0.06314105	0.03837592	-0.06296546	-0.11955203	0.09738269	0.07169742	0.08630664	0.04029828	0.17514059	0.03934934	0.17356635	0.11893117	0.16348289	0.02623010	0.21935196	0.01685286	-0.01112720	0.07187521	0.20550452	0.28103394	-0.15495844	-0.19449330	0.01431540	-0.08219197	-0.02702658	0.02038425	0.05171232	-0.04132584	-0.03266642	0.18114352	0.20931589	0.21414340	0.30265940	0.42006566	0.10393183	0.17954347	0.12379871	0.09164927	0.10909859	0.15725422	0.12346862	0.14286966	0.19408284	0.30147945	0.11246387	0.07966584	0.26139721	0.13558610	0.23533161	0.32897523	0.01971915	0.13353740	0.01600561	-0.03467487	0.06513511	0.04914596	0.11686420	0.14857554	0.23575358	0.24171423	0.01878330	0.00620044	0.14898146	0.04356945	0.28859916	0.38202409	0.21835059	0.20918453	0.06140001	0.13108385	0.15395678	0.17926313	0.07018835	0.12686186	0.24744220	0.06892883	0.12306294	-0.07330388	0.06146635	0.01273636	-0.02810274	0.05643811	-0.11049195	0.00609785	0.01739072	0.06693507	0.15360762	0.09868938	-0.03069269	0.12739267	0.03046466	0.04835595	0.09720215	-0.03646616	0.01903748	-0.03597735	0.06949919	0.00489452	0.01291765	0.01739522
17Networks_RH_SomMotB_S2_6	0.17406404	0.23131259	0.02575947	0.15254720	0.12159112	0.30677461	0.16020940	0.33321054	0.35725795	0.15714134	0.29747795	0.19305327	0.31372883	0.27810270	0.21111448	0.26414748	0.10533045	0.27179222	0.07764003	0.33698142	0.03654791	0.25657347	0.17137210	0.07726122	0.55587549	0.53968462	0.44722867	0.21143856	0.58403297	0.42125945	0.48354456	0.60140519	0.48647275	0.37550522	0.19099714	0.46957445	0.32448080	0.13783455	0.13827522	0.49031645	0.62119911	0.18806792	0.35618722	0.40225408	0.46059457	0.18873060	0.46493584	0.56762458	0.19604737	0.26131740	0.64868966	0.78063064	0.46421972	0.39782275	0.60310992	0.26877531	0.56595442	0.30511835	0.56300042	0.03861461	0.27292691	0.05939780	0.18444966	0.03334977	-0.15841184	0.10096659	-0.07379117	0.07503910	0.14173175	0.02187464	0.12535697	0.16254031	0.22977475	0.35658238	-0.03746243	0.27944669	0.19400418	0.25999392	0.02312990	0.18946086	0.23213366	0.22629803	0.10175992	0.16625699	0.23311173	0.36982343	0.18393215	0.19259864	0.33050407	0.38258551	0.35088534	0.57783530	0.60846390	0.32837367	0.36265230	0.27677504	0.07456030	0.52550373	0.36217264	0.33206348	0.19121000	0.11569266	-0.07873397	0.23980692	0.32581991	0.09199192	-0.11223099	0.15286634	0.10397011	0.09770605	0.07457584	0.23923026	0.27982505	0.28408564	0.25284778	0.23482626	0.15982495	0.11948466	0.10802793	0.02456011	0.11969072	-0.14526390	-0.01486431	0.06619486	-0.02575918	0.03748421	-0.12816029	-0.00243173	-0.07303417	0.05567158	0.04391452	0.07337714	0.20221345	-0.00291943	0.06106046	0.08454441	0.09085440	-0.11800370	-0.15741661	0.04135149	0.14913376	0.09253870	0.40543520	0.14527599	0.14935480	-0.13273087	0.13510666	0.07368087	0.11901546	0.05856895	-0.08709154	-0.04242780	-0.09861689	-0.03555137	-0.05603131	-0.00185811	0.11715487	0.17681877	-0.19975855	-0.06235521	0.08057743	0.14184222	0.34627489	0.27472765	0.09280405	0.22706428	0.22247690	0.34738719	0.23716702	0.16499710	0.12629710	0.31592671	0.07152837	0.13622002	0.28787302	0.04314620	0.08220911	-0.01220600	-0.10018717	0.13677535	-0.01462015	0.09533536	0.30624609	0.07068027	0.25939034	0.14926365	0.14128726	-0.10987557	0.02959712	-0.00709907	-0.00323107	0.13211726	0.13717925	0.17497055	0.23017172	0.20367997	0.21942951	0.26989839	0.02023985	0.25150062	0.12915903	-0.03043034	0.21121977	-0.03910152	0.03378163	-0.00321505	0.19553037	0.36378616	0.18025441	0.35897874	0.20140536	0.24396740	0.30659199	0.25299463	0.21140405	0.19218681	0.22477568	-0.03451419	0.22508075	0.26741057	0.09749917	0.17681730	0.17557276	0.40786986	0.52712411	0.79052097	0.27981591	0.72178514	0.48593514	0.33152786	0.41999878	0.23132087	0.38580522	0.32674339	0.39152803	0.36684478	0.27525757	0.56354592	0.41766468	0.19835827	0.21993558	0.18607086	0.18089103	0.22686236	0.46484842	0.50815039	0.55927043	0.30586590	0.34392460	0.33543950	0.36219635	0.54982760	1.17818086	0.19127221	0.37194990	0.56955985	0.63789827	0.64252559	0.18059909	-0.07967409	0.02794256	0.22806914	-0.06444261	-0.05274931	0.10854716	0.00164445	0.20035794	0.21050762	0.21492013	0.23723381	0.39629062	0.13511660	0.05676494	0.45599673	0.24710459	0.15347419	0.22662063	0.28403086	0.08527709	0.26570285	0.26439658	0.26345021	0.19511117	0.26749242	0.43565031	0.44056840	0.21803878	0.44855954	0.25725293	0.08589211	0.33171785	0.54329265	0.44203998	0.64189205	0.29650982	0.62574088	0.52611130	0.18310959	0.35738515	0.22912307	0.14163097	0.42651606	-0.00132081	0.26438386	0.05753767	-0.03007719	0.13947138	0.09179378	0.07654616	0.39873422	0.30272430	0.38569755	0.15188420	0.07710023	0.14205256	-0.06190950	0.24501230	-0.05292482	0.14080239	0.40476097	0.20539074	0.30763810	0.18004428	0.08434903	0.03775408	0.09291663	0.07156471	0.09544207	-0.16549398	0.16954954	0.30287332	0.09092493	0.26215355	0.14633047	0.16229648	0.14465300	0.07659673	0.05425459	0.03203101	0.10658929	0.12948661	-0.03767348	0.14907276	0.20268730	-0.05323530	-0.13097070	-0.08585736	0.12390108	0.22128514	0.28755359	0.19141356	0.18673855	-0.24986510	-0.01420523	-0.02001598	0.04563472	0.23171410	0.23889219	0.01482473	0.03029442	0.03067686	-0.03298547	-0.06517303	-0.11260376	0.11764041	0.19582986	0.02732792	0.05811247	0.13910208	0.17054845	0.23378391	0.10748906	0.29693109	0.17213388	0.21720345	0.16016758	0.25865595	0.16505294	0.23604026	-0.00058828	0.10938939	0.10925011	0.21865238	0.23780923	-0.05457312	-0.11312633	0.03829337	-0.00771998	-0.02321760	0.22852625	0.08398224	0.18748153	0.06470178	0.26974854	0.21728660	0.21417747	0.34063234	0.37436871	0.08765575	0.24248028	0.29697933	0.30226275	0.21127403	0.17603009	0.23705025	0.20802830	0.21460807	0.39711284	0.12953267	0.00383559	0.26869196	0.12032660	0.34034586	0.56189080	0.00309501	0.17612319	0.20689925	0.22727719	0.14659799	0.04374057	0.19783648	0.24054663	0.24609312	0.30457486	0.07342193	0.05122793	0.20976375	0.04688933	0.38365753	0.52215666	0.15011736	0.17146719	0.21493796	0.21505073	0.36178743	0.23864700	0.10049794	0.30462828	0.38578836	0.06997716	0.20417758	0.00686779	0.18230176	0.12923312	0.05667832	0.11480229	-0.15804276	0.00740687	0.12920181	0.29864386	0.33906303	0.23878733	-0.01419826	0.30729033	0.13227223	0.13146228	0.09617830	0.05066948	0.22306962	0.06012484	0.23415036	0.16590608	0.17187923	0.17465762
17Networks_RH_SomMotB_S2_7	-0.09454969	-0.01228879	-0.10289173	-0.06232827	0.08044605	0.08860932	0.01522622	0.15959944	0.08427737	0.07739494	-0.02483704	-0.00697905	0.21524345	0.11713462	-0.03828140	0.15244453	0.02399490	0.06072892	0.01141223	0.19243689	0.01829207	0.13454162	0.02769018	0.17431958	0.27158141	0.04200177	0.13210132	0.13962248	0.15285046	0.18592960	0.27351464	0.27268941	0.09825020	0.13457026	0.08445013	0.20473451	0.23193215	-0.11645961	0.07185768	0.14844077	0.22607267	0.03434997	0.13253289	0.07544825	0.21424708	0.14533563	0.41534781	0.38062142	0.05089691	0.45370415	0.20035762	0.22967228	0.38796502	0.23530946	-0.06389792	-0.11068862	-0.07039251	0.09845745	0.05399009	-0.02056502	0.21567023	-0.12514825	0.02291797	-0.10553608	-0.05489962	0.07742304	-0.09593597	-0.01657779	0.01040883	-0.06108216	-0.00255702	0.07325553	0.24526314	0.11025726	-0.00871760	0.11761422	0.16695895	0.09732773	0.12002316	0.06593656	-0.10158047	0.21172689	-0.12896819	0.04917472	0.25068198	0.35550099	0.32747372	0.18100280	0.35979695	0.27043972	0.28036659	0.28573856	0.29660091	0.19205530	0.21899800	0.07123697	0.03956920	0.28447711	0.29190025	0.23840746	0.17549776	-0.03895047	-0.15066340	0.18465967	0.30320339	0.09879168	0.05809064	0.22257002	-0.02349701	0.11707813	0.09142154	0.07833788	-0.03162171	-0.02644945	0.02874800	-0.00699708	0.00133077	0.16910486	0.07387595	0.33276397	-0.06369482	-0.09127691	0.08031162	-0.08835981	0.02892843	0.03967223	0.02027481	0.12819206	0.06929082	0.20005146	0.13758849	0.14341229	0.29974646	-0.08109016	0.01108379	-0.03512764	0.00173705	-0.07034926	-0.06598880	0.07809637	-0.04339171	0.04033993	0.16111224	0.12835977	0.14472064	-0.14334769	0.05435200	0.13613542	-0.01559700	-0.09639913	-0.09200986	0.01479455	-0.04422268	-0.20932914	-0.07991717	-0.10592124	0.00341749	0.07908368	-0.00193511	-0.04673796	-0.03217454	0.14029970	0.07708173	0.21591920	-0.09483722	0.24012786	0.14326482	0.04952404	0.01325873	-0.08862320	-0.00894832	0.10188063	-0.14024030	0.02721150	-0.01809905	-0.19458837	-0.02066000	0.01362649	-0.02088807	0.14583891	-0.03227143	-0.01341403	0.21788294	0.07380227	0.13005633	0.07122116	0.14273995	-0.09426914	0.18035394	-0.01581321	0.14486457	0.22764279	0.24004158	0.29686750	0.34526274	0.23124185	0.20895001	0.16081031	-0.03920160	0.15821038	-0.03651585	0.01427872	-0.07756754	0.04744298	0.00250876	-0.11334452	0.04667690	0.14794327	0.07112968	0.09910423	-0.02549481	0.06054731	0.11792822	0.21360926	-0.03305923	0.04845422	0.02770121	-0.13330413	0.06308298	0.24095203	-0.00633512	0.06506182	0.08203176	0.17923358	-0.00526111	0.12744964	0.14319754	0.32465457	0.12538635	0.19764142	0.15122807	0.11540646	0.11818102	0.14027356	0.23578168	0.07691260	0.10199001	0.10496180	0.12006284	0.14361339	-0.01737984	0.03546787	-0.03934345	0.08939838	0.26050064	0.27934248	0.19902332	0.31629972	0.31278570	0.19173827	0.36203232	0.33193934	0.19127221	0.86065827	0.49305446	0.04522249	-0.07452952	0.01815191	0.28674094	-0.12293920	-0.19355106	0.05002301	-0.07496768	-0.09448276	-0.01126172	0.00168416	0.11928500	-0.06416562	0.07071405	0.06627304	0.15398184	0.11144314	-0.03230730	0.15607532	0.22419193	0.04172987	0.16839468	0.03683796	0.06284984	0.15763583	0.00203585	0.03084558	0.08082162	0.05398719	0.38149969	0.42341765	0.27216751	0.16860319	0.08305586	0.09477142	0.28312416	0.29343508	0.27569153	0.31320267	0.29672693	0.28590140	0.27739116	0.08731661	0.11853529	0.08625596	0.25915456	0.08657433	0.16393754	0.18282654	0.06584713	0.01684487	0.11125000	0.05853319	0.09871884	0.32021599	0.22955612	0.33142297	0.02864757	0.04781312	0.04952904	0.10417527	0.13715816	-0.13674953	-0.05889413	0.03030400	0.04332886	0.00913786	0.03872070	-0.06646726	-0.12303505	-0.00249648	0.03331828	-0.04069665	0.02882915	0.09127678	0.18024837	0.19525406	0.24119354	0.08556919	0.07956039	-0.02639871	0.00164363	0.06697264	0.08279189	0.15511640	0.04250914	0.05204140	0.09177257	-0.07509123	-0.03482651	0.01885263	0.08746702	0.11656025	0.07934997	0.13707085	0.13068600	0.17302080	-0.09939576	0.00963574	0.03512148	-0.02297558	0.11777751	-0.00264957	-0.01442519	-0.05271354	-0.04612947	0.04318371	-0.19799934	-0.09145592	-0.05198064	0.01334134	-0.08323163	-0.01669792	0.00166091	0.14992044	0.06437329	0.17040254	0.14312994	0.03492791	-0.00593607	0.11467519	0.05935650	-0.08466800	0.07119500	-0.02992681	-0.00664185	0.05828700	0.12841987	0.14789993	-0.16693680	-0.15412601	0.17648069	0.01838631	0.05345945	0.13063833	0.19403117	0.04330611	0.01747030	0.28872785	0.12229793	0.06553280	0.16176630	0.27313729	0.02057726	0.19682638	0.12465528	0.10414355	0.02320712	0.10787769	0.15226702	0.15594716	0.27755455	0.15255918	0.06759241	0.10106003	0.05244404	0.10725961	0.19525664	0.14249686	0.15260721	0.13679654	0.06517598	-0.02469930	0.07761041	0.18117010	-0.03605641	0.19035363	0.17456269	0.18008481	0.00356737	0.06309679	0.04293490	-0.05753343	0.20247642	0.07676587	0.19250307	0.12302875	0.10714414	0.13595592	0.08278800	0.12295340	0.10167187	0.14532760	0.09048723	0.17064233	0.08269501	0.00570028	0.00876740	0.04998511	0.08193769	0.11690122	0.05910974	0.02347719	0.08425489	0.01647476	0.11174712	0.02241146	-0.06731932	0.10009036	0.10783474	0.10141173	0.05114711	-0.04216563	-0.06225022	-0.07545919	0.00899037	-0.15608659	-0.09924579	-0.05690246
17Networks_RH_SomMotB_S2_8	0.07927051	0.25029742	-0.00686526	0.09080229	0.06410313	0.14502007	0.17783516	0.21762455	0.16920643	0.16435617	0.19101380	0.10836501	0.27857547	0.13523229	0.12313540	0.16303190	0.06891082	0.18473431	0.07869608	0.26598288	0.06770998	0.20667181	0.14777670	0.23535149	0.38917399	0.22339709	0.28155903	0.18114742	0.32471039	0.30026292	0.42428678	0.41773149	0.23498492	0.28435667	0.22540114	0.36347272	0.34436543	0.05554343	0.23218995	0.34070420	0.40825224	0.13353305	0.21181838	0.09213127	0.39238358	0.19360140	0.45028162	0.39164764	0.08683381	0.49821179	0.40375425	0.43922284	0.56671002	0.51164436	0.08789531	-0.04498892	0.11626574	0.13404964	0.24009039	0.12600992	0.21680840	-0.00567519	0.20647483	-0.04754527	-0.10004297	0.08316734	-0.11931916	0.00470386	0.00879436	-0.04099338	0.07971912	0.13668084	0.36361941	0.27044424	0.06485424	0.24055047	0.23121712	0.18230229	0.18563115	0.20281568	-0.00213220	0.23327590	-0.05931265	0.08235118	0.29494611	0.50107435	0.40211465	0.38741308	0.32022845	0.33767485	0.33398135	0.36965143	0.39464885	0.28455398	0.25619676	0.16424767	0.19417493	0.46830856	0.33467575	0.29022218	0.18301366	0.04499483	-0.18054318	0.09555792	0.26442424	-0.04640390	-0.03000048	0.21229018	0.12499554	0.06870858	0.10211867	0.16756796	0.08365052	0.07570608	0.07873031	0.07815218	0.10555981	0.15838205	0.12910414	0.27170163	-0.04684490	-0.19397052	0.09555001	-0.08822936	-0.03626416	0.03273792	0.00000001	0.12790263	0.00502715	0.23975033	0.07425186	0.10737945	0.35392380	-0.07648703	0.01147744	-0.02495549	-0.04921007	-0.13049339	-0.14105296	0.06614993	0.03485714	0.04574688	0.26941772	0.03666517	0.08187854	-0.20696274	0.00979899	0.09716140	-0.00456780	-0.05923665	-0.08369189	0.05617973	-0.11978380	-0.20779753	-0.11797296	-0.13484448	0.01169716	0.20906013	-0.09035939	-0.02280803	0.05361621	0.10370064	0.12440520	0.25608541	-0.01441757	0.21462153	0.22850761	0.12281006	0.13485059	-0.03938935	0.05496414	0.15526800	-0.10344254	0.04754054	0.11347035	-0.14627273	0.04754906	0.07208070	-0.08108030	0.14240032	-0.07749275	-0.00661087	0.22801404	-0.01657752	0.16545752	0.11152880	0.10712769	-0.08836228	0.31327213	0.03670987	0.18945314	0.16572401	0.23350685	0.17379901	0.31755708	0.34500344	0.24970987	0.28933755	-0.02853194	0.34132950	0.12294241	-0.03850202	0.13182766	0.02097889	0.03577712	-0.05968648	0.14892069	0.31369061	0.19904120	0.35392624	0.10230909	0.13366772	0.26700545	0.17281014	0.12982627	0.28654778	0.05907024	-0.07366276	0.18243113	0.31778055	0.08870398	0.15376848	0.16702669	0.36376451	0.22893174	0.35986696	0.27025937	0.43234261	0.31116798	0.26869593	0.31710100	0.21861605	0.29818502	0.31967815	0.37758308	0.24875024	0.22628346	0.28441869	0.30949426	0.18907457	0.20865651	0.13364066	0.09180846	0.19778888	0.41409321	0.37789543	0.32398296	0.45721083	0.53004632	0.17867023	0.52855552	0.49443277	0.37194990	0.49305446	1.03846039	0.22061929	0.15535174	0.20779433	0.33920983	0.00503610	-0.06366212	0.26040076	-0.03696926	-0.04866013	0.09778426	0.01494156	0.15192940	0.04307426	0.09229890	0.17598628	0.32090293	0.18638323	-0.04522871	0.31709945	0.36567351	0.19811971	0.30412720	0.19006006	0.18351490	0.32079962	0.18237769	0.21753493	0.15885782	0.14006223	0.48732493	0.48803099	0.39571162	0.36853796	0.19361291	0.11784347	0.38067442	0.42687857	0.40573485	0.38300007	0.37154760	0.46777612	0.31276781	0.13641566	0.19596914	0.20727626	0.23416455	0.31754010	0.11670995	0.32733029	0.04340277	-0.01338912	0.13569806	0.06154353	0.02039162	0.36433388	0.26859851	0.40161520	0.18196841	0.11615385	0.07806544	0.01789748	0.18808638	-0.08239169	0.02237982	0.19949473	0.07537611	0.09549221	0.04083907	0.00567913	-0.12177129	0.15645403	0.03630797	0.02022157	-0.05712081	0.15354816	0.26757994	0.17615023	0.34564507	0.11258344	0.17453184	0.08373309	0.02357970	0.06621624	0.06469860	0.29130806	0.04129024	0.00027230	0.15894350	0.01256327	-0.08196546	-0.15519513	0.04476230	0.13387989	0.13947430	0.23524606	0.12871078	0.20613011	-0.16899726	0.10474933	-0.04152517	-0.05677314	0.15298583	0.10495511	-0.01567158	-0.07772099	-0.03369268	0.00513932	-0.25046858	-0.18475890	-0.04793050	0.16294338	0.00129502	0.00325876	0.03896609	0.15681421	0.11400094	0.12492340	0.24529093	0.14789833	0.12230844	0.13395005	0.09035176	-0.10886315	0.24447700	0.03000582	0.04844458	0.05657209	0.18303966	0.18151125	-0.10521363	-0.12002539	0.22802284	0.06532222	0.00897644	0.13998805	0.11997571	0.04331701	-0.01473389	0.34619646	0.18803257	0.17496703	0.40054594	0.53702416	0.10494926	0.34903491	0.10475709	0.08049315	0.04717590	0.11010217	0.26893440	0.08355776	0.23942539	0.16538994	0.06623080	-0.10892834	0.07289272	0.06645551	0.19904691	0.21390458	0.11094710	0.19802823	0.04110031	0.01814166	0.00820276	0.15866297	0.18270018	0.07950571	0.17446388	0.24673114	0.02899516	-0.02931288	0.14127584	0.02441318	0.17900043	0.14024310	0.23102100	0.13995108	0.23188819	0.18622317	0.19651387	0.09072753	0.16224864	0.25527657	0.19394819	0.14669071	0.20445972	0.06072745	0.12177714	0.08547352	0.16049561	0.26396394	0.06324598	0.07716776	0.24922271	0.17407624	0.29772690	0.19801040	-0.01610447	0.27636009	0.11671430	0.16243296	0.19930243	0.08939339	0.13573130	0.12567528	0.18498381	0.09595790	0.08141048	0.11397871
17Networks_RH_SomMotB_Cent_1	0.02561800	0.18011041	0.02596297	0.05286856	0.00458036	0.10028278	0.14158585	0.14085035	0.23671763	0.01398674	0.21521404	0.09721991	0.14702759	0.00111696	0.13000194	0.09602899	0.02570173	0.11904120	0.05922499	0.16480673	0.05280632	0.08591276	0.12807273	-0.05059624	0.31302643	0.39668346	0.37069299	0.22838682	0.31374241	0.18263493	0.17578371	0.37497124	0.28779724	0.18946178	0.10178812	0.25741836	0.14122689	0.21304747	0.10783119	0.23209727	0.30448197	0.06394554	0.20031933	0.33507722	0.19599672	0.18164763	0.21916584	0.25727407	0.18617921	0.12234498	0.34484503	0.40222449	0.13429509	0.12786438	0.50664803	0.34345033	0.50391027	0.40782721	0.44878397	-0.04591128	-0.02428727	-0.01956295	0.02276395	-0.01969588	-0.19314632	-0.03107452	0.05990627	0.03255362	-0.02826436	0.01076474	0.06582607	0.14317879	0.14208073	0.25739644	-0.02874685	0.21411253	0.07559256	0.08723416	-0.10185894	0.10212213	0.22953700	0.28430121	0.17423021	0.21929050	0.23725243	0.04534152	0.10103581	-0.00448584	0.04078178	0.13887532	0.18761159	0.30969692	0.31008161	0.34575534	0.22773935	-0.02585322	0.03382133	0.24644079	0.35279355	0.23052796	0.02054040	-0.06069770	-0.01558775	0.16797456	0.23301811	0.11267243	-0.04350098	0.22775629	0.08713598	0.02151294	0.09624176	0.18138181	0.11332724	0.25153362	0.19281908	0.15185547	0.18206824	0.11976959	0.04193544	-0.07396175	0.11411248	-0.02842946	-0.07307637	0.10970259	0.00287053	-0.06361613	-0.06806435	0.09906070	-0.06650969	0.06274138	0.17668568	0.13547058	0.12619385	-0.05424471	0.03461593	0.12212272	0.11709386	-0.07287468	-0.02101447	0.12834111	0.11095395	-0.00357553	0.36085844	-0.05200138	-0.04504105	-0.12510295	0.02826494	0.02398268	0.17291285	0.17492082	-0.01457310	0.09213319	0.12040407	0.06024573	0.03123166	0.04293126	0.00779002	0.04071687	-0.15390147	-0.04492720	0.14374316	0.17170635	0.20134729	0.19581098	0.09943574	0.16727842	0.19345499	0.21892657	0.16901143	0.15767875	0.24252858	0.17772513	-0.01446477	0.13186710	0.27122292	0.11219715	0.00951962	0.03654767	-0.06146057	0.23043936	0.03942988	0.14362036	0.10273699	0.09831050	0.17190686	0.22297756	0.17722998	-0.02236849	-0.01197277	0.09554656	0.07077702	0.01695613	0.00708306	0.02971249	0.06012815	0.04060529	0.18416390	0.12405859	-0.02482646	0.11889246	-0.06210489	-0.03259157	0.16201120	-0.15065734	0.05043827	0.15016888	-0.00158762	0.22594898	0.13653979	0.20358639	0.01854057	0.12913231	0.18591964	0.05353968	0.01898531	0.15470139	-0.02022900	0.09245674	0.11760557	0.22712593	0.05814565	0.21483720	0.20292173	0.35903758	0.49784460	0.61291234	0.21955526	0.48552535	0.33216705	0.21383637	0.16297637	0.07396072	0.28274578	0.26698781	0.18725876	0.26290490	0.18414505	0.26692499	0.13910800	0.15596312	0.19310601	0.11811477	0.07887219	0.04717615	0.24832647	0.30936682	0.44499713	0.17482072	0.09140984	0.22783209	0.14512076	0.39312702	0.56955985	0.04522249	0.22061929	0.99787684	0.57260638	0.56506643	-0.04708688	-0.09435729	-0.02779386	0.07436483	-0.06930286	-0.07990201	0.01682957	-0.11587829	0.00150023	0.03643687	0.10629030	0.02389169	0.10211118	0.00101676	0.01520116	0.46203124	0.19285765	0.11843822	0.14000853	0.18606948	-0.03115881	0.06769563	0.09549480	0.12923196	0.02286610	0.06695269	0.17938310	0.28365111	0.14620597	0.36814108	0.10742650	0.02275040	0.12745996	0.32488490	0.29532264	0.32989815	0.20616589	0.39143844	0.35647390	0.05753459	0.34986415	-0.00212980	-0.02414318	0.16051847	-0.09967141	0.09879737	0.09739591	-0.00206130	0.02375209	0.07443315	0.07566951	0.19382009	0.27240238	0.29992661	0.08405324	0.02022857	0.19333352	0.02846329	0.11899656	0.06006133	0.10583605	0.26284205	0.22649693	0.24473279	0.13941707	0.02915826	0.04075813	0.07995808	0.00682718	0.02605629	-0.03414439	0.28581048	0.39557757	0.23991591	0.24626308	0.26407275	0.23428614	0.07774312	0.03313502	-0.05622579	0.01988209	-0.08441204	-0.00256132	0.01166612	0.21421043	0.21180503	0.08631851	-0.02096155	-0.03642343	0.04186462	0.10374844	0.27282105	0.07579791	-0.00563189	-0.14391234	0.07428771	-0.13000353	-0.10387159	0.14146283	0.15593405	-0.03170571	0.14250918	0.10185277	0.05777144	0.06238842	-0.00320748	0.08467880	0.05834446	0.11452772	0.15094106	0.10903691	0.12795889	0.12518662	0.01861861	0.14304895	0.04548829	0.14592741	0.19073042	0.20792728	0.24897592	0.17382814	-0.01081205	-0.00717594	-0.03298671	0.07361935	0.20266566	0.06520800	-0.03354335	0.01087317	0.09775862	-0.00318704	0.11516170	0.07104336	0.13065966	0.06414618	0.06927647	0.19018007	0.06481425	0.12248281	0.19420382	-0.01319119	0.04619637	0.12340602	0.14570913	0.08666065	0.07353268	0.03969984	0.12626201	0.17773324	0.23248758	0.05281148	0.01144714	0.17053652	0.04765468	0.30045282	0.42439342	-0.00355279	0.10807347	0.15584438	0.06676948	0.09927001	-0.09347539	0.08426158	0.16393198	0.27563681	0.18394557	0.01429489	0.02227899	0.14032769	-0.00508138	0.28741075	0.47833130	0.11102439	0.18720528	0.14442947	0.08441867	0.26613630	0.05144535	0.08204069	0.14616997	0.21328518	0.02823371	0.13097985	-0.01909221	0.06442863	0.05352318	-0.03099898	0.14607672	-0.12806676	-0.03048421	0.13199552	0.25366577	0.22825792	0.12834297	0.04373011	0.17371185	0.07081848	0.08452877	0.05845658	0.05773292	0.15667581	0.13131994	0.11861945	0.15130715	0.12494344	0.20474217
17Networks_RH_SomMotB_Cent_2	0.15530116	0.16215265	0.02792565	0.06609982	-0.01657354	0.08397933	0.10088281	0.11180449	0.19607159	-0.01584374	0.24075246	0.08141355	0.07402102	-0.00899398	0.22322583	0.11464869	-0.16086807	0.18725620	0.06405030	0.09787376	0.05403993	0.03210120	0.17750223	0.03304805	0.23680194	0.49462543	0.36572144	0.04583791	0.31850151	0.21685464	0.24831193	0.32166668	0.32639215	0.12983517	0.10292730	0.27653703	0.12845364	0.27216063	0.18357480	0.26901759	0.50027011	0.06895497	0.29823725	0.16253508	0.32073632	0.04763167	0.18617844	0.27765473	0.00083701	0.05250817	0.65844527	0.72291356	0.21024817	0.20559326	0.87613094	0.54497820	0.98687776	0.27754446	0.81316667	0.01519203	0.04487935	0.02905646	-0.05505023	0.00889044	-0.07464728	-0.10992449	0.04645752	0.03522409	0.11850685	0.04623129	0.12343110	0.16030364	0.14752585	0.34039607	-0.04877376	0.13168855	-0.04442477	0.14997684	-0.03136744	0.04553155	0.23950482	0.18964734	0.28983637	0.22771136	0.17793379	0.05808804	-0.03388985	-0.01848679	-0.01372869	0.11991600	0.04110187	0.25902877	0.14947501	0.11589291	0.19022518	0.09485156	0.11085240	0.22901393	0.31863011	0.24041943	0.17123402	0.02117966	0.05166215	0.17006038	0.13477169	0.00139758	-0.14001166	0.22353096	0.14420578	-0.06362477	0.08933681	0.31696955	0.30073872	0.39023113	0.29329994	0.34019256	0.23022087	0.05490086	0.06284979	-0.19805494	0.10859341	-0.03341689	0.05526013	0.16479797	-0.04681801	0.05600145	-0.05000243	-0.01079234	-0.13238500	-0.09217420	0.15230529	0.12847078	0.02946531	-0.05044166	0.00164293	0.28866040	0.22183284	0.04069193	0.00176671	0.16691363	0.30246169	0.23785464	0.51472310	0.04515770	0.03800483	0.03638071	0.14855922	0.00486870	0.21432157	0.19109020	0.16663661	0.02338588	0.09737771	-0.00353518	0.05551161	0.10740575	0.18329810	0.16580851	-0.00368796	0.09169211	0.10065344	0.17328532	0.34077534	0.25310362	0.28875544	0.21209505	0.10818941	0.38794976	0.23126516	0.04489845	0.13628299	0.26666447	0.09609190	0.18527289	0.33764890	0.12782525	0.11050877	-0.09531786	-0.03991519	0.11913164	0.00738347	0.27958324	0.12606492	-0.16049485	0.18606387	0.04928095	0.14912391	0.02256306	-0.15158663	-0.06520770	-0.01746469	-0.02873927	0.02939319	-0.00592007	-0.03708417	0.01038579	-0.04046225	0.14109457	0.06139610	0.04243368	0.05215699	0.02059143	0.18032115	-0.07993951	0.02497081	0.17412296	0.08224819	0.19396592	0.09375930	0.14355281	0.04011822	0.12582269	0.11716016	-0.03746308	0.13382865	0.16765477	0.02152931	0.02736104	0.03189209	0.17342884	0.04633660	0.11251120	0.12153919	0.53273688	0.65562056	0.64676428	0.33776567	0.41547855	0.49951995	0.08555936	0.32747271	0.22347011	0.35379338	0.25660726	0.21054650	0.27800026	0.13945683	0.52442851	0.37305677	0.02726718	0.21649409	0.12084645	0.30429837	0.02037313	0.21274479	0.29485869	0.58974413	0.13914590	0.02713945	0.32630292	0.20675318	0.45560132	0.63789827	-0.07452952	0.15535174	0.57260638	1.25093608	0.77984247	-0.05896382	-0.06258862	0.06555578	0.09641976	0.02981048	0.12489261	0.02130310	-0.03506768	0.09823383	0.08016415	0.15233781	0.16132312	0.21570280	0.01769268	0.09474592	0.48316981	0.13993247	0.14795673	0.11590900	0.13178321	0.02398146	0.09576027	0.19233824	0.30320561	0.20362172	0.11540836	0.02638410	0.08329146	-0.02150734	0.38874855	0.04615624	-0.10490195	0.05741813	0.29617763	0.16395349	0.22066762	0.01215226	0.31576470	0.27079900	0.07226839	0.21864668	-0.00519622	-0.01789244	0.11635060	-0.12481783	0.06747592	0.03433762	0.03586488	0.07276153	0.06950030	-0.00687068	0.03988629	0.30338325	0.26989306	0.28325722	0.00132336	0.19710822	-0.03897768	0.30113369	0.09009742	0.16334485	0.44628605	0.11701225	0.35195581	0.15229330	0.02533793	0.08459772	0.05682198	0.12724727	0.15988288	-0.00544161	0.31916133	0.28617828	0.23776965	0.22185649	0.33124088	0.09268724	0.21160598	0.08640841	0.01248615	0.13850556	-0.01768831	0.14171966	0.03227902	0.23039466	0.41122013	0.06368815	-0.18701790	-0.06536013	0.09981422	0.27249229	0.26702059	0.16645460	0.05372083	-0.02819087	0.09175969	-0.03547516	0.00945346	0.09097263	0.32661525	0.07424053	0.18099242	0.14174836	0.09347603	-0.03763072	0.01244395	0.14926715	0.13371950	0.16592898	0.09110789	0.15639414	0.08511920	0.23588204	0.06333841	0.16364813	0.18950477	0.14831438	0.10559899	0.28762594	0.29664989	0.30129512	-0.04040558	0.12082471	-0.13674296	0.05432583	0.09957181	0.08919443	0.12622881	-0.10101960	0.01031876	-0.07889927	0.14524788	-0.10115165	0.16294809	0.09434184	0.02899580	0.09336529	0.09012927	0.05246062	0.01470530	0.15318072	0.05343133	0.18706128	0.10027284	0.17458512	0.12750161	0.08274944	0.05299222	0.20292707	0.25359857	-0.03116091	-0.08252420	0.19458669	0.06870007	-0.03388100	0.26730375	-0.01957706	0.18095675	0.15797450	0.06040141	0.03733734	-0.02715072	0.15298852	0.22925800	0.27400083	0.18047110	-0.07075120	-0.18281626	0.15314016	-0.05058875	0.01016650	0.37823313	0.09198407	0.24938977	0.10804972	0.16834551	0.31144015	0.06853603	-0.07007878	0.19136522	0.25387340	-0.14397091	0.21997828	0.05106005	0.03586442	0.09348655	-0.03863524	0.06086797	-0.28324898	-0.13311500	0.14386959	0.21983551	0.18199993	0.12533610	-0.03176521	0.19908044	-0.01039604	0.07028578	0.15624708	0.18974712	0.27341140	0.19519812	0.24113166	0.18569582	0.26166057	0.27565601
17Networks_RH_SomMotB_Cent_3	0.07219574	0.19901902	-0.10874835	-0.01168462	-0.01020648	0.15497743	0.08449551	0.18513091	0.24268073	-0.07444288	0.26668352	0.15889502	0.24293671	0.05484557	0.15097213	0.23827199	-0.05293512	0.18749346	0.09252773	0.25826414	0.04324303	0.09006889	0.23219827	-0.03960467	0.31656024	0.56455110	0.44037713	0.15278304	0.36259894	0.31462969	0.34967509	0.52094903	0.39793242	0.26610704	0.21628688	0.45309933	0.29942083	0.22987861	0.12592151	0.38984124	0.54421069	0.24266757	0.27393731	0.19177799	0.30771738	0.13160964	0.30673369	0.26632769	0.08518704	0.07839519	0.48050317	0.67938214	0.25053039	0.23658398	0.73867493	0.38570334	0.71156445	0.43522499	0.67869829	0.03150138	0.16061184	-0.02912749	0.06161591	-0.06892119	-0.15333573	-0.04305189	0.04583440	0.04718336	0.10646951	-0.00178233	0.18419991	0.20070974	0.11993523	0.34643133	-0.08851357	0.14388926	0.05364597	0.23832795	0.02319783	0.14554551	0.25892213	0.25317255	0.27111994	0.28612528	0.26959482	0.11937561	-0.04596759	0.01151458	0.10269602	0.18076949	0.20376337	0.37392753	0.34228508	0.21206104	0.15179936	0.15396438	0.07876878	0.27568176	0.37706591	0.37558495	0.15963598	0.06822323	-0.02479098	0.20716529	0.28960743	0.00772060	-0.13298232	0.21791812	0.01223511	-0.06748756	0.02139584	0.17759944	0.24018670	0.34415188	0.27297374	0.22943086	0.22813530	0.06665986	0.09742179	-0.11571304	0.13712818	-0.10791766	-0.07055275	0.11899204	-0.04952348	-0.00055619	-0.06249254	-0.01365061	-0.04219610	-0.01681186	0.10076306	0.08741448	0.11037821	-0.22873028	0.01038268	0.14597077	0.10861148	-0.02751749	-0.06003215	0.08708163	0.13793618	0.05830264	0.35688475	0.05850398	0.00872068	-0.07736194	0.08817120	0.08373257	0.07535551	0.11389486	0.03641405	-0.05274272	-0.00924634	0.07588668	0.06506229	0.09903575	0.11539689	0.06062777	-0.13497932	0.02336893	0.14314538	0.21296779	0.26517922	0.26875868	0.08222848	0.20891016	0.20385006	0.32107465	0.20258549	0.13621725	0.09615175	0.24578893	0.02298828	0.08636050	0.27044182	0.08147179	0.05320475	-0.15523886	-0.18449522	0.10210497	-0.02727301	0.11216779	0.16040054	-0.10569853	0.14118123	0.06183477	0.13416854	-0.08655694	-0.00339478	0.08143649	0.04324603	0.04745275	0.13499944	0.11914040	0.09612237	0.07291957	0.05539612	0.20815760	0.00326934	0.10420511	0.03935492	-0.05388202	0.19420821	-0.07010586	0.00872869	0.03695889	0.10404284	0.27332309	0.11864637	0.16801919	0.13390731	0.20607272	0.24327957	0.12880373	0.14555283	0.09114076	0.17751194	0.02868203	0.10474542	0.14383274	0.06473171	0.02020249	0.15817399	0.50723864	0.58257364	0.75071868	0.29377112	0.56829029	0.44251920	0.25406118	0.34082468	0.27462436	0.39558647	0.34993188	0.39030781	0.39654370	0.30854199	0.53382061	0.35979811	0.22210659	0.25281251	0.11251043	0.19796683	0.02592580	0.25393768	0.38439869	0.41363788	0.14198322	0.17949197	0.25794667	0.15213985	0.37779010	0.64252559	0.01815191	0.20779433	0.56506643	0.77984247	1.15594036	0.08419707	-0.10133006	0.02019381	0.12570078	-0.09577410	0.03018608	0.06168498	-0.03655167	0.08606086	0.16927073	0.22847594	0.22232000	0.38171833	0.10558236	0.05157647	0.49149655	0.22046547	0.22421337	0.14776391	0.34043651	0.03306091	0.24527201	0.28769380	0.23772184	0.24817117	0.18797338	0.19601237	0.23195001	0.15558501	0.38339337	0.10564170	-0.00234134	0.17870531	0.35065521	0.23069971	0.38648819	0.12701360	0.40836740	0.36233469	0.10455815	0.30690070	0.12576133	0.06542026	0.18405332	-0.10556585	0.10148902	0.04985978	-0.03486576	0.10928509	0.07676318	0.02909231	0.18853995	0.29163014	0.31260353	0.18385746	0.08270274	0.07701642	-0.06795594	0.29267682	0.06656648	0.16593010	0.41710795	0.12893237	0.30012135	0.14139694	0.00209940	0.07526586	0.09990378	0.13717170	0.20637837	0.01610979	0.18541673	0.29995682	0.17991436	0.26255307	0.31393972	0.11677343	0.11403211	0.02352032	-0.00151588	0.04653918	0.02083396	0.10651094	-0.00743071	0.17702507	0.24951839	-0.00080356	-0.11025129	-0.05031428	0.06337247	0.17577110	0.15127707	0.17504184	0.07808981	-0.07611492	0.07012247	-0.05053326	0.02730557	0.19078668	0.23640956	-0.03835348	0.09796730	0.07378370	0.02575247	0.09413435	0.05496307	0.15656337	0.10814122	0.13383361	0.09175460	0.10778202	0.16307592	0.20091817	0.03350068	0.19863732	0.09683607	0.09716960	0.13190392	0.22019787	0.23573392	0.16149123	-0.02416011	-0.04135243	-0.00136418	0.04138313	0.12796632	0.01798729	0.05386282	0.03472573	0.13417455	0.06726434	0.23587230	-0.05279395	0.28363181	0.09702034	0.08531408	0.11885906	0.09917134	0.10276601	0.14436537	-0.02720307	0.02785244	0.26128282	0.25549320	0.15537539	0.10483213	0.16599445	0.13426063	0.30254580	0.32504290	0.09048590	-0.06676126	0.31493759	0.08861798	0.22257212	0.45530061	0.04701632	0.16465982	0.19096036	0.21933383	0.06427858	0.01710455	0.14030384	0.35767184	0.32203331	0.20436447	-0.03993749	-0.06453657	0.17452517	0.04204165	0.27463430	0.52306180	0.11038623	0.23423907	0.18244060	0.15799281	0.36152133	0.11665901	-0.04795653	0.23535823	0.25338566	-0.00755000	0.15757268	0.04491603	0.09240085	0.07187194	-0.08354669	0.09406411	-0.23035236	0.05069162	0.19114321	0.27659949	0.23938852	0.12912974	-0.00653016	0.25123013	0.11391390	0.06797179	0.13094571	0.16654520	0.24202087	0.14042076	0.20945440	0.14639436	0.11487928	0.24424207
17Networks_RH_DorsAttnA_TempOcc_1	0.30564010	0.34240812	0.10520857	0.39052134	0.29199689	0.33981824	0.39322196	0.31190012	0.39686451	0.13855002	0.28343989	0.28628786	0.31738925	0.20450280	0.24253569	0.14457476	0.04989180	0.16742444	0.06105374	0.21475547	0.07589025	0.11354193	0.29706340	0.26033703	0.24848188	0.19267570	0.26173180	0.14895753	0.35241152	0.31923594	0.30190369	0.32661033	0.41041164	0.50308486	0.41543988	0.42030016	0.21111853	0.14375283	0.34848703	0.57417046	0.41541853	0.22502172	0.27626485	-0.04967879	0.18448444	0.10355282	0.20997530	0.18304702	-0.06401014	0.27248027	0.07793914	0.31951818	0.37745629	0.35302730	-0.03547751	-0.17822222	-0.09699082	0.08032583	0.13870643	0.26102836	0.52287062	0.24712347	0.41102307	0.15920528	0.13032866	0.08659019	0.07499114	0.13088368	0.09753399	0.11349014	0.33218681	0.30354914	0.20738423	0.36212976	0.28570062	0.35451527	0.33328146	0.41834170	0.34879005	0.26483727	0.04375422	0.34800474	0.17517392	0.21469703	0.36854445	0.44899035	0.31192977	0.30401522	0.25463961	0.09151101	0.13768928	0.26788526	0.30690640	0.12035786	0.23229751	0.23765465	0.28708537	0.35855352	0.33380567	0.39636515	0.26500104	0.25735985	-0.05223222	-0.03145436	0.21194656	-0.15908778	0.11847810	0.14283320	0.06251719	0.14661647	0.12553737	0.15716184	0.13528101	-0.11854928	-0.00780977	-0.05059051	-0.00366502	0.20317841	0.15293588	0.21366638	-0.04560138	-0.00555237	0.15525594	-0.01556985	0.08813182	0.09385072	0.29709103	0.10100994	0.07486257	0.24553829	0.12758311	0.07690567	0.26289136	0.12507497	0.13592522	0.03508808	0.02654498	-0.03869212	0.10006147	0.18907784	0.08189414	0.13581229	0.17498264	0.09801592	0.29366422	0.12640953	0.11221271	0.11295077	0.03653434	0.09921747	0.12295036	0.14559805	0.07262685	0.03720813	0.05429070	0.04133868	0.14248407	0.17938150	0.16590983	0.24938286	0.11248326	0.15889999	0.18049388	0.24809652	0.08862273	0.18096491	0.07830665	-0.03218344	0.16150790	0.00136352	0.04186072	0.05502615	0.18563771	0.11897559	0.18719057	0.08524048	0.18756973	-0.06535959	-0.03518037	0.26429055	0.05212970	0.13217298	0.37593377	0.12412176	0.29149224	0.18149101	0.09965699	0.12864097	0.23357205	0.12750940	0.22786749	0.50146314	0.37971118	0.30317439	0.27699938	0.30465390	0.19369905	0.17232053	-0.13303576	0.25978135	0.43693807	0.06754686	0.27541984	0.17795017	0.11702883	0.04812162	0.32864644	0.44811594	0.30859353	0.24830052	0.27379815	0.21524167	0.31493580	0.33785085	0.20805354	-0.01660517	0.15092268	-0.09471833	0.01006511	0.04985201	0.11791473	-0.03033623	0.20364664	0.18712824	0.12858546	0.20484824	0.11086740	0.24410288	0.24245145	0.34646417	0.35734828	0.43355976	0.30359937	0.24476869	0.51469958	0.36669581	0.16694639	0.33833774	0.35444478	0.18319968	0.30320235	0.30988200	0.33292850	0.18316011	0.07362564	-0.03736647	-0.10625241	0.00079343	0.24240012	-0.06943913	0.19811467	0.04714781	0.18059909	0.28674094	0.33920983	-0.04708688	-0.05896382	0.08419707	1.19404434	0.35199952	0.20353866	0.27273584	-0.04695509	0.20818847	0.31250436	0.03118157	0.35536877	0.15299193	0.37522253	0.28004220	0.38416049	0.33679150	0.10260600	0.08254443	0.36661073	0.39186587	0.21875906	0.30383234	0.30639953	0.40675377	0.36083375	0.40568678	0.29066439	0.24913227	0.38986975	0.27786036	0.37941945	0.30544721	0.09046320	0.07467836	0.20496882	0.09659501	0.05156601	0.29946023	0.14563005	0.37621429	0.17770014	0.21230811	0.15641527	0.31353178	0.26131793	0.37829895	0.34099513	0.25967007	0.01969366	-0.02166289	0.33886213	0.28191741	-0.04668677	0.16195281	0.08046573	0.17890031	0.12715849	0.17181779	0.06547941	-0.07187013	0.16714322	0.07281492	0.09069580	-0.01146621	0.05971261	-0.02347289	0.12988744	0.08040133	0.06953281	0.29989589	0.06488512	0.18356033	0.09627816	0.05710759	0.11585286	0.26095397	0.23801113	0.10402916	0.12720303	0.10273496	0.21723941	0.09109120	0.08833594	0.34578681	0.02068403	0.09216389	0.09533237	0.12274814	-0.01669254	0.10895045	0.03282081	0.14883333	0.24793865	0.16160383	0.14228603	0.26708712	0.19225444	0.13378898	0.21753141	0.17509338	0.02648567	0.12038922	0.15482222	0.02860289	0.06299084	0.07240724	-0.03570700	0.16459549	0.04574406	0.16397335	0.01630460	0.09177009	-0.05157905	0.14806471	0.16582428	0.23554588	0.13832271	0.26744940	0.03737731	0.16980156	0.31700076	0.12197329	0.23593740	0.11046960	0.23689360	0.20236365	0.30521396	0.15907389	0.12666530	0.16880171	0.25777038	0.14113412	0.06923652	0.47402698	0.18941112	0.27574364	0.10796259	0.43787559	0.05048168	0.00021021	0.24823103	0.37353024	0.18711299	0.26012203	0.14298181	0.05237179	0.01653979	0.06039506	0.33435120	0.00617752	0.24183597	0.20779939	0.01666089	-0.18904615	0.16782454	-0.02099743	0.20469817	0.02410774	0.08944725	0.35984471	0.13008629	0.22472168	0.13069887	0.32672511	0.14797018	-0.00880875	0.13250567	0.13600193	0.05483800	-0.07815250	0.03289483	0.07597156	0.13919022	-0.24231469	0.11095354	0.20143162	0.42826500	0.26378585	0.33756821	0.12070157	0.11518694	0.44163301	0.22679638	0.16490204	0.32769319	0.26268921	0.27344573	0.28913146	0.32883092	0.29654600	0.28336776	0.24023725	0.47979553	0.32101168	0.33360382	0.24363431	0.30139759	0.46524406	0.37784591	0.32967140	0.32864732	0.34864564	0.25895357	0.24965591	0.30980245	0.27487768	0.19312543	0.25256900
17Networks_RH_DorsAttnA_TempOcc_2	0.42469544	0.31890378	0.32126239	0.38916354	0.17565721	0.17159075	0.37288620	0.04174542	0.17084410	0.06069355	0.07558558	0.14242907	-0.01590389	-0.01930444	0.29645703	-0.01457190	-0.09293867	0.01471226	0.01970916	-0.09349148	-0.01319089	-0.04372807	0.13675665	0.08249984	-0.01793224	0.06423423	-0.02788376	-0.16006907	0.07730866	-0.02115737	0.02879313	0.05311804	0.15727089	0.22964646	0.12693571	0.16901211	0.00146308	0.35993682	0.37136744	0.22386436	0.06675833	0.10046865	0.14059629	-0.07367947	-0.04283742	0.01645184	-0.16472367	-0.10069985	-0.07277239	-0.12751089	-0.17018513	-0.05329140	0.05294247	0.14463773	-0.14794753	-0.22736221	-0.10568332	-0.12068404	-0.01971145	0.46891457	0.12062800	0.63969672	0.33286577	0.25532145	0.04373179	0.05000720	0.13525346	0.09023811	0.08542160	0.22715573	0.11038719	0.18240389	0.02632341	0.10450601	0.27737976	0.19397025	0.09598828	0.04473511	0.01346330	0.10134497	0.16073270	0.18765762	0.30404663	0.09847359	0.13154127	0.03616029	-0.04506260	0.06450224	-0.13921276	-0.20796293	-0.19063575	-0.17779723	-0.07313189	-0.00240090	-0.03531484	-0.01807032	0.18203065	0.20736614	0.08590536	0.13409243	0.03854708	0.17613844	0.21201497	-0.27729103	-0.12629213	-0.06640276	0.15916235	0.18605111	0.22807418	-0.00454042	0.10707184	0.18228141	0.28995883	-0.00918484	0.03805338	0.02093458	0.08724262	0.10824677	0.02536187	-0.08631385	0.06326000	0.22647936	0.13876339	0.18927632	0.28508421	0.07988863	0.29849652	0.16290450	0.03775253	0.12945760	0.19313797	0.19975389	0.10512548	0.46826534	0.33889839	0.13552860	0.13828592	0.16317042	0.35403313	0.27404437	0.26386089	0.18344692	0.08610614	-0.08108086	-0.03971832	0.06395701	0.14714083	-0.01613112	0.21331877	0.35156810	0.33575826	0.36687490	0.31594102	0.30809989	0.12200346	0.29114499	0.25469034	0.38120977	0.21007184	0.22139252	0.27601965	0.11677370	0.05737222	0.05070332	0.35576725	-0.01064723	0.01912303	0.05835974	0.32386003	0.17927390	0.30231605	0.00332275	0.27319343	0.03884943	0.32671573	0.42615742	0.31338624	0.04657623	0.18137864	0.10394379	0.10895623	0.31955649	0.06930368	0.09571964	0.20148154	0.12960520	0.07368612	0.35903574	0.10732718	0.17886441	0.06406100	0.15464695	0.00543415	-0.10392846	-0.18720301	-0.00228441	0.04198922	0.05890119	0.04401393	0.09029726	0.51878109	0.35495701	0.44007114	0.34675046	0.18452210	0.35939344	0.38247103	0.22981898	0.21906882	0.15342513	0.17300001	0.09232335	0.11613261	0.05259806	0.26825167	0.12047080	-0.11941207	0.07984505	-0.07117082	-0.06903232	0.10976244	-0.02488971	0.08716439	0.02720402	0.09094545	-0.00916665	-0.02778659	-0.09308317	0.10708423	0.01737137	0.15223735	0.25692506	0.12332335	0.06990005	0.15138041	0.19160698	-0.02404062	0.14794908	0.17227908	-0.05849650	0.32542967	0.07513754	0.33722257	0.02255597	-0.09901472	-0.27574069	-0.24461833	-0.23647652	0.00875921	-0.15768891	-0.03611271	-0.21812172	-0.07967409	-0.12293920	0.00503610	-0.09435729	-0.06258862	-0.10133006	0.35199952	0.96663950	0.51759305	0.16482263	0.08956702	0.27205005	0.26977308	0.07775881	0.03151029	0.17780472	0.04885770	0.10457354	0.10151630	0.06786842	0.38443550	-0.09257216	0.08377164	0.27276063	-0.00829054	0.12088488	0.11424300	0.08457375	0.22590963	0.39910298	0.14905268	-0.05305322	-0.08927423	-0.06895384	-0.10418984	0.13682223	0.01916751	-0.11141601	-0.12047242	-0.16339093	-0.24653846	-0.00261094	-0.03391486	0.11238851	-0.11617523	0.11182605	-0.03538364	0.03321333	-0.03144132	0.28194932	0.05299968	-0.03700343	0.02553253	0.07033855	0.17534258	0.11453957	-0.17050448	-0.26549827	-0.09609138	-0.07186149	0.06339597	0.00125737	0.04551863	-0.09339804	-0.00969250	0.26658464	0.15288652	0.01074286	-0.12090489	-0.01666212	0.02774377	0.17958403	0.20214654	0.21233755	0.06754412	0.16888257	-0.02346039	0.10341889	0.05700216	-0.01312338	0.03222058	0.03367731	0.19593098	0.26842614	0.29484993	-0.07627944	0.00658794	0.13186485	0.01693781	0.08559005	-0.06429566	0.26188662	0.13807793	0.17975032	0.01310760	0.06406615	0.17998785	-0.08352916	-0.21199422	-0.07288752	0.23983363	0.08945198	-0.00349095	0.12413905	-0.07593056	0.14346656	0.06845184	0.23655776	0.13124845	0.05832892	0.17404851	0.08888608	0.13271336	0.35408658	0.11798626	0.22192221	0.09649956	0.03007245	0.08762130	0.04994893	-0.01571393	0.15585996	0.06291591	-0.11650639	0.17095319	0.33750480	0.20523533	0.20627557	0.32418240	0.00753263	0.08467763	-0.02643702	0.32514330	0.26855665	0.14324752	0.08696538	0.05595006	0.11142200	-0.03976785	0.02992151	-0.17767080	0.03662707	-0.18976572	-0.11453597	0.00201662	-0.01276987	0.05079886	-0.08205662	-0.02510969	-0.08071968	-0.02556871	0.00085804	0.30826743	-0.12789392	0.01296321	0.14067936	-0.16075767	-0.31027082	-0.05931516	-0.18607331	-0.02168681	-0.12694794	-0.08524394	0.22287505	0.00204687	0.07966651	0.01488693	0.10091459	0.31407489	-0.11967381	-0.02496397	0.02691965	-0.06269754	-0.14425512	-0.12584275	0.02189276	-0.07588474	-0.22290106	-0.09493559	0.04047098	0.24684795	0.10869334	0.07133026	0.05846394	0.02397214	0.15165109	0.08205011	0.05945516	0.20160406	0.17844403	0.16440836	0.15664753	0.25316826	0.21040316	0.21640491	0.22902335	0.39361654	0.17148297	0.13245522	0.18471791	0.27801877	0.15407754	0.09587377	0.18389708	0.25706228	0.35069829	0.38218711	0.45032839	0.31727992	0.39355048	0.34820420	0.38504263
17Networks_RH_DorsAttnA_TempOcc_3	0.31148657	0.25570920	0.23200145	0.36145452	0.08759254	0.05294056	0.34660428	0.10655293	0.19505335	0.06304446	0.23591512	0.16406004	-0.05872353	-0.01273337	0.22363385	0.09170885	-0.03855193	0.09221309	0.09228394	-0.04971577	0.03465745	0.00129909	0.20655000	-0.01606826	0.08595764	0.18714455	-0.01858906	-0.15417174	0.12931313	-0.00905190	0.20365411	0.19779083	0.19942800	0.29857528	0.20970798	0.19691291	0.14327221	0.49956311	0.42752072	0.21397016	0.16518813	0.23375118	0.21198805	0.09665844	-0.00806713	0.03783724	-0.19585133	-0.05025290	-0.05272252	-0.21865238	-0.03626659	0.02005891	0.09212565	0.09892687	0.02805672	-0.07792289	0.01948976	0.11168178	0.07385043	0.34200510	0.14874225	0.46566687	0.24074223	0.23446802	0.09154030	0.04002676	0.13434250	-0.00867828	0.11394392	0.06578926	0.07563748	0.19507380	-0.13700534	0.11257857	0.09133535	0.17729175	0.05440092	0.18373360	0.03868021	0.26968339	0.31368340	0.18512992	0.35356455	0.22099651	0.06882511	-0.10310079	-0.13817418	-0.05511013	-0.17089406	-0.23991874	-0.17947694	-0.21293726	0.03706164	-0.00034590	-0.05669641	0.10331447	0.22778520	0.22748692	0.13138044	0.24869691	0.02755590	0.22622394	0.23638989	-0.20283560	-0.15074610	-0.04712056	0.00431646	0.15588909	0.16035657	-0.06202169	-0.00551888	0.26801664	0.52050861	0.14098975	0.01603740	0.04653133	0.16382374	-0.04483121	-0.05414580	-0.41584694	0.09169834	0.22648603	-0.00886748	0.18544446	0.07070410	-0.01355775	0.07329557	-0.08240178	-0.10231252	0.01100545	0.13868763	0.16240184	0.00048080	0.32376169	0.28561793	0.22884928	0.06581120	0.06409629	0.26683979	0.08312503	0.25652700	0.19071954	0.16714384	0.15745518	0.01306420	0.19794006	0.22764181	0.05388400	0.28367716	0.44074579	0.39369449	0.27957490	0.30272627	0.42810146	0.33144377	0.32242441	0.26169247	0.40227955	0.38652113	0.45445485	0.35486883	0.23686796	0.27214438	0.14405612	0.42913155	0.08330259	0.02064025	0.33104544	0.32589035	0.33432962	0.36061632	0.24470725	0.26069918	0.17307366	0.42708753	0.48400681	0.34441354	0.12170850	0.16875242	0.03420545	0.27342034	0.31193578	0.10141417	-0.03825860	0.20070941	0.18160824	0.00559241	0.30836511	0.07126227	0.20265924	0.18504152	0.01711479	-0.02432839	-0.17651192	-0.21206578	-0.08658785	0.13331872	0.03024775	-0.07514255	0.05256015	0.50828828	0.17474107	0.42313291	0.20783999	-0.04897919	0.31777957	0.31869499	0.31299935	0.31466104	0.24181122	0.29663372	0.21180607	0.12510972	0.09019775	0.23889834	0.12180230	-0.02904331	0.06900573	-0.07400611	-0.14773013	0.14717040	-0.07617188	0.10757227	0.09459244	0.23500677	0.03751715	0.06591395	0.08923526	0.20843031	0.12359439	0.24058557	0.34874128	0.30251625	0.22212286	0.20767662	0.29063102	0.09289314	0.29210507	0.26467290	-0.02221178	0.37928374	0.15127440	0.35843841	0.04297401	-0.02495133	-0.07985946	-0.04214557	-0.18355226	-0.05879140	0.02149629	-0.08558172	-0.07015258	0.02794256	-0.19355106	-0.06366212	-0.02779386	0.06555578	0.02019381	0.20353866	0.51759305	1.19210174	0.27897499	0.07636899	0.30498409	0.26610347	0.14413561	0.03495603	0.24575415	0.08700351	0.11721397	0.21735458	0.10194344	0.28414702	-0.03046039	0.09552151	0.21227530	0.02935251	0.22774764	0.09011293	0.19280719	0.38033110	0.29835981	0.07206914	-0.05066574	-0.06411770	-0.03616244	-0.08198680	0.07373153	0.13953806	-0.03804323	-0.04704944	-0.07323792	-0.22617669	0.05339732	-0.22855636	0.18816758	-0.09607391	0.22399770	0.15426234	0.10264618	-0.00165144	0.31146838	-0.07846715	-0.00547454	-0.20646266	-0.16208496	0.05330658	0.15320892	-0.16278821	-0.28896720	-0.05498115	-0.17490504	-0.00726909	0.05586174	0.07134254	-0.28717789	0.08888271	0.30232311	0.17111682	0.20007963	-0.05090393	0.14960496	0.06289627	0.13564682	0.21163424	0.18876036	0.05964153	0.17942390	-0.02045585	-0.02253435	0.01757629	-0.15204078	-0.08950093	0.00466292	0.08296246	0.24446757	0.10227251	-0.09607351	-0.08251691	0.00924615	-0.06063254	0.01083642	-0.00579557	0.23656851	0.04663723	0.04168873	-0.16893470	-0.18884815	0.14419967	-0.01518363	-0.04594007	0.01347287	0.43046052	0.12085100	0.06846124	0.30368259	0.00756647	0.32716515	0.21323139	0.16973357	0.07212689	0.22626287	0.38119481	0.31961345	0.31175286	0.33672986	0.31968497	0.30150147	0.22992847	0.13041980	0.24249546	-0.03078382	0.04571433	0.14380546	0.00314050	-0.03564171	0.32880565	0.34757301	0.22903940	0.25126515	0.13108697	0.02060430	0.04284160	-0.12904968	0.41404537	0.38230932	0.02707255	0.28010468	-0.13452094	0.20555581	-0.18612314	0.30584889	0.09515007	0.10451272	0.03426984	-0.07512305	0.11128902	0.00221972	0.15809684	-0.13397994	0.03200380	0.07998058	-0.02869440	-0.07908558	0.11904090	-0.18496514	-0.10426142	0.24658262	-0.02934358	-0.24088628	0.02085816	-0.14795447	-0.12978444	-0.11366539	-0.19133108	0.03357960	0.07829394	0.27618772	-0.05546214	-0.02718605	0.15662976	-0.21460172	-0.01485624	0.06683116	-0.02174400	-0.16193552	-0.04082294	0.08989128	-0.11081787	-0.13439263	-0.18687547	0.04662747	0.25670643	0.22091919	0.27572569	0.18182586	-0.05826817	0.29780608	0.17981168	0.10644167	0.15170492	0.24431670	0.25945277	0.20002184	0.17651406	0.17428080	-0.00659793	0.23396105	0.32200878	0.32241835	0.31081460	0.15099384	0.31463575	0.28603135	0.05821290	0.25039571	0.36323291	0.42761460	0.52081472	0.39747746	0.41409314	0.47868222	0.36673700	0.44930263
17Networks_RH_DorsAttnA_ParOcc_1	0.21957540	0.16032351	0.05411694	0.19870374	0.01323812	0.23390474	0.28935197	0.42263439	0.40832410	0.28034925	0.40339588	0.25278159	0.01398025	0.14408191	0.18938207	0.05579482	-0.00911528	0.30584977	0.18032572	0.21113260	0.10395056	0.17596268	0.32129151	0.14698558	0.38701881	0.21117441	0.26737188	0.13867342	0.44014241	0.18936896	0.32288462	0.35198601	0.33569335	0.49713323	0.26910345	0.44278422	0.36652606	0.16136089	0.31941243	0.38404532	0.36846247	0.27028290	0.19060344	0.10824696	0.12204497	0.04581523	0.16072863	0.16566686	0.06574745	0.03175904	0.12596418	0.15635130	0.29752064	0.37691505	0.04860016	-0.08951385	0.04744888	0.08259241	0.22886555	0.14192345	0.09786268	0.11518073	0.27505376	0.23916366	0.14320835	0.13990087	0.08411224	-0.00186458	0.36426532	0.33964178	0.30569362	0.40761353	0.11305808	0.29010455	0.26940135	0.30011008	0.32265669	0.42625903	0.22514750	0.38918178	0.14413065	0.32270514	0.30265955	0.19694182	0.32150023	0.20824451	0.15481271	0.31308544	0.09553143	0.05406443	0.23407677	0.17620692	0.29134429	0.21788684	0.19244518	0.21000735	0.25975049	0.30848746	0.24105659	0.17601610	0.17851511	0.22445734	0.02657630	-0.04269746	0.22323125	0.06324399	-0.03663577	0.09344342	0.10231305	-0.02727141	0.03058231	0.09912597	0.30109810	0.11885165	0.02945368	0.09592016	0.10707269	-0.02114046	-0.05402152	-0.05936373	0.21131719	0.02623604	0.24334583	0.18644169	0.18545186	0.22372930	0.06565426	0.07269023	0.01606611	0.18733762	0.09006001	0.04560260	0.13332417	0.11098023	0.10907600	0.10198620	0.12064881	0.16383438	-0.00641722	0.13694329	0.08389937	0.11720660	0.15974422	0.08548229	0.19420155	0.02763312	0.00366726	0.04237875	0.03810694	0.00115477	-0.07076194	0.03890059	-0.05556707	-0.15766568	-0.17813002	-0.01041218	0.15237485	0.16601442	0.03578772	0.05482233	-0.03551968	-0.09319962	0.03917027	-0.05807262	0.06393228	-0.04013508	0.01761648	0.26440201	0.18807833	-0.00173928	0.26569786	0.27612971	0.08110172	0.05542816	0.07197365	-0.05984121	0.13378822	-0.01869431	-0.02146528	0.04765988	-0.02537185	0.20943040	0.02082482	-0.03637067	0.06919855	0.05807669	0.15521694	-0.03287282	0.01261169	-0.19164419	-0.10912544	-0.10407961	-0.07985275	-0.03114816	0.09813680	0.04972767	0.27462380	0.35911910	0.20364102	0.25603654	0.31017831	0.02849921	0.30027298	0.00365479	-0.04417506	-0.00447999	0.19710541	0.45944002	0.48167135	0.50723085	0.33671863	0.31904253	0.15828953	0.09389539	0.20679925	0.18786071	0.02368943	0.03980795	0.17477597	0.13561696	0.16664580	0.11118766	0.21535622	0.22344773	0.20428895	0.27686118	0.23664032	0.30484563	0.33560200	0.30257672	0.34506832	0.58316682	0.38132287	0.35046598	0.53865863	0.29671136	0.32408244	0.32185413	0.34417802	0.17014350	0.28795318	0.20582279	0.33065502	0.03436036	0.23175746	0.20661568	0.21322149	0.13014884	0.24376050	-0.02448742	0.16201190	0.21100533	0.22806914	0.05002301	0.26040076	0.07436483	0.09641976	0.12570078	0.27273584	0.16482263	0.27897499	0.95968911	0.22592229	0.25843379	0.38096520	0.24499994	0.23325763	0.29749055	0.30427107	0.50699413	0.35654939	0.37196753	0.31886169	0.17998375	0.37990809	0.52808783	0.31417566	0.59727776	0.24124177	0.37172127	0.34346666	0.40507443	0.43451909	0.24657944	0.25958853	0.29697324	0.31695354	0.37354906	0.14364250	0.03710757	0.26980899	0.26285581	0.13037474	0.30530824	0.19591462	0.36442631	0.18293407	0.21786833	0.13799679	0.35817639	0.15661542	0.39280157	-0.03749752	0.36841328	0.07894869	0.05472028	0.08658948	0.04316363	0.03431115	0.24789738	0.04916788	0.22152085	0.00823594	-0.05319296	0.03711972	-0.12691657	0.02062779	0.05516550	-0.04064106	0.23666640	-0.12130298	0.06848396	-0.01189974	-0.05070837	0.14478362	0.45875826	0.27111415	0.45910099	-0.10472630	0.07372879	0.08756139	-0.00881205	0.21646459	0.19209706	0.06880436	0.19140029	0.04444029	0.21231180	0.21374888	0.34081222	0.27226858	0.00977982	-0.00225738	0.16638795	-0.09305500	-0.13157045	-0.05526653	0.08892114	0.16783139	0.10804822	0.02547683	0.21564894	-0.10039629	0.09360943	0.16260504	-0.07740049	0.11712430	0.07037497	0.05377733	0.03069924	-0.05966801	-0.15798560	-0.24875326	-0.17765309	0.01866036	0.20808836	-0.05148922	-0.12654415	0.00765326	-0.07535325	-0.06703437	-0.03747134	0.04809630	0.21604111	0.31456540	-0.07758139	-0.00178270	-0.05343815	0.14709276	0.00740102	0.07041163	-0.11404970	0.10484989	0.12717592	-0.06397837	0.06390072	-0.06746837	-0.16702538	-0.14260647	0.08483517	-0.02880470	-0.03129333	-0.06803074	0.23702170	0.25257131	0.33657702	0.39398814	0.43806287	0.18046671	0.32014275	-0.03377159	-0.05024767	0.12563997	-0.06254228	0.16253284	-0.07907542	0.06499030	0.17674205	-0.00558008	-0.16068449	0.09336248	-0.05839128	0.17272930	0.20619900	0.06817920	0.23716729	-0.03365832	0.05549373	-0.01846793	0.00629531	0.09420915	-0.11852319	0.06924597	0.07596018	0.01742196	-0.04889479	0.12269613	0.17409070	0.16741895	0.16584854	0.18625554	0.13670119	0.19134258	0.18251150	0.16480737	0.03584932	-0.00532961	0.29311543	0.12126718	-0.00886863	0.23513057	0.05449307	0.21545602	0.12422709	0.12356334	0.07801120	0.04195364	-0.00704087	0.15678136	0.19269511	0.20956713	0.10676113	0.17184908	0.19151406	0.05490948	0.12334972	0.30084029	0.13770265	0.33581634	0.20681869	0.20212164	0.23322686	0.14864135	0.08238222
17Networks_RH_DorsAttnA_ParOcc_2	0.07702752	0.00194630	0.03428808	0.04335376	-0.00488994	-0.03914429	0.05170152	0.10745383	0.09985479	0.17210842	0.13955722	0.16730702	-0.14099456	-0.03222941	0.11259255	-0.14944299	-0.16886857	0.08184966	0.11665774	-0.01324159	0.13267785	0.07109970	0.11015499	0.03773173	0.00378369	-0.00811061	0.03841083	0.07789262	0.05274209	-0.02353093	-0.01782573	-0.01961618	0.09552772	0.13391543	0.08493346	0.00961118	0.10867213	-0.08520155	0.07012733	0.04167580	0.05309287	-0.05975180	-0.02202454	-0.01462993	-0.05266280	0.04275319	-0.02206606	-0.02942533	0.05817826	-0.00797481	-0.01521274	-0.09892308	-0.06143777	-0.00464139	-0.00180822	0.02627193	0.03214319	0.00654107	0.05862924	-0.00108579	-0.09734063	0.04614193	-0.01867115	0.14256311	0.11678710	0.08449089	0.18203441	0.08946624	0.20302075	0.19447104	0.08024495	0.19774587	0.01301202	0.05697730	0.11692123	0.07887974	0.06032828	0.10782892	0.01761205	0.01437965	-0.09589415	0.03518537	0.18455423	0.00968353	0.03593665	-0.03462357	0.00250584	0.06956790	-0.10525296	-0.16750107	-0.06486124	-0.08208777	-0.09403036	0.02657640	-0.05359701	0.02933345	0.03028041	-0.01143580	-0.11248628	-0.16163543	0.09507453	0.02380063	0.13955373	0.08019592	-0.03827741	0.07530443	0.04768932	-0.03086978	0.07762026	-0.03104708	-0.10940036	-0.11899358	-0.02304665	-0.01842243	-0.03981782	0.06247288	0.09254049	-0.03771133	-0.15365901	-0.06987342	0.19637151	0.11462954	0.29127022	0.21542431	0.29339198	0.11932353	0.09653547	0.06632880	0.10399248	0.12734395	0.03662017	-0.03265543	0.01416758	0.10574949	0.04591959	0.15834739	0.23021461	0.34697874	0.04834506	0.05565362	0.01998786	0.07811083	-0.11110724	0.10186264	0.12660156	0.11315760	0.11821398	0.08501878	-0.00368298	-0.05058662	-0.04529937	0.03141236	0.04498361	-0.10931137	-0.11837925	0.03141949	0.09519545	-0.06919307	0.09400988	0.03907329	-0.21240993	-0.22365661	-0.27809613	-0.30088228	-0.01607728	-0.15781800	-0.12038090	0.00437700	-0.08191886	-0.17463293	0.11677756	-0.02509859	0.10596770	0.00032364	-0.22669146	-0.08501543	0.00942933	-0.05217590	0.01123987	-0.12398174	-0.02697240	0.10508402	-0.17074605	-0.00500836	-0.09817881	-0.11807445	0.03437240	0.02905339	-0.17017456	-0.18851479	-0.14446496	-0.10981081	-0.18633435	-0.17544062	-0.10675173	-0.13347001	0.07381200	0.13099057	0.33241542	0.03731521	0.12573527	0.08742169	0.13848776	-0.04094141	-0.02923443	0.08867685	0.00248413	0.07763877	0.18722245	0.11648832	0.14183022	0.17216409	-0.05822682	-0.19434386	0.01405437	0.04373898	-0.13437900	0.04313102	0.06431371	0.10197635	0.08115190	0.07392722	0.00728127	0.01738641	-0.03752330	-0.02968047	0.08535797	-0.02579011	0.07186384	-0.05762037	0.09371350	0.15901534	0.07292864	0.02890246	0.12163834	-0.08085624	0.02421317	0.03343606	0.04799979	-0.09012688	-0.00001497	0.01636924	0.11222211	-0.11463695	-0.02257429	-0.05273476	0.13644021	-0.02244873	-0.05650918	-0.04112412	-0.01277703	-0.03137952	-0.06444261	-0.07496768	-0.03696926	-0.06930286	0.02981048	-0.09577410	-0.04695509	0.08956702	0.07636899	0.22592229	0.76474619	0.27561195	0.17961790	0.25757747	0.06034653	0.22481314	0.05002627	0.14946155	-0.02250822	0.03413061	0.25688404	0.01839882	0.00221892	0.17093175	0.08089182	0.06286086	0.08381449	-0.09200468	-0.04828736	0.21433541	0.20771951	0.04674965	-0.08252399	-0.02605788	-0.05001123	0.04545089	0.02040680	-0.00812053	-0.00644425	-0.01628112	-0.06953241	-0.03303564	0.07624643	-0.00290366	-0.08430812	0.13037561	-0.13383842	0.15037785	-0.00249202	0.01673414	0.05227627	0.08786922	0.12270223	0.29458257	0.01902505	0.02973007	0.12631924	0.09211022	0.01512278	0.16328727	-0.05251405	-0.20148693	-0.08146272	0.00668437	-0.17086946	-0.02561859	-0.04118615	-0.00256908	-0.08430220	-0.00723363	-0.06165803	0.00494726	0.21602570	0.12184176	0.36098338	0.23258815	0.16010272	0.07776096	0.08565992	0.04754134	0.13751916	0.15966801	0.03706452	0.24138611	0.11371499	0.33953483	0.39760880	0.16549260	0.34907138	0.19529945	0.04444402	0.14084296	0.10045582	-0.12391433	-0.02607429	0.18357473	0.02558932	-0.06766328	0.06298541	0.13361458	-0.03708106	0.06035798	0.21009388	-0.09708740	0.10243220	-0.03040374	0.15913583	0.18116570	0.18684939	-0.01514122	-0.18114080	-0.11312679	0.06569901	0.07605561	-0.04958468	-0.18313884	-0.00375382	-0.26808354	-0.24091307	0.07387450	-0.03179786	0.12872231	0.19191903	-0.14841047	-0.12367839	-0.07651705	-0.01925099	-0.01331276	-0.00225353	-0.23263022	0.01305459	0.08592361	-0.03149965	0.04433302	-0.13547380	-0.11958071	-0.14783590	0.07435590	-0.10688102	-0.18221873	-0.05231409	-0.04430059	0.11713487	0.39308731	0.10945897	0.06449175	0.21571495	0.18109424	-0.12343216	-0.16807588	0.11930074	-0.08475396	0.02155290	-0.03987776	-0.04326894	0.10398138	-0.05047695	-0.05898397	-0.16626857	0.00875774	-0.05180743	0.00547504	-0.08289191	0.00772345	-0.05942268	0.00534274	0.00006489	-0.13626409	0.00245792	-0.06517655	0.05754302	0.03855987	-0.07477242	-0.12704051	0.00115432	0.05969080	0.00064509	0.04100959	-0.07347165	0.02934196	0.08784344	0.09020852	-0.01701301	-0.08077313	0.00611866	0.09996024	0.02698986	-0.12601897	0.12775187	0.12741065	0.12969729	0.16539272	0.10628017	0.01729345	0.05139086	-0.08989693	0.03622914	0.05789250	0.06710803	0.03835978	0.08634669	-0.01098495	-0.07371919	0.08360851	0.13403389	0.09860800	0.10317045	0.07557980	-0.04073301	0.02545777	0.05558536	0.02759724
17Networks_RH_DorsAttnA_ParOcc_3	0.24709805	0.11842545	0.25372095	0.21595833	0.13859074	-0.00380421	0.21687440	0.10474318	0.18360874	0.18560621	0.31780254	0.30672387	-0.11844321	0.02024264	0.28782607	0.00617820	-0.11081519	0.26105123	0.25307094	0.06033911	0.31969420	0.20962402	0.33803193	0.30897581	0.03726675	0.14176401	0.13960198	-0.02034822	0.15449939	0.05231211	0.11272945	0.09429401	0.16336527	0.24339144	0.19011524	0.11562403	0.09186208	0.20414560	0.35350852	0.15769384	0.20967484	0.12032468	0.11355949	-0.04988306	-0.02334499	0.08225002	-0.16262974	-0.07264011	-0.08277147	-0.00892177	-0.06671516	-0.03449015	-0.00250683	0.07220707	0.11700706	-0.00379297	0.13303278	0.05882388	0.21562271	0.08433131	0.01423996	0.24503019	0.08945639	0.18338413	0.37555444	0.21906955	0.30086246	0.23980107	0.27378942	0.27635840	0.34121708	0.38477491	-0.05686496	0.10847553	0.22988245	0.11322427	0.08813896	0.23949161	0.36795477	0.27613497	0.08354750	0.33191595	0.35460896	0.29765212	0.14932270	0.00288899	0.11714823	0.01919773	-0.21777713	-0.23711932	-0.11701726	-0.18671889	-0.07636725	0.01507332	0.04828681	0.19375799	0.37175756	0.11128227	0.12998963	0.10578163	0.21600798	0.30984239	0.29463580	0.00897339	-0.02151906	-0.05086193	-0.00378946	0.17205698	-0.01645870	-0.17525969	-0.06606945	0.01813053	0.33834347	0.11246236	-0.03288744	0.03009317	0.14942377	-0.04553518	-0.16626811	-0.14977769	0.08960494	0.28144411	0.21110553	0.32227924	0.20065734	0.25265473	0.25652381	0.02413271	0.01047250	0.10839503	0.22568221	0.18809609	0.04078003	0.09287778	-0.02944014	0.30151583	0.17579756	0.20220239	0.29621201	0.15968015	0.24092329	0.30426691	0.17482417	0.23367766	0.33022420	0.52268284	0.13460750	0.12909346	0.21942120	0.21424694	0.35286284	0.21300759	0.21714883	0.21193187	0.24789884	0.24223569	0.21246962	0.19774158	0.46190749	0.45953259	0.14603202	-0.00724904	0.15060365	0.02647832	0.27712419	0.10207541	-0.10853711	0.14040146	0.07601595	0.04613802	0.19299656	0.06706122	0.17727343	0.21168131	0.20188189	0.20627406	0.28768682	-0.06423706	0.09975158	0.19795631	0.14061128	0.32435643	-0.07592200	-0.11550407	0.10488563	0.06331930	0.12548670	0.33873270	-0.08019285	-0.01564047	0.11660705	0.04576350	-0.04943420	-0.13366245	-0.18171270	-0.08251496	0.11200499	0.03212599	0.20761342	0.03476069	0.25454624	0.29312275	0.47444296	0.03321688	0.11695780	0.38421358	0.22004026	0.23959236	0.32097544	0.17896782	0.35381342	0.33810976	-0.04664916	-0.07661205	0.08100941	0.12606826	-0.14327021	0.22876351	0.11781821	0.14844165	0.34175611	0.18171130	0.23634749	0.12491131	0.09135359	0.06307917	0.09795119	0.04171582	0.27588970	0.01923025	0.17993959	0.34361204	0.23701542	0.23386568	0.20589118	0.21455814	0.14387347	0.22438334	0.24008535	-0.07946948	0.25461166	0.09936363	0.30779562	-0.19717083	-0.08000478	-0.12851591	0.03737868	-0.15295662	-0.07705765	-0.10635594	-0.04579613	-0.03712668	-0.05274931	-0.09448276	-0.04866013	-0.07990201	0.12489261	0.03018608	0.20818847	0.27205005	0.30498409	0.25843379	0.27561195	1.03680646	0.46533190	0.28196824	0.19718622	0.28910340	0.33228841	0.29348227	0.18817237	0.21079506	0.20397527	0.01510881	0.16938036	0.32032872	0.00151622	0.18850167	0.35856642	0.12435171	0.24688612	0.30693386	0.25405080	0.06655888	-0.05674376	-0.01702307	-0.04167164	0.10651807	-0.17838607	-0.17431619	-0.07713544	-0.14148701	-0.27664644	-0.06548232	-0.13805920	0.10022413	-0.03996377	0.17191177	-0.00232363	0.29424110	-0.03796164	0.06313699	0.08094463	0.10574788	-0.00883935	0.11117996	0.18424634	0.30127134	-0.02586669	-0.11919330	0.00592833	0.13715755	-0.00003584	-0.25186037	-0.05485429	-0.16196948	-0.08165461	0.22504293	-0.01722764	0.09487126	-0.17345493	0.01828516	-0.04404879	0.03021454	0.27545253	0.19335098	0.20821139	0.37303902	0.18872890	0.08439784	-0.01680129	0.18043705	0.06754211	0.25827114	0.08149884	0.10595000	0.04037990	0.14646816	0.20794313	0.13969845	0.27032172	0.08327858	0.05639553	0.27292459	0.07929216	-0.18185359	-0.12754783	-0.00798043	0.20147353	0.08549744	0.26215594	0.25187531	0.38896594	0.33403347	0.37716196	0.02335609	0.05102469	0.13433651	0.19439931	0.25599651	0.24071376	0.08656272	0.11464778	0.22277284	0.08063353	0.13622162	0.26869050	0.04970680	0.06705601	-0.06339823	0.10710953	0.06153896	-0.07209640	0.11780745	0.09757008	-0.04822453	0.18788045	0.05735415	0.18720568	0.04387255	0.05760268	-0.36127361	-0.03349332	-0.04437158	0.31838282	0.51659698	0.09813375	0.16708857	0.02016400	0.14992836	-0.18807931	0.02871527	0.00599997	0.08029708	-0.03744130	0.03964687	0.02807006	-0.00347019	0.17799533	-0.00361551	-0.16093129	-0.14027976	0.00156121	-0.18824886	0.16689568	-0.05177845	0.08139919	0.15274561	-0.23930705	-0.16120527	0.00796709	-0.16682288	-0.03757538	-0.07400214	0.00020460	0.14396034	-0.10594886	0.02430249	-0.08598208	-0.22940217	0.00005798	0.02829342	0.04476342	0.04277001	-0.13333691	-0.13033083	-0.05333052	-0.03001735	-0.03815670	-0.01987868	-0.06544494	0.13611060	0.08991583	0.14725392	0.06645132	0.03008141	-0.02285610	0.22678496	0.08450997	-0.03535831	0.14781491	0.15227991	0.11741106	0.15968493	0.12814226	0.03341517	0.03496436	-0.16972732	0.25585573	0.16960665	0.00245458	-0.03393640	0.24201468	0.07181891	-0.00409423	0.24709954	0.28055043	0.36927252	0.38862471	0.33016480	0.24086760	0.26321032	0.30477076	0.28615867
17Networks_RH_DorsAttnA_SPL_1	0.23338209	0.22692863	0.11961817	0.22183444	0.16293750	0.21704614	0.33616270	0.38659717	0.47837648	0.23684333	0.40620164	0.42778766	0.00086918	-0.07019267	0.26297307	-0.08867297	-0.04473064	0.25240478	0.20718732	0.20231490	0.14472232	0.26160571	0.46202987	0.13748776	0.26631031	0.19033258	0.28158775	0.20002859	0.41045104	0.15813324	0.29046047	0.21221181	0.34761167	0.42955564	0.30303785	0.29532172	0.19026711	0.19636913	0.42766816	0.34417429	0.28380148	0.18838819	0.26572152	-0.10677029	0.03590747	0.14664369	-0.03657978	-0.01020283	-0.06553161	-0.06749356	-0.05812890	0.06793529	0.12462750	0.19740894	0.04187944	-0.03932161	0.02905657	0.09033770	0.11565248	0.11090748	0.11811016	0.19052582	0.33735617	0.08170448	0.25147515	0.29677564	0.31814627	0.27793760	0.38197010	0.48447791	0.50496929	0.47189479	0.08266977	0.27033208	0.34436182	0.30876918	0.35288163	0.36776801	0.31862250	0.33901631	0.14261721	0.32198422	0.24924511	0.19720385	0.27003958	0.11199466	0.10783900	0.09651385	-0.07028818	-0.09606330	0.15464446	0.06220883	0.10669681	0.19123876	0.21578072	0.18021746	0.32990098	0.25802853	0.20471375	0.15516892	0.18900044	0.26773975	0.12083871	0.01493780	0.07373589	-0.04032909	-0.04367134	0.03786888	0.02589822	-0.08972640	-0.01990261	0.03339283	0.21849707	0.02996798	-0.00897286	0.02807528	0.12898989	0.03492848	-0.01843218	0.02406169	0.19003116	0.13223247	0.20764668	0.22868943	0.35441228	0.35530092	0.19146566	0.11525380	0.09944845	0.24213681	0.08174789	0.11485499	0.14796446	0.08092898	0.04867902	0.06660123	0.14448283	0.20339531	0.06615621	0.07453550	-0.01064145	0.06250023	0.08638952	0.01076917	0.25591051	0.16755709	0.03148270	0.12352352	0.10801984	0.04944683	-0.00859387	0.16299961	0.01762103	0.01372506	-0.07079736	0.12135998	0.19774830	0.17058985	0.07910062	0.16267035	0.05691964	-0.04003591	0.07538566	-0.01615726	0.02828683	-0.04169720	-0.00017245	0.05061641	0.07709484	-0.00113072	0.17758728	0.02728797	0.04903884	0.05179770	0.12475654	0.17859884	0.21643178	-0.00167148	0.03035610	0.16713454	0.02175150	0.15555204	0.05427498	0.01921615	0.12929056	0.13647675	0.11478564	0.06918542	-0.03524099	-0.15283026	-0.13011856	0.06701344	-0.03565964	-0.06207958	-0.00705936	0.04943507	0.20727292	0.18162361	0.08028628	0.20720782	0.26974954	0.14368795	0.38691411	0.06973183	0.12300662	0.25651504	0.22179735	0.45099807	0.44871630	0.29981610	0.36147442	0.35101156	0.07609123	-0.05398216	0.09393284	0.08344930	-0.17057434	0.12997444	0.11149870	0.12682605	0.23532034	0.16847457	0.23284532	0.14606561	0.16276944	0.32644048	0.01613718	0.24966513	0.26973334	0.22180445	0.26059984	0.41423683	0.24443783	0.35151697	0.41482127	0.39099957	0.21193227	0.21424372	0.35824664	0.02822596	0.34165137	0.21251523	0.34766122	-0.11600882	-0.00105388	-0.05548803	-0.03285552	-0.07043289	0.08258086	-0.10622898	-0.06020237	0.02088008	0.10854716	-0.01126172	0.09778426	0.01682957	0.02130310	0.06168498	0.31250436	0.26977308	0.26610347	0.38096520	0.17961790	0.46533190	0.97553241	0.43924125	0.25425906	0.49506455	0.44666309	0.49183376	0.32595709	0.28475315	0.26251361	0.11743514	0.26058283	0.49711285	0.10988110	0.39977421	0.31315541	0.22748299	0.29127718	0.40345027	0.33582219	0.22308197	0.11346602	0.17600558	0.17805271	0.32429985	-0.04379864	-0.05933926	0.00846901	0.05373968	-0.03801478	0.07721008	0.15586416	0.30609341	0.23420772	0.19713680	0.10516244	0.31342268	0.00166058	0.32660235	0.10207949	0.22362633	0.07033596	0.11927491	0.22247836	0.21060570	0.02025868	0.14397980	0.01778952	0.20981360	-0.03257145	-0.13071959	-0.01845443	-0.10393010	-0.05680301	0.13510942	-0.02926395	0.05926831	-0.08860737	-0.00674005	0.08877138	0.01922491	0.41264679	0.31270741	0.29829865	0.45084231	-0.08029418	0.01927207	0.14725009	0.07768525	0.22061393	0.21896993	0.16981895	0.11634795	0.07116458	0.22377297	0.16842972	0.23400274	0.27996785	0.05319083	0.04216352	0.18977496	0.08368223	-0.05484832	-0.11944716	0.07351588	0.11101825	0.14471242	0.06624856	0.20032612	-0.01496637	0.26833560	0.29178507	-0.03715391	0.04339759	0.05007486	0.08921337	0.18872331	0.03393634	-0.12059908	-0.01522019	-0.08928287	0.14773690	0.23954744	0.04004633	-0.05862809	0.03493945	-0.06130083	0.01339181	0.05570307	0.01682343	0.14057766	0.19241629	-0.05463887	0.17788670	0.14209542	0.13971246	0.09760655	0.17295812	-0.13384063	0.11483789	0.12470509	0.08905719	0.18830439	0.00146232	-0.10508616	0.06155403	0.09695627	-0.12170675	0.01288445	-0.10534975	0.10629584	0.07788340	0.16966452	0.22425324	0.23472453	0.12047548	0.23122076	-0.06371801	-0.07259120	0.06559820	-0.04090017	0.19881400	0.02496536	0.12973618	0.13105192	-0.13644309	-0.18066470	-0.03428674	-0.20112721	0.23693590	0.05641678	0.01766102	0.20556542	-0.05081462	0.09309706	-0.01111619	-0.00210503	0.08988259	0.04867789	0.11475655	0.05656835	-0.12474341	-0.19127115	0.00268129	0.01073960	0.18544214	0.05052925	0.00001207	0.09642705	0.14108681	0.15959374	0.10769062	0.02968275	0.09263851	0.29263581	0.11155783	-0.02585938	0.13381155	0.07269305	0.16550139	0.13549466	0.12442888	0.08901981	0.02524147	-0.01638986	0.21876256	0.17078817	0.13446992	0.08841309	0.27136125	0.22536725	0.16200907	0.23279490	0.13704433	0.25932363	0.23215548	0.20943455	0.15057226	0.20998836	0.15586955	0.16316960
17Networks_RH_DorsAttnA_SPL_2	0.08086967	0.04018940	-0.01762885	0.07402035	0.06587916	-0.01993782	0.17062594	0.15518348	0.19550961	0.17843684	0.20609095	0.23408316	-0.11235658	-0.04860520	0.14270980	-0.10022172	-0.00817299	0.21522982	0.16356328	0.14495164	0.11437508	0.19604836	0.18576117	0.10731116	0.13885161	0.07987833	0.10755923	0.15201558	0.23892646	0.04337571	0.11372085	0.05037341	0.17897517	0.19871544	0.13861321	0.15219688	0.19961783	0.03699576	0.23078532	0.11845138	0.13333382	0.12431571	0.05754403	-0.05111255	-0.02810874	0.02289095	0.01979652	0.00573959	0.03803480	0.00689443	-0.07972374	-0.04822742	0.04690088	0.06589307	0.03291221	-0.05811502	-0.00589810	0.06397650	0.05050389	0.06812738	-0.00874703	0.04665674	0.08154844	0.00433172	0.05921111	0.18634984	0.31600480	0.24727344	0.41071750	0.42401026	0.33251344	0.26721369	0.00554313	0.09146477	0.12520055	0.17555869	0.26122054	0.26764238	0.26495184	0.27850031	-0.01903003	0.13245898	0.19670126	0.06477727	0.04916508	0.00011508	0.03658557	0.03149114	-0.00133940	-0.09822848	0.12577888	0.06280664	0.02428372	0.06682097	0.15142307	0.11977979	0.13300231	0.07737375	-0.00140657	-0.02620713	0.15970174	0.17138772	0.00013891	0.07917037	-0.00554432	0.00049957	-0.07076575	-0.02205854	0.03320843	-0.11811619	-0.17883240	-0.01528311	0.04416881	0.05599407	-0.06974709	0.03054457	0.02152349	0.01054967	-0.05543958	0.01655019	0.20961581	0.25747888	0.14228454	0.27831353	0.31970944	0.41843745	0.05719782	0.02160370	0.22019353	0.08439835	0.01448291	-0.00026840	0.06445027	0.07130015	0.04101364	-0.03981047	0.08719498	0.32669020	0.02908516	-0.03586440	-0.11713139	0.08024986	-0.15195210	0.17951343	0.31705703	0.16803422	0.11122178	0.20176889	-0.01437594	-0.07037647	-0.15027945	0.05972233	-0.05618186	-0.08631294	-0.15820014	0.10788473	0.13760598	-0.04631377	0.07815450	0.08815767	-0.15864013	-0.20618012	-0.13420033	-0.20390372	-0.04549975	-0.10923640	-0.12192674	0.00920301	-0.07956010	-0.11204867	0.14933955	0.04016954	-0.08309764	-0.02703036	-0.16521376	0.00954709	0.08865287	-0.02595672	0.06220754	-0.05282102	0.02245031	0.03434039	-0.11194615	-0.16234397	-0.14935836	-0.13152633	0.00813015	-0.06182354	-0.13330996	-0.24162918	-0.23119125	-0.10999079	-0.07184522	-0.08055305	0.01537995	-0.03880203	0.13326605	0.13705814	0.21331919	0.08239025	0.06373076	0.04255124	0.16761553	-0.01282827	0.03621581	0.03971357	0.06418714	0.20526059	0.25306274	0.13257290	0.17131046	0.17603480	-0.05831097	-0.04755385	-0.00338294	0.08574208	-0.04884143	0.09887238	0.19181058	0.14236962	0.11223275	0.22055706	0.10229516	0.06539628	0.00997965	0.09007140	0.03087346	0.12242673	0.13253995	0.10391238	0.17580115	0.34136217	0.12468043	0.15554313	0.25191322	0.07625205	0.19289631	0.04135412	0.09175057	0.01488907	0.15750551	0.08736167	0.16290168	-0.11123947	-0.03452425	-0.09318820	0.05227233	-0.07048481	-0.01894981	-0.06866466	-0.13050593	0.01978127	0.00164445	0.00168416	0.01494156	-0.11587829	-0.03506768	-0.03655167	0.03118157	0.07775881	0.14413561	0.24499994	0.25757747	0.28196824	0.43924125	1.00487651	0.20980241	0.51916816	0.28414772	0.50126136	0.16779469	0.20344553	0.30292334	0.01878035	0.09524673	0.39393177	0.11685380	0.30828634	0.22719121	0.13042358	0.07073786	0.28852248	0.29681734	0.06095077	-0.00180320	0.06329395	-0.00667125	0.11998587	-0.00024981	0.03347424	-0.01778269	0.07189443	-0.02007445	0.01802319	0.14817872	0.07913108	0.05515668	0.24258041	-0.06528041	0.23812420	0.01144608	0.12606284	0.05203277	0.25143766	0.10012241	0.28783295	0.05018569	0.14459850	0.22852944	0.28975002	0.06349968	0.22370003	-0.11159177	-0.13972934	-0.13166490	-0.09339514	-0.09226117	-0.08144003	-0.01210887	0.05499442	-0.14739605	-0.01706104	0.08136345	0.02648035	0.49419880	0.19047949	0.53207534	0.50152643	-0.02802049	-0.06471209	-0.00958860	0.04698529	0.18481224	0.16627182	0.15526605	0.10549709	0.04281637	0.41525927	0.32439638	0.24072687	0.55744540	0.12505381	-0.08695929	0.05780511	0.13880023	-0.15027134	-0.07952847	0.08463776	-0.02479347	-0.04603671	0.21848536	0.34640613	-0.03646410	0.15060688	0.47353987	0.01314149	0.22011727	-0.05438279	0.04004147	0.22467860	-0.07043141	-0.09085310	-0.11010929	-0.09218776	0.25160687	0.11978713	-0.01819734	-0.21083412	-0.03325995	-0.13327191	-0.19600928	0.04362417	-0.01656239	0.04397594	0.15193117	-0.16074647	-0.05040380	-0.00687153	-0.09085839	0.12183412	-0.07139115	-0.10602188	0.04512728	0.08335268	-0.13024859	0.10739363	-0.11632916	-0.12978611	0.02790469	0.08633640	-0.11622720	-0.08090131	-0.06206008	0.00853653	0.03708934	0.32707664	0.18489970	0.16588126	0.09762165	0.24907768	-0.08609874	-0.07267868	0.10341864	-0.01668211	0.06714327	0.07528100	0.06657791	0.14140890	0.03580922	0.10852698	-0.06155222	-0.11769396	0.14478648	0.09456310	-0.01075701	0.08046006	-0.03842321	0.09036166	0.02709540	-0.01466669	0.05098008	-0.00801237	0.12191217	0.08911119	0.01640945	0.07605499	0.07321854	0.03680159	0.10206670	0.07489372	0.00078986	0.06410710	0.05139826	0.06623580	-0.02589190	0.06789220	0.04864741	0.18165112	0.04494418	-0.10062822	-0.00572545	0.00905675	0.10555511	0.06952063	0.04180643	-0.01647993	0.04662981	-0.06473746	0.14642123	0.08398078	0.02549007	0.05002711	0.18559734	0.03158529	0.08032224	0.09451152	0.10670167	0.15603010	0.09733002	0.07832287	0.02894640	0.01795177	0.02960676	0.03336627
17Networks_RH_DorsAttnA_SPL_3	0.11486985	0.13502911	0.04932502	0.12503841	0.22446046	0.24577722	0.25722884	0.29326455	0.29762577	0.17582180	0.18066812	0.12180209	0.16864453	0.20347843	0.14225706	0.06582036	0.19015646	0.23323427	0.18437809	0.23196971	0.11609974	0.16811560	0.19139443	0.20968224	0.23487048	0.19494690	0.21957600	0.12844454	0.33109841	0.24843699	0.11938277	0.16214438	0.26879284	0.24671619	0.19518458	0.21198480	0.08939034	0.01065578	0.10425219	0.32854073	0.31604269	0.14757729	0.12969140	0.00439810	0.11813006	0.10451127	0.25709045	0.22137944	-0.08610702	0.22533495	0.24159833	0.30637531	0.21326984	0.12767454	0.11901412	0.03994922	0.11770039	0.11028981	0.22289637	0.08707565	0.27822868	0.05191222	0.16169868	0.11499203	0.18126682	0.08557630	0.13559501	0.17309754	0.33188227	0.21383208	0.36604450	0.27234770	0.12521278	0.19644959	0.13843017	0.19224378	0.19411783	0.30264022	0.31957300	0.25006985	-0.01601676	0.27202790	0.22931560	0.24720845	0.22142812	0.25899293	0.27516491	0.19312098	0.26462938	0.16101719	0.20842115	0.22086360	0.23964572	0.10901096	0.21873904	0.27513608	0.26352389	0.20576152	0.23142992	0.08148525	0.18837396	0.16447594	-0.00291603	0.20159701	0.20067614	0.02887361	0.00627779	0.03255575	0.03752237	0.11159277	-0.00689899	0.07298989	0.06325355	-0.12178743	-0.05273888	0.00250756	-0.07368773	0.14101744	0.06259109	0.05069375	0.08634941	0.10484049	0.22857740	0.23563549	0.13305847	0.19039315	0.14924251	0.02080184	0.04924853	0.03669178	0.10843439	0.02182859	0.15271993	0.06359626	0.01614046	0.10081475	0.15506645	0.12346683	0.04278219	0.07873490	0.00915435	0.10165534	0.11748329	0.24539588	0.44639873	0.34768948	0.10949651	0.21598331	0.04291771	0.00667987	0.01080601	0.02593588	-0.04666752	-0.05377442	-0.02485998	-0.00332306	0.06159154	0.10955231	0.16591442	0.17148327	-0.04967508	0.01516629	0.10258700	0.03957393	0.04671865	0.09473750	0.04783297	-0.02294061	-0.00747602	-0.05596361	0.04270806	0.17768129	0.09514235	0.17878028	0.03622518	0.01044213	0.12876540	-0.03600279	-0.01937333	0.11938882	0.03475832	0.14330633	0.15268807	0.03829997	0.12021730	0.09290989	0.10467949	0.02825578	0.06595910	-0.01020520	0.11186913	0.15669678	0.22311922	0.16374275	0.20251694	0.17917537	0.13408475	0.16235616	0.07521533	0.18676903	0.08893846	0.05856314	0.13211724	-0.01439316	0.11129310	0.08505502	0.17689685	0.23379322	0.29671058	0.22531179	0.15085611	0.13816346	0.10075398	0.05624111	0.07779455	0.17184258	0.04859188	-0.00101460	0.11961438	0.14536479	0.11313366	0.14991013	0.14044530	0.11726078	0.17171915	0.24624400	0.07985579	0.26612493	0.20409648	0.08104525	0.18684368	0.31381158	0.16374181	0.14790479	0.30585913	0.09797367	0.05775000	0.21143237	0.19461638	0.11772779	0.07497823	0.14450133	0.19093953	0.10908072	0.15473390	0.09771790	0.14464068	0.08714509	0.11257850	0.08090755	0.13316066	0.20030412	0.20035794	0.11928500	0.15192940	0.00150023	0.09823383	0.08606086	0.35536877	0.03151029	0.03495603	0.23325763	0.06034653	0.19718622	0.25425906	0.20980241	0.81300644	0.26303007	0.42432282	0.35547243	0.25858494	0.30268198	0.09566580	0.12644954	0.18273297	0.25954858	0.13337930	0.24935049	0.27694014	0.22252878	0.12810935	0.24264653	0.32339112	0.25613008	0.26035492	0.12215807	0.25841434	0.17998524	0.10953251	0.17561466	0.21286671	0.26731121	0.13560384	0.29776633	0.14564058	0.25368221	0.18042994	0.18389198	0.14266131	0.36445891	0.21161792	0.19449066	0.19427864	0.24155281	0.11526757	0.04992695	0.11651573	0.14663134	0.12842454	0.26860068	0.05513228	0.18867713	0.05193866	0.04050808	0.02006936	-0.03623500	0.08514533	-0.02482705	-0.01301944	-0.05524929	0.15621200	-0.01724065	0.12580744	0.07861307	0.18137331	0.18734674	0.20291593	0.24298032	-0.01211507	0.07061691	-0.01815509	0.17316570	0.14454749	0.10802135	-0.01687315	-0.00872198	0.05115526	0.16925587	0.17658795	0.23008733	0.27571642	0.05157637	0.05421878	0.07420281	-0.05858534	0.02277029	-0.03024084	0.11703331	0.10529967	0.14448079	0.30123647	0.37921746	0.03735185	0.15165988	0.47188204	0.17703957	0.19501727	-0.04030199	0.09709181	0.03696852	-0.03820522	-0.08635979	-0.09221525	0.03681539	0.08111490	0.09397993	-0.03258091	-0.11433671	-0.09764769	-0.05534114	0.00462089	0.08030328	-0.01431732	0.10473012	0.01494359	0.04659617	0.18219696	-0.00055991	0.07087344	-0.03892300	0.06903262	0.06940785	0.18240403	0.17353170	-0.03042113	0.10843663	0.13438617	0.03729879	0.01856460	0.22266008	0.04704211	0.02975459	0.01771833	0.20928779	0.08644065	0.13097568	0.21711550	0.23981749	0.16873926	0.26285126	0.04888670	0.07148502	0.11979940	0.03053827	0.17772094	0.03217124	0.09223512	0.13779319	0.01294649	-0.01053368	0.13073843	-0.10656105	0.19581281	0.10320681	-0.00202873	0.12890545	0.02012977	0.14239948	0.06228592	0.04043357	0.08457217	0.12948162	0.08333799	0.01590446	0.02174456	-0.02937449	0.03412547	0.04105915	0.11447920	-0.00855367	-0.02218228	0.04625525	0.21460600	0.15122732	0.16877113	0.17268745	0.09019860	0.27408415	0.21722706	0.11262819	0.22340579	0.07349565	0.16946543	0.15442811	0.17679609	0.12357981	0.13390465	-0.01614705	0.23060277	0.22124792	0.20239529	0.13353533	0.21318935	0.29210407	0.21087926	0.27142657	0.18263834	0.17114113	0.14178243	0.09410086	0.16219861	0.19360505	0.14848192	0.08002274
17Networks_RH_DorsAttnA_SPL_4	0.06418023	0.16908609	-0.06296533	0.13291349	0.08250220	0.17441884	0.24389075	0.42539165	0.39769948	0.21981858	0.36051462	0.39627186	-0.04439696	-0.09938829	0.09370293	-0.07306145	0.00485735	0.14890068	0.20437797	0.18265034	0.02483382	0.26773797	0.37506311	-0.07573465	0.31941265	0.29247447	0.34342353	0.32676319	0.40848365	0.22801280	0.30443578	0.28232080	0.40715652	0.40031813	0.29789751	0.29701895	0.34845401	0.11490032	0.23741789	0.33243134	0.35395333	0.18820579	0.27715904	0.00341342	0.06323050	0.07404210	0.21969243	0.07844716	0.12906230	0.02265929	0.11230582	0.15655840	0.10476987	0.07500249	0.17689874	0.04129770	0.07906396	0.25224117	0.11044392	0.14071789	0.08189537	0.12714539	0.22785185	0.08722260	0.12230238	0.16588816	0.34711701	0.36304265	0.40135378	0.36796928	0.43647201	0.37548511	0.04410336	0.23504326	0.17947446	0.22079954	0.33249961	0.33752054	0.21233240	0.29556064	0.10497463	0.08842835	0.17832082	0.07603648	0.12008433	-0.00592977	-0.07445730	0.05233797	0.00484421	-0.09060979	0.17344640	0.27238831	0.15990938	0.09109238	0.12362523	0.18714208	0.21780674	0.11351403	0.00446983	0.06720743	0.17826249	0.22261488	0.02673611	0.10613877	-0.00209996	-0.09368513	-0.07431613	-0.15723738	0.05083941	-0.15607064	-0.20242651	-0.03267614	0.04178969	0.09265163	0.01665806	0.05775902	0.14038234	0.08332769	-0.10193278	-0.12308476	0.25330172	0.06195116	0.12539816	0.20658137	0.35195765	0.30743267	0.02203083	0.00339196	0.27964478	0.22346470	-0.14247809	-0.08447775	0.09964735	0.00726976	0.03451136	-0.13017093	0.01441961	0.30776973	-0.05688619	-0.14457727	-0.14839508	-0.05640474	-0.09468495	0.06583274	0.25910745	0.14855557	0.13844015	0.20187498	-0.15445998	-0.13658333	-0.14648017	-0.02322196	-0.17318009	-0.01057787	-0.19949204	0.03097885	0.02216877	-0.04276724	-0.12849010	-0.07092411	-0.14768072	-0.14028155	-0.10174782	-0.14825993	-0.19568154	-0.14162372	-0.10418647	-0.00108463	-0.06082945	-0.05462685	0.03264298	-0.03212140	-0.00713489	-0.18105576	-0.08003126	0.01900676	0.04600924	-0.01565744	-0.08800141	-0.06006325	-0.01987297	-0.09066024	-0.09396293	-0.10829801	-0.13337141	-0.17242982	-0.11540810	-0.13910536	-0.11807920	-0.18181770	-0.22677415	-0.10216952	-0.03985328	-0.16711834	-0.01153773	0.06854226	0.14333438	0.15531829	0.23504264	0.16473031	0.17403321	0.04549984	0.27886439	-0.00929764	-0.06954732	0.13421901	0.13417242	0.43449037	0.39469020	0.33221569	0.37154438	0.36120938	0.11493411	-0.04979041	0.00703363	0.08971659	0.01215558	0.18323895	0.18656259	0.15383781	0.12511667	0.04060294	0.13685754	0.16875099	0.24867953	0.40057380	0.15089247	0.30614592	0.31469569	0.21047540	0.34499882	0.33848583	0.30340226	0.33909971	0.35173429	0.30299776	0.25990087	0.27834587	0.28393456	0.05488655	0.29589387	0.16393265	0.22002797	-0.11672874	0.01973791	0.01909517	0.12566015	-0.06332960	0.09278327	0.06495195	-0.06841263	0.07131028	0.21050762	-0.06416562	0.04307426	0.03643687	0.08016415	0.16927073	0.15299193	0.17780472	0.24575415	0.29749055	0.22481314	0.28910340	0.49506455	0.51916816	0.26303007	1.15417408	0.43253781	0.50110465	0.42680375	0.21861693	0.26245784	0.11369609	0.15810277	0.40829703	0.14565681	0.36943588	0.27759145	0.21637971	0.24145700	0.30544821	0.28749781	0.15274634	0.11541949	0.15461102	0.10189868	0.17691006	0.09737932	0.04344784	0.00446478	0.16314235	0.14916972	0.28027182	0.16851573	0.15523609	0.15606048	0.13076153	0.11490210	0.31376171	0.19785565	0.25087061	0.05510458	0.19287800	0.15418587	0.17184421	0.08482590	0.15331367	0.11858022	0.28644781	0.07811076	0.25198221	-0.03512915	-0.10460979	-0.14688343	-0.09927580	-0.10435222	-0.09395654	0.05966160	0.14587081	0.06209638	0.08869878	0.13339213	0.03545596	0.54509949	0.23720428	0.44510314	0.32854583	-0.06737940	-0.11680166	0.18218423	0.03285975	0.26693120	0.18040029	0.23024271	0.12133946	-0.02227227	0.35279106	0.18996484	0.27142805	0.48888567	0.09091808	0.01322179	0.08228978	0.09561033	-0.11809636	-0.16234326	0.09418952	-0.02980118	0.03548009	0.05631271	0.26016788	-0.14834997	0.14364350	0.38450309	0.04805541	0.21769003	0.05133635	-0.00736821	0.10816784	0.00689479	-0.08644577	-0.03371538	-0.17494686	0.21512943	0.17462859	-0.07793127	-0.22711642	-0.04232970	-0.15602143	-0.14373285	-0.03278112	0.11293109	0.04403016	0.13625540	-0.06293708	0.07620538	0.06385888	-0.02161817	0.11827973	0.05451926	-0.07692047	0.02313323	0.10974113	-0.08115351	0.05210139	-0.12469520	-0.11737440	0.02637998	0.13826255	-0.15374469	0.01850106	-0.11479610	0.06854165	0.08242132	0.36514190	0.30820649	0.27180594	0.08944515	0.27587650	-0.03172843	-0.09855623	0.10984369	-0.08103902	0.11339462	-0.01234875	0.17508079	0.23316180	0.01654417	-0.13209951	0.00936644	-0.14381608	0.18757289	0.19411643	0.00220346	0.01212768	-0.05215233	0.10870208	0.06743096	-0.03140677	0.06405344	0.10394088	0.18405283	0.12808757	0.04989291	-0.05471508	0.13735168	0.05145306	0.18107716	0.15199001	-0.09805898	0.00245963	0.15267516	0.18875467	0.05089133	0.04244799	0.16401369	0.28887127	0.19541822	0.04439831	0.06019144	0.08714574	0.18880734	0.16404597	0.11652433	0.11325215	-0.06162134	0.05903960	0.12175908	0.26876147	0.24956986	0.13954576	0.24009286	0.30921957	0.15081358	0.15051911	0.06040807	0.25762169	0.16724319	0.06600236	0.11009400	0.17375753	0.15249520	0.23411954
17Networks_RH_DorsAttnA_SPL_5	0.10561894	0.16282209	-0.00601357	0.11807970	0.15246483	0.18684827	0.22257019	0.32212538	0.33007657	0.16890937	0.32524655	0.31647398	0.08047606	0.05038104	0.13463021	-0.00553972	0.04466996	0.23463250	0.16179630	0.24101308	0.13345560	0.18745851	0.34446066	0.14189408	0.23898822	0.26138845	0.34606021	0.26695933	0.37529791	0.26154858	0.18982179	0.22417957	0.36626215	0.37044837	0.34163174	0.33156512	0.23094164	0.05200012	0.16931330	0.37173277	0.37870884	0.25623059	0.20628133	0.02560875	-0.00054435	0.00062879	0.16689877	0.07247479	-0.07517246	0.08993875	0.11882171	0.25127945	0.11315677	0.13524846	0.21548690	0.12625281	0.15438873	0.20271911	0.24962737	0.05772914	0.23942624	-0.02473393	0.20626900	0.07678370	0.21328722	0.17008967	0.22521135	0.23785144	0.35436168	0.33329437	0.52300851	0.45912335	0.09690055	0.31388853	0.20365142	0.21685055	0.28586236	0.43948898	0.43359463	0.43249558	0.06862476	0.27864222	0.20112437	0.19388063	0.23931693	0.10278973	0.15387310	0.09457794	0.13159107	-0.03058559	0.18958991	0.22659407	0.20435628	0.12092682	0.20515688	0.18425859	0.28981456	0.11995886	0.19130171	0.16483867	0.19194879	0.20029661	-0.00397183	0.11344590	0.14641044	-0.08587894	-0.07001671	-0.06039059	-0.03927962	-0.02191832	-0.03330609	0.05140445	0.05658366	0.00567391	-0.00491149	0.02833053	0.01134127	0.14066740	0.04055624	0.03815252	0.15301703	0.09546863	0.13024703	0.21260272	0.14315229	0.23701284	0.11975413	0.01056338	0.11694364	0.10662807	0.03894442	-0.04455954	0.08608129	-0.08117547	-0.05319839	0.04679016	0.06352308	0.10327736	0.00967209	0.01334448	-0.04184237	0.03513264	0.08930166	0.16790179	0.43799902	0.31890799	0.05622264	0.16025997	-0.01089844	-0.01352484	-0.04322147	-0.02081454	-0.04957702	-0.03638985	-0.02657340	0.01783384	0.02353457	-0.04251976	0.08536713	0.13059470	-0.04923297	-0.06521559	0.05756595	-0.01874753	-0.06176702	0.02326695	0.00637577	0.00441470	-0.01874108	-0.03550222	0.01375612	0.11096531	0.01446133	0.07096144	0.01828884	0.01186222	0.07918463	-0.06159953	-0.06771132	0.14672135	-0.00471160	0.08303999	0.03518102	-0.01108260	0.07077505	0.04518677	0.06082384	-0.02812131	-0.06225056	-0.10007788	0.03914743	0.12530379	0.18892992	0.12129239	0.11581046	0.11991138	0.12758342	0.09335247	0.05209778	0.07954317	0.12196199	0.01708448	0.19674231	-0.06582218	0.06183658	0.07514210	0.10789406	0.35621114	0.30938216	0.24973205	0.27206228	0.30538400	0.10180172	0.08661441	0.00154237	0.01184801	-0.01894866	0.06110673	0.08176743	0.12942638	0.15775715	0.11853915	0.23337729	0.25044074	0.24803527	0.35715392	0.15612211	0.29411693	0.34061220	0.25828734	0.30656327	0.47626944	0.32024774	0.28582696	0.43784200	0.33602928	0.28010431	0.27436557	0.31096519	0.16809144	0.19406472	0.24515036	0.21047170	-0.02880219	0.04564542	-0.00283516	0.15467329	-0.04041771	0.01093334	0.02266366	-0.01733092	0.15455288	0.21492013	0.07071405	0.09229890	0.10629030	0.15233781	0.22847594	0.37522253	0.04885770	0.08700351	0.30427107	0.05002627	0.33228841	0.44666309	0.28414772	0.42432282	0.43253781	0.89082891	0.44875530	0.42028797	0.43979145	0.12729935	0.22874594	0.29707527	0.43029781	0.18464524	0.42563135	0.37724631	0.38030711	0.27560728	0.26647790	0.34848843	0.25298908	0.19975786	0.19368617	0.28240769	0.23496435	-0.00751317	0.01499595	0.08071461	0.20704764	0.10487076	0.20675618	0.10892409	0.21664444	0.21696945	0.18290354	0.16181948	0.34271825	0.19257932	0.18436795	0.12513189	0.21668854	0.08478816	0.08040382	0.14274444	0.21301702	0.03511620	0.22204412	0.06276026	0.19076115	0.05739041	0.00117903	0.02255363	-0.04341352	0.08857305	0.00462833	0.02069094	0.06810886	0.16224043	0.04180599	0.15337432	0.05485725	0.29556568	0.28017750	0.23400860	0.33267866	0.07477017	0.01237062	0.09516149	0.18688237	0.22363445	0.18630643	0.08626028	-0.01400285	0.00144538	0.19297635	0.15578349	0.19102832	0.25726855	0.06130405	0.09026624	0.12896508	0.01236874	-0.00845963	-0.01451958	0.08672425	0.12255005	0.15427789	0.27240067	0.31808172	0.06491449	0.21162682	0.45528781	0.14381845	0.14965128	0.03552376	0.06207490	0.07193445	0.05906581	-0.02851009	-0.02336805	0.05378468	0.05703971	0.01525571	-0.00340520	-0.09893594	-0.03610031	-0.03825618	-0.00555730	0.05050481	-0.00071206	0.09064187	0.05817014	0.10821862	0.16851535	0.03751004	0.06602630	-0.01200298	0.08654655	-0.04530976	0.09677707	0.10851809	0.02292366	0.17937274	0.03544530	0.02084310	0.03048149	0.20571357	0.01481673	0.08751839	0.01858818	0.15777780	0.09351564	0.11249974	0.19739993	0.22988187	0.10414246	0.22053952	0.04481301	0.01993964	0.08069423	-0.02789164	0.06987184	0.00551043	0.12802882	0.13821680	-0.04486677	-0.05881557	0.17451587	-0.14106051	0.18734478	0.10045936	0.07019938	0.17560822	0.02403828	0.09542199	0.07511663	0.00554337	-0.00581753	0.13026929	0.12656390	0.04807852	-0.01887536	0.00793118	-0.00930770	-0.00054355	0.14499743	0.06065141	-0.00710239	0.10699596	0.18093776	0.14679019	0.19995069	0.03793337	0.07588015	0.29221716	0.13570725	-0.00201045	0.16666267	0.09922267	0.15537963	0.13872647	0.12916237	0.11220620	0.02408923	-0.02600293	0.19358903	0.27388348	0.17745097	0.07204821	0.16745598	0.33156765	0.17577230	0.17174780	0.14378320	0.27134747	0.15770786	0.10532833	0.16904448	0.16719480	0.11980608	0.13627585
17Networks_RH_DorsAttnA_SPL_6	0.16601435	-0.00941390	-0.02767475	0.12359439	-0.01340610	0.14111364	0.18663032	0.34992832	0.29599447	0.17037406	0.23391941	0.12369735	-0.06798686	-0.01037105	0.09493917	0.01388345	-0.05818462	0.20347317	0.08344206	0.14846657	-0.02538089	0.16595061	0.26524513	0.10218349	0.31741566	0.20352231	0.32598876	0.18677533	0.36858042	0.26695168	0.32100373	0.35728390	0.31939622	0.39689882	0.25122221	0.48775880	0.29108855	0.06584610	0.30396955	0.45668330	0.34997987	0.23128763	0.26190502	-0.00696165	0.06566926	0.02974824	0.21845639	0.20578342	-0.04456812	-0.08178846	0.14781860	0.28853473	0.17594618	0.30753885	0.20231378	0.01740428	0.16525148	0.03342159	0.23538371	0.08658231	0.07132591	0.09498734	0.18583342	0.02676756	0.16109474	0.18793070	0.14566243	0.19774132	0.62874160	0.52882110	0.46164036	0.40984820	0.06841402	0.27949500	0.25246255	0.21445889	0.37040378	0.41805823	0.40463964	0.42327252	0.01276511	0.27083859	0.32246011	0.29264045	0.31476342	0.16800257	0.22160477	0.30882167	0.15017902	0.10934188	0.34684296	0.33116664	0.30960968	0.30829522	0.19869821	0.33163022	0.27280857	0.32264329	0.31769562	0.16735359	0.31727613	0.36544846	0.04618854	0.09590287	0.31464218	0.11730866	-0.12368778	0.06537760	0.03573921	-0.11462052	-0.09321395	0.06056363	0.18146664	0.06526695	-0.02376059	0.05824190	-0.02564632	-0.03325307	-0.02048469	0.00741533	0.11296730	0.07047488	0.38838287	0.25170810	0.39753985	0.42778118	0.23695117	0.07388482	0.16366312	0.19692387	0.01775817	0.00510769	0.19461890	0.06065402	-0.07107722	-0.05615387	0.15997271	0.30055208	-0.03701524	0.06757053	-0.06442999	0.11147931	0.10045339	0.06799853	0.36942511	0.07913729	0.04432011	0.15140533	-0.13809984	-0.26093434	-0.19085210	-0.00744982	-0.25770484	-0.30016416	-0.40567515	-0.06420583	0.10794991	0.08438089	-0.09628407	-0.06771548	-0.18455020	-0.23738349	0.03420515	-0.11221098	-0.10308884	-0.02936181	-0.05486567	0.02705766	0.01355907	-0.05723897	0.10880894	0.20277728	-0.07887819	-0.02435038	-0.00802165	-0.14171703	0.10846393	-0.12133648	-0.03245112	0.08101142	-0.04407205	0.10630699	-0.01557919	-0.14158746	-0.06482968	-0.03954377	0.15957332	-0.25072235	-0.15016916	-0.39087205	-0.37205471	-0.05919324	-0.08635532	0.00720034	0.19695339	0.21961672	0.07324062	0.37737606	0.25199148	0.28181103	0.16833092	0.07504717	0.19031934	0.02865420	-0.00417200	-0.00598484	0.09466299	0.31783018	0.36488582	0.31338322	0.18922600	0.16451662	-0.00614742	0.04806743	0.10300893	0.14573329	-0.00672708	-0.03035868	0.18191329	0.06717873	0.04236324	0.08232298	0.09763245	0.17862573	0.18345465	0.35092769	0.15329381	0.30969520	0.30193331	0.19963298	0.34071121	0.64077601	0.31066214	0.32249230	0.58534943	0.31398011	0.27888560	0.29922537	0.32167363	0.13141823	0.25614601	0.21566067	0.36487915	-0.01485883	0.12221804	0.07659819	0.11873312	0.03448242	0.11697863	0.01959967	0.05060551	0.19156210	0.23723381	0.06627304	0.17598628	0.02389169	0.16132312	0.22232000	0.28004220	0.10457354	0.11721397	0.50699413	0.14946155	0.29348227	0.49183376	0.50126136	0.35547243	0.50110465	0.44875530	1.16457278	0.38865980	0.34302007	0.29938538	0.20241792	0.35394175	0.60876798	0.19256086	0.64825313	0.32865594	0.36788712	0.23999118	0.48274770	0.65680835	0.43892671	0.30306732	0.24479765	0.36261350	0.45476707	0.09623337	0.13719890	0.20574517	0.27757471	0.09869371	0.33908240	0.34329475	0.38075243	0.18526318	0.26474966	0.07498355	0.42019105	0.14513239	0.39761541	0.06753670	0.50339995	0.25887944	0.20602070	0.12276466	0.13657070	0.16662416	0.51196857	0.02288595	0.40916783	-0.03034493	-0.11141030	-0.14962432	-0.17650971	-0.03783741	-0.12236267	-0.00181728	0.12762128	-0.09369166	-0.02483026	0.11763809	-0.08123351	0.24631860	0.38273077	0.53264337	0.75443342	-0.23992828	-0.06780753	0.09858311	0.07705625	0.39720870	0.24750736	0.20362941	0.04796988	-0.03166755	0.36428274	0.22804681	0.51414521	0.61168265	0.03049044	-0.17522283	0.02499295	-0.08586426	-0.16498015	-0.12592262	0.20366995	0.07827016	0.12107555	0.08680689	0.34595466	-0.34371338	0.02099992	0.45069423	-0.04492191	0.12585008	-0.16090249	-0.15319440	-0.05850473	-0.16966442	-0.45294035	-0.37072956	-0.37344407	0.00727053	0.22996828	-0.25591049	-0.34664479	-0.08007687	-0.20431745	-0.18107782	-0.09789823	0.15178863	0.07162472	0.16722224	-0.10805635	0.05826714	-0.12242974	0.02907241	-0.04863900	0.07147344	-0.14160228	0.14346702	0.23718007	-0.34696265	-0.04228118	-0.16496912	-0.33566975	-0.06390352	0.02832745	-0.07677196	-0.13889711	-0.20080712	0.10933194	0.09012437	0.33077392	0.38209358	0.36406370	0.04224381	0.45830152	-0.07218388	-0.07540685	0.11549475	0.04007721	0.16108221	-0.03546916	0.20894708	0.19463390	0.06213154	-0.05193121	0.05491550	-0.08742302	0.28945097	0.19593709	0.15726904	0.35517161	-0.09267214	0.10390852	0.06959679	0.03022554	0.03620045	0.05557082	0.14779464	0.12322688	0.06184353	-0.10443789	0.01109684	0.05059666	0.24846451	0.14166729	0.20072051	0.25237135	0.06297491	0.10518816	0.07615990	0.03939777	0.01902544	0.20432559	0.08812081	0.00065971	0.06917604	-0.10422498	0.07722997	0.03025288	-0.03734515	-0.10691519	-0.08253561	-0.16212610	0.13025511	0.14242968	0.10964576	0.08069413	0.14517344	0.14548594	0.07900120	0.15952460	0.14236663	0.07629476	0.20636518	0.04925915	0.02838521	0.09683973	0.04857377	-0.00785050
17Networks_RH_DorsAttnA_SPL_7	0.17717006	0.29619595	-0.12485822	0.12201069	0.09207653	0.22789766	0.26151750	0.31136138	0.37517762	0.12731890	0.37211298	0.34520829	0.22321778	0.07981124	0.19643266	0.20424859	-0.00177308	0.28365581	0.12588052	0.30652734	0.09961183	0.23414540	0.37984915	0.10715114	0.45707535	0.38004074	0.31353606	0.11040030	0.49188437	0.29890165	0.44684230	0.52041459	0.39122638	0.47764432	0.43794592	0.45703080	0.50888862	0.16366906	0.30449373	0.48399172	0.59757431	0.35359466	0.38659130	0.12207646	0.25823305	0.12213427	0.35338377	0.21879331	0.09101885	0.14473861	0.32355793	0.41674297	0.29314833	0.31263709	0.26839814	0.01779728	0.18427919	0.23070042	0.29556982	0.26095763	0.34679214	0.08868154	0.25529195	0.00575795	-0.00178030	0.08569789	0.04846190	0.11719816	0.22858649	0.13795926	0.30156586	0.45287470	0.11173589	0.32298133	0.01688889	0.26071541	0.26336397	0.55233145	0.32415860	0.48133931	0.12438173	0.22858334	0.11604497	0.24252588	0.27399607	0.27307128	0.09325651	0.20051807	0.23309609	0.10615439	0.23345874	0.33865115	0.33752928	0.14463341	0.12683517	0.28743397	0.21858414	0.35631303	0.23672039	0.27702651	0.14875953	0.28218225	-0.00836480	0.04382335	0.19031954	-0.09194417	0.00779518	0.12164950	0.09644378	0.02272145	0.02757130	0.11879721	0.31317544	0.14704194	0.08514037	0.08554510	0.12713114	0.06319208	0.04855578	-0.04671619	0.07584726	-0.04251000	-0.06283180	0.09665831	0.01668206	0.05591045	-0.02572854	-0.06336648	0.05140672	0.10042410	-0.02528042	0.04874607	0.13848533	-0.10500639	0.07640743	0.03641897	-0.05380547	-0.05394763	-0.12302503	0.00277964	0.01480619	0.03375778	0.12487356	0.18833854	0.22303165	0.00020713	0.12504867	0.07688277	0.03224632	0.06027886	0.00988497	-0.00963395	-0.10312496	0.05762120	0.04671670	0.06585744	0.14560407	0.13389488	-0.00274649	0.09086241	0.16041185	0.16940750	0.17565954	0.21843507	0.00661172	0.15358434	0.08969014	0.27764900	0.19829947	0.11931171	0.09815882	0.19201011	0.03478884	0.04150156	0.19010949	0.10943397	0.19175655	-0.04435741	-0.10624066	0.05792962	-0.01842363	-0.02790255	0.24901009	-0.02034564	0.15101531	0.00381955	0.05796224	-0.00630737	0.19249294	0.04672253	0.08479572	0.14334559	0.19410482	0.19388943	0.13265101	0.20961561	0.25880011	0.25803324	0.00134167	0.25203329	0.26263269	-0.02041798	0.25630407	0.03367087	0.01520855	0.05181731	0.28602524	0.49514693	0.33530725	0.37135466	0.38396772	0.38544970	0.30351792	0.19828088	0.19128844	0.15310088	0.19734786	0.03080992	0.16526812	0.17550097	0.18814328	0.06978406	0.25870117	0.31582608	0.28713545	0.52620938	0.21715260	0.45440148	0.44887221	0.34341183	0.61270534	0.53074784	0.46918998	0.41773782	0.55467401	0.49326085	0.43870657	0.52819715	0.54799273	0.10945119	0.35290501	0.27615728	0.22234831	0.14666242	0.26253232	0.26631516	0.19971605	0.09403648	0.30777143	0.15218576	0.18303392	0.25608871	0.39629062	0.15398184	0.32090293	0.10211118	0.21570280	0.38171833	0.38416049	0.10151630	0.21735458	0.35654939	-0.02250822	0.18817237	0.32595709	0.16779469	0.25858494	0.42680375	0.42028797	0.38865980	1.02212241	0.43725517	0.08359206	0.26303102	0.31354951	0.34322580	0.26050163	0.46282589	0.29589041	0.59249219	0.42969473	0.29266215	0.30132404	0.28096365	0.33816929	0.38525801	0.28425547	0.33321589	0.16791529	0.14025169	0.25887806	0.33711397	0.20158268	0.41742878	0.09431098	0.38704866	0.21582705	0.15739228	0.24938471	0.28531557	0.15622394	0.37966330	0.04685162	0.25012405	-0.09385302	-0.09916583	0.25500304	0.19976016	0.01899452	0.23809838	0.22890797	0.24479694	0.11451828	0.09740069	0.00347311	-0.14709756	0.16767779	0.09984486	0.08140795	0.26964872	0.02432548	0.11547534	0.03207933	0.04783013	0.14965576	0.21816832	0.07835832	0.18335164	-0.08347032	-0.04764848	0.17711775	0.04558715	0.14190429	0.13081498	0.11950462	0.13504649	0.01816000	0.14629462	0.05337160	0.20859774	0.15012551	-0.00848433	0.09562942	0.14304020	-0.10446426	-0.03314306	-0.05320056	0.06737129	0.19932705	0.10801850	0.12956934	0.27109937	0.00893099	0.15283868	0.11603895	0.13694403	0.15083133	0.22881643	0.09647321	0.06093279	0.00632658	0.03339581	0.07957754	0.02370212	0.21653501	0.18755316	0.10828157	0.07753197	0.13579053	0.19476726	0.17973849	0.08894868	0.22365997	0.19689101	0.18464943	0.05565337	0.20279745	0.13044170	0.12717872	0.14201703	0.09072287	0.18001319	0.19062341	0.10749245	0.03284742	0.14998160	0.13679820	0.11907835	0.10276026	0.18740032	-0.07820512	0.32654693	0.11328048	0.32358937	0.19700084	0.15153193	0.32081668	0.33000116	0.14306450	0.25363975	0.14705272	0.21025540	0.07211438	-0.02265350	0.20880798	0.05662885	0.23996937	0.23054996	0.09048072	-0.15887223	0.28359437	-0.08247157	0.15950328	0.24209633	-0.04592067	0.15429345	0.01153328	0.18060001	-0.03713894	0.09317252	0.04143338	0.16274354	0.18683514	0.18870453	0.00945182	0.00174612	0.19267119	0.11016378	0.25599102	0.23747209	0.04759737	0.15202787	0.28425044	0.26454291	0.29299238	0.16178601	0.15406158	0.39422488	0.30151258	0.06390606	0.21225021	0.16107703	0.30792000	0.19257897	0.16656114	0.20558445	0.01361053	0.23298359	0.24147617	0.27404925	0.29256405	0.16650792	0.16193474	0.38095532	0.19235499	0.20175181	0.23734273	0.26849138	0.28906518	0.17291790	0.32746250	0.26883425	0.20142915	0.30410952
17Networks_RH_DorsAttnA_SPL_8	0.11541478	0.22529678	0.02115975	0.15842526	0.12300561	0.13334306	0.23681356	0.17202467	0.25083263	0.11752064	0.28945222	0.22740713	0.07019211	0.06467604	0.13329595	0.04139274	0.02856624	0.23635483	0.07482773	0.18409703	0.12759983	0.09173028	0.24406743	0.15930730	0.28887175	0.19014360	0.19875523	0.16762364	0.32241364	0.10527848	0.15321991	0.22295157	0.31388044	0.37165561	0.37684185	0.34304872	0.32964376	0.08269341	0.30448374	0.38808371	0.37961585	0.23248540	0.24242527	0.07212687	0.06565295	0.05908408	0.18415130	0.08102236	0.01894972	0.08846515	0.08174336	0.13119479	0.16335627	0.19719114	0.02975055	-0.03862311	0.05429184	0.11442169	0.17523289	0.15368114	0.22121746	0.03349562	0.18786833	0.11205067	0.16334608	0.11553905	0.14050096	0.02081501	0.26695396	0.24171818	0.35393553	0.44328415	0.11085028	0.25619018	0.20355662	0.17956740	0.27162427	0.45116598	0.46606250	0.47949500	0.11569825	0.33732585	0.22330888	0.23593329	0.31101018	0.18898444	0.18427372	0.15260572	0.16898308	0.02932192	0.13997953	0.15134581	0.12994970	0.09484172	0.15234695	0.17415276	0.22078608	0.18148337	0.18070522	0.11833989	0.15504471	0.22819521	0.04562940	-0.00795406	0.15629457	-0.05462845	0.05779721	0.06807828	0.07549569	0.05775323	0.05951605	0.10498451	0.21982422	-0.00555257	0.03534699	0.06121542	0.02865128	0.14145085	0.10634011	0.08406903	0.04939524	0.13261132	0.08721920	0.22326741	0.09698018	0.11977783	0.17061630	0.06896656	0.10519724	0.12327441	0.14568665	0.06361016	0.07375821	0.01706169	0.04338276	0.12082000	0.04328137	0.03532405	0.12117840	0.11276442	0.06776873	0.11410327	0.09521524	0.21049714	0.34226093	0.21595391	0.08716193	0.13041623	0.05720265	0.10014937	0.07414206	0.08956966	0.10572724	0.00493815	0.05654440	0.09220231	0.09855472	0.08585073	0.20490503	0.22481144	0.11411324	0.00727649	0.07290596	0.01304909	0.10345625	0.05057506	0.07938229	0.12936775	0.11142128	0.00406436	0.11148667	0.17560187	0.05429404	0.11574457	0.04027697	0.02414958	0.17077881	0.05295183	0.09002512	0.16768468	0.04374551	0.18204145	0.07522985	0.05356273	0.11180922	0.10018796	0.10197102	0.05697867	0.10942018	0.00298841	0.09602580	0.12818251	0.13149513	0.15379901	0.10209432	0.09200721	0.21426790	0.13549928	0.03208026	0.13523234	0.16259518	0.01973623	0.20272658	0.05197023	0.07317878	0.10133501	0.22456717	0.35883672	0.28056484	0.26640416	0.26463686	0.28945105	0.12849008	0.11723016	0.10761798	0.01255051	0.01339875	0.03441100	0.06830177	0.11259134	0.15068514	0.07607292	0.21868110	0.16176801	0.13081101	0.21354361	0.19549014	0.17288440	0.30683587	0.28968775	0.34789582	0.52673436	0.30162329	0.20863170	0.43823184	0.30468915	0.30163281	0.26256154	0.38463725	0.07596422	0.26485631	0.30689007	0.16503774	0.12366789	0.16405668	0.06733774	0.11988965	0.01551840	0.17858176	0.01188256	0.09524220	0.12631961	0.13511660	0.11144314	0.18638323	0.00101676	0.01769268	0.10558236	0.33679150	0.06786842	0.10194344	0.37196753	0.03413061	0.21079506	0.28475315	0.20344553	0.30268198	0.21861693	0.43979145	0.34302007	0.43725517	0.82413804	0.11047891	0.16627225	0.29560151	0.36728725	0.23013941	0.44067837	0.35810317	0.49162683	0.28411935	0.25866671	0.31970718	0.31325497	0.23236209	0.25436079	0.27125976	0.22871824	0.01258346	0.05280755	0.15004001	0.21669343	0.05418636	0.16766114	0.12241992	0.21425312	0.13193194	0.12601355	0.07816314	0.27822225	0.10799308	0.24444458	0.13824931	0.21294986	0.01402398	0.06265261	0.14326497	0.21498447	0.05780370	0.16130734	0.07969605	0.15995711	0.11674740	0.08009236	0.03478696	-0.07450591	0.12190189	0.11795310	-0.00237076	0.07040812	0.06523145	0.04508294	0.07982327	0.11353384	0.16219234	0.26902341	0.13336101	0.25109525	0.09985667	0.02935949	0.03548075	0.10066149	0.15847273	0.10457911	0.09512500	0.10459859	0.09687678	0.13614288	0.15299857	0.17395321	0.15057169	0.05655259	0.11177047	0.15009113	0.02282387	0.03950414	0.05410505	0.13797074	0.17024412	0.10251247	0.23494540	0.26030852	0.14452347	0.25407986	0.31140671	0.13096648	0.18297147	0.11841138	0.08368356	0.10566683	0.08853479	0.06549957	0.00526698	0.12167194	0.04078968	0.09503349	0.08845862	0.03595981	0.10335337	0.06897664	-0.00895521	0.08126468	0.00944515	0.15574366	0.10022404	0.09165482	0.01990759	-0.00735937	0.09689758	0.11024394	0.09064920	0.13828372	0.15436995	0.07520868	0.06921725	0.19275928	0.14752480	0.09069972	0.06857888	0.13688029	0.07401480	0.18018207	0.12620089	0.22369056	0.14085448	0.09799620	0.21305506	0.25441756	0.14603400	0.18209477	0.06510928	0.04667684	0.09700085	-0.02787376	0.11643630	0.00044792	0.06573282	0.09582897	0.03062079	-0.04219265	0.13871503	-0.07430054	0.13372863	0.05724025	0.02196682	0.13333089	0.05659036	0.15965027	0.06133447	0.01153325	-0.00163792	-0.00829328	0.06786348	0.04119711	0.06871028	0.08669167	0.08710494	0.11622760	0.12042785	-0.01046645	0.04290683	0.06957444	0.29143023	0.19189665	0.23692904	0.06807278	0.00330963	0.30895107	0.16833183	0.01334115	0.19579134	0.13443577	0.25486107	0.14553511	0.18854546	0.15896251	0.14394998	0.12766004	0.23655236	0.23681653	0.12584699	0.11601439	0.19047435	0.31663324	0.12697946	0.17072844	0.24222617	0.25393944	0.26573180	0.19355097	0.27646532	0.25475424	0.17653946	0.13658475
17Networks_RH_DorsAttnB_TempOcc_1	0.35551230	0.14995069	0.09934669	0.11782377	0.17503702	0.26403239	0.31161274	0.18319266	0.29018353	0.11771211	0.11022540	0.07490760	-0.05856650	0.11117579	0.20973252	0.02563512	-0.08569246	0.12868785	0.14239140	0.13788709	0.06883464	0.11010488	0.18820691	0.02976619	0.06052720	0.08264449	-0.02028416	-0.06848197	0.05868403	-0.01026535	0.02496770	0.07816820	0.08005173	0.08759032	-0.02172297	0.18854268	0.06908623	0.19053516	0.25662473	0.14641270	0.08905903	0.06825582	0.06540398	0.02887113	0.01819347	0.12345538	0.01780867	0.05867722	-0.03969564	-0.02783713	0.01292973	0.03085496	0.04288343	0.08790535	0.01160482	-0.08131087	0.05670885	-0.00001476	0.12643132	0.29239256	0.06943986	0.35480292	0.16077555	0.28821665	0.06819154	0.09373525	0.27419317	0.02764202	0.35119431	0.40832612	0.19383994	0.22501956	0.01590692	-0.03016228	0.12034287	0.03538233	0.10276913	0.02339185	0.07401104	0.11677533	0.18741857	0.22770948	0.38513684	0.15576243	0.26789321	0.01838575	0.04621300	0.11890024	0.08754631	-0.02199735	0.09712850	0.01715482	0.04275438	0.28083242	0.06355026	0.02326032	0.18646100	0.18463416	0.19414204	0.03421463	0.18229705	0.16514270	0.33420187	0.03802235	0.24541406	0.28675189	0.16648823	0.28116384	0.17522193	-0.01060852	0.05560300	0.06757539	0.19826244	0.07296066	0.06005607	0.08221359	0.09676209	0.07594852	0.00513986	-0.01836059	0.42944093	0.25548138	0.36532045	0.41573183	0.48364320	0.25491153	0.27360825	0.41009035	0.18200898	0.25440775	0.31778390	0.28844825	0.18138561	0.34964489	0.36002336	0.19571455	0.43253969	0.46618190	0.28151673	0.42433939	0.27561210	0.26495620	0.12261038	-0.13518536	0.02416317	0.00549778	0.13614834	0.05634635	0.15038669	0.19134104	0.11653069	0.36683337	0.31160681	-0.13601282	-0.26348727	0.13078450	0.24863844	0.13386028	0.03733441	0.01230503	-0.01721715	-0.10283686	0.01339200	-0.05704181	0.25072573	-0.02823935	0.01040179	0.12124978	0.16336730	-0.06201238	0.43197603	0.10506450	0.20630689	0.04691187	0.12335083	0.27073646	0.30335253	0.01456607	0.18285917	0.10733993	0.15167023	0.41338830	0.02085716	0.15012343	0.08976495	0.15752914	0.35882331	0.12488177	-0.06721861	-0.27516293	-0.26476617	-0.01346333	-0.11490077	-0.00984280	-0.01843435	-0.13850912	0.12614715	0.33607236	0.44892071	0.06637212	0.25101958	0.23199173	0.27812831	0.20624587	0.18062307	0.19939609	0.26830102	0.19255443	0.29383962	0.19983777	0.09013518	0.08710303	0.03227782	-0.07279690	0.23853843	0.07691480	-0.09048477	-0.02362605	0.02005041	0.06907966	0.11485338	0.01172059	0.11986970	0.12814648	0.10377863	0.10458510	0.03851034	0.03930032	0.07655536	-0.08483549	0.15598940	0.35830804	0.10066470	0.11230225	0.19605197	0.07276767	0.07232303	0.09130985	0.06789866	-0.01273577	0.22722580	-0.00586297	0.14864237	0.04730328	0.12409077	0.06849698	0.00975357	-0.01968026	-0.00871880	-0.10160439	0.00907405	0.03763955	0.05676494	-0.03230730	-0.04522871	0.01520116	0.09474592	0.05157647	0.10260600	0.38443550	0.28414702	0.31886169	0.25688404	0.20397527	0.26251361	0.30292334	0.09566580	0.26245784	0.12729935	0.29938538	0.08359206	0.11047891	0.99171898	0.01970734	0.01320812	0.34516384	0.06156452	0.19828236	0.07658963	0.01116430	0.09424846	0.37510552	0.34235692	0.04617829	-0.03908366	-0.04489887	-0.00257571	0.27052305	0.04365560	0.07052668	0.11959773	0.12717739	-0.16325988	0.19094805	0.28204375	0.13085923	0.02990195	0.04318829	-0.02294415	0.10031237	-0.05610095	0.09320209	-0.04578948	0.13275714	0.37714759	0.33602800	0.13196992	0.00136751	0.14036374	0.06361814	0.04773672	0.22716744	-0.05908210	-0.08009170	-0.00529810	-0.04806206	-0.06265347	0.08179263	0.06964458	0.14575736	-0.11358866	0.07723528	0.03722238	0.13706791	0.32418964	0.26405477	0.45793404	0.41231002	-0.06756216	0.22296926	0.23292258	0.05270584	0.22783085	0.27901409	0.18100009	0.35138841	0.34668851	0.20796563	0.28921926	0.20427368	0.33940294	0.18764506	0.02412257	0.26902444	0.21719231	0.16534185	0.04479359	0.25862364	0.19127687	-0.07030216	-0.25733596	-0.09859255	-0.13484563	-0.02956153	0.09709565	-0.18136300	-0.02445660	0.01840371	0.00854275	0.27729585	0.03271580	-0.11116219	-0.24238488	-0.25376940	0.03316186	0.22237695	-0.19512788	-0.07562055	0.10746845	-0.13000327	-0.16659062	0.04795583	-0.04477392	0.09331313	0.23957331	-0.18567976	0.04304897	0.30858203	0.08457076	0.11526384	0.10136378	-0.12684568	0.11049776	0.18026424	-0.06421852	0.00110342	-0.13999175	-0.32353111	0.08438008	0.08279583	-0.03219801	-0.19564824	-0.24585700	-0.05876770	-0.03914373	0.18122733	-0.01836130	0.00529821	0.03255974	0.01435731	-0.07591001	-0.02737778	0.10394047	0.03191669	0.21021697	0.01635002	0.03953794	0.18761740	-0.05374123	-0.04906960	0.06520336	-0.09628930	0.18043993	0.19205960	-0.05076908	0.21518755	0.01361628	0.04034694	0.09168347	0.03089415	0.16363236	0.04714953	0.01252385	0.02191533	-0.04549126	-0.05583741	-0.08057742	0.09867193	0.14819353	0.13583671	0.03100347	0.06146313	0.19062712	0.13438840	0.05529200	0.02687263	0.07241705	0.09730083	0.04297992	0.03589505	0.24473179	0.06582302	0.17250310	0.14204808	0.12735111	0.12561179	0.20068004	0.15647692	0.28894657	0.12715073	0.06189427	0.15165649	0.26522201	-0.01051105	0.02337568	0.11758689	0.36082921	0.24738075	0.35503511	0.35605051	0.20569304	0.24806618	0.28024908	0.25604645
17Networks_RH_DorsAttnB_PostC_1	0.03157530	0.23233881	-0.04995370	0.00753826	-0.00259395	0.08419867	0.10590028	0.12090446	0.23150786	-0.04895906	0.25472395	0.15415264	0.17359960	0.04500461	0.12917486	0.11287383	-0.05926546	0.15703606	0.07340172	0.23428689	0.05772187	0.08798535	0.18758809	0.01196189	0.31239470	0.33460402	0.37900549	0.29259293	0.29830939	0.27070862	0.35956441	0.35052130	0.35563060	0.32761849	0.24997741	0.41104621	0.36660533	0.16165431	0.18189470	0.29098035	0.39467325	0.18709914	0.30603688	0.17466019	0.20135582	0.03960528	0.42060088	0.15122482	0.12275058	0.17051366	0.33168341	0.38803811	0.23879789	0.25043809	0.41135506	0.24805738	0.43245000	0.29653983	0.40222631	-0.00060463	0.16253543	-0.13330349	0.10129108	-0.15572647	-0.09563276	0.00972478	0.07432700	-0.02690519	0.09104922	0.03031535	0.17181473	0.24511215	0.19907398	0.36541377	-0.01375439	0.29926403	0.21292330	0.24702107	0.06630393	0.15300214	0.07656712	0.24621524	0.15594952	0.17392178	0.26974874	0.10567938	0.05273750	0.02952397	0.21551798	0.17083571	0.17986752	0.26396990	0.19619260	0.16895628	0.17545751	-0.01777417	0.04301631	0.22853732	0.27841914	0.27737920	0.07414954	-0.02821550	-0.11907857	0.25728495	0.23075177	0.05208018	-0.20207521	0.18612319	-0.02744496	0.03146879	-0.01928840	0.12663478	0.03084307	0.24837921	0.22958927	0.21686656	0.21548561	0.15242726	0.08472350	0.03059888	0.04264696	-0.04842458	-0.01970037	0.04820607	-0.01091256	-0.00762085	-0.11561949	-0.02034580	-0.02342859	0.08368750	0.11006473	0.05292128	0.08588603	-0.22659352	0.01545020	0.04372198	0.03343300	-0.02991879	-0.03470403	-0.03326379	-0.05118924	-0.07806108	0.22257576	0.14871417	0.13111243	-0.06454311	0.07751316	0.08155294	0.06250226	0.00971355	-0.00566303	-0.11341583	0.00510333	-0.05399835	-0.00169623	0.02902782	0.07899873	0.06484995	-0.07745981	-0.03575801	0.01736149	0.05883488	0.06861788	0.12235227	-0.10010925	0.10313780	0.09361577	0.19331935	0.12601647	0.06091780	0.07950331	0.14053323	-0.08755011	0.06077900	0.10692485	-0.06581265	-0.09567872	-0.06492914	-0.05039917	0.06280072	-0.04763159	0.06326266	0.08304353	-0.09180402	0.07854054	0.03869181	0.11908698	-0.09074766	0.06160423	0.04884535	0.05293856	0.03154966	0.19855678	0.18666232	0.17194356	0.18632520	0.19254097	0.18032228	-0.01899579	0.02177492	0.03595490	-0.08437771	0.11355900	-0.13111391	0.03805914	-0.02652001	0.05657269	0.31980239	0.21634237	0.20927054	0.11818841	0.20638085	0.28756406	0.14692834	0.07163792	0.07437147	0.04443942	0.06471597	0.06802970	0.21675645	0.07044737	0.12818502	0.16477999	0.46374774	0.37959419	0.56569546	0.28383567	0.44178728	0.39926980	0.41911909	0.29805477	0.28795659	0.39492796	0.31900473	0.46446513	0.34065042	0.30838671	0.35221431	0.25005382	0.28376260	0.18704004	0.13139513	0.15952824	0.03279343	0.28314352	0.28524977	0.37358915	0.13394768	0.13355939	0.14524601	0.13355949	0.38347975	0.45599673	0.15607532	0.31709945	0.46203124	0.48316981	0.49149655	0.08254443	-0.09257216	-0.03046039	0.17998375	0.01839882	0.01510881	0.11743514	0.01878035	0.12644954	0.11369609	0.22874594	0.20241792	0.26303102	0.16627225	0.01970734	0.93467236	0.37900583	0.27266118	0.23594739	0.34699315	0.09461324	0.20370750	0.12926114	0.23366731	0.24466072	0.14536276	0.19577610	0.38000563	0.30496924	0.32231791	0.13018451	0.05816473	0.23048507	0.35436275	0.21209379	0.29584164	0.26811733	0.37715836	0.34344774	0.10454134	0.16954222	0.07886281	0.12062835	0.15599658	-0.01357769	0.19045746	0.05258303	0.05901354	0.02345387	0.03963643	0.00156261	0.27679606	0.27058205	0.37081448	0.06627596	-0.00364258	0.09167399	-0.05397637	0.22003656	0.00390882	0.11316280	0.30432731	0.16555557	0.21950549	0.16345027	-0.00440364	0.04266277	0.21757431	0.17626921	0.18176419	0.12156384	0.17237294	0.34222718	0.23798253	0.32516861	0.28544006	0.19477233	0.10269925	0.09883678	0.15828981	0.13113952	0.10676980	0.11682410	0.05195155	0.13892423	0.23889948	0.05460722	-0.13035811	-0.12128203	0.05224053	0.05922460	0.18996329	0.26904722	0.19416878	-0.07514536	0.12506349	0.05511428	0.05593686	0.19800344	0.16307654	0.07366139	0.07158066	0.10909276	0.09414477	-0.02258125	0.02418989	0.17362060	0.14167572	0.08488444	-0.00086552	0.11884091	0.11428884	0.06928502	-0.00221528	0.16622281	0.16513827	0.21366754	0.18977147	0.03683548	0.16727249	0.12386744	-0.09561801	0.03901217	0.01745287	0.05352166	0.19039586	-0.00517144	0.02437121	0.02544894	0.14977547	0.01036002	0.22182014	0.05715830	0.26397690	0.11006008	0.21220257	0.40084846	0.24329659	0.15167459	0.21484060	0.09130516	0.15776554	0.29139243	0.22658230	0.21839165	0.21871910	0.11080050	0.07322333	0.28567962	0.24106401	0.05251992	-0.04065883	0.11939580	0.15511828	0.21748030	0.27027458	0.07866200	0.15371033	0.24299702	0.24585149	0.15365002	0.06598087	0.15572606	0.24870443	0.31761999	0.24813846	-0.10182379	-0.04596346	0.13952643	-0.01385995	0.26110309	0.31373030	0.13641529	0.31683115	0.17769050	0.20772709	0.30990250	0.04901567	0.01806229	0.26987312	0.16758636	0.02184994	0.13303265	0.10122600	0.11160462	0.09869587	-0.06372135	0.12579014	-0.19899577	-0.08512444	0.10226848	0.29384476	0.33264926	0.12482952	0.01829566	0.28053666	0.15558584	0.04632682	0.12081167	0.04845142	0.13084847	0.03684199	0.15639865	-0.00341991	-0.03083812	0.10620346
17Networks_RH_DorsAttnB_PostC_2	0.08365363	0.17027480	0.13956292	0.20174612	0.04317471	0.14428449	0.19462650	0.24540515	0.26355517	0.13968547	0.26951972	0.19441376	0.19496204	0.09583243	0.13336039	0.11742415	-0.00769392	0.15972505	0.08506441	0.15137396	0.09585673	0.13548406	0.21506474	0.31782044	0.40537714	0.23470752	0.38569993	0.34208848	0.41672865	0.35334187	0.44916045	0.37108789	0.41549517	0.49066894	0.31303129	0.48104485	0.34032864	0.13728747	0.39833228	0.40473954	0.38241750	0.30182423	0.30804470	0.09910872	0.17720365	0.09743191	0.22198200	0.18838170	0.09369696	0.14020231	0.11323262	0.22865954	0.37804460	0.42843507	0.11085805	0.02057938	0.10783272	0.19441818	0.25938859	0.05240482	0.16367466	0.03979974	0.24254445	-0.05505726	0.07666054	0.09440611	0.07382443	0.06658350	0.15576930	0.20495185	0.29088524	0.27065145	0.26503207	0.45292900	0.32033784	0.46417416	0.37293909	0.36843543	0.24081197	0.26338763	0.00763718	0.35803958	0.17975960	0.25617791	0.38916598	0.28796903	0.17582181	0.23492773	0.16843885	0.09879149	0.09427368	0.19712413	0.26434768	0.13198888	0.40761496	0.07971426	0.33088998	0.36929712	0.36027676	0.31046014	0.14531835	0.12024173	-0.20373269	0.06699415	0.18009331	-0.10439305	-0.13500289	0.10201253	-0.05532033	-0.05394568	0.01090085	0.19685503	0.16571216	0.12222899	0.03988241	0.04557930	0.08153611	0.02455053	-0.04727860	0.08424705	-0.03812026	-0.07380374	0.13623035	-0.01922251	0.04431343	0.09530465	0.15857093	-0.00156112	0.01565800	0.18019957	0.04332301	0.08364344	0.17674530	-0.09029704	-0.08284410	0.02589596	-0.02686654	-0.00079020	-0.01141103	-0.03165283	-0.12588080	-0.08381951	0.29360957	0.15948305	0.28391214	0.00449331	0.04054757	0.09360327	0.01786053	-0.06220089	0.05780737	-0.05786559	-0.04843048	-0.03535030	-0.05647593	-0.00141734	0.03707196	0.15411603	0.00354567	0.15436756	0.11684297	0.09713297	0.06903660	0.11047000	-0.14592076	0.10680927	-0.02489591	0.11530651	0.12381439	0.12299999	-0.00657936	0.07877527	-0.08409999	0.03906371	0.12094191	-0.13129665	-0.02149062	-0.07927995	-0.09764395	0.19196762	-0.11656167	0.04512155	0.08483985	-0.07413695	0.10458530	0.04025121	0.03449632	0.02277554	0.13260535	0.04846513	0.05972560	0.03773398	0.12433282	0.09177952	0.14372632	0.23022092	0.16735441	0.14269260	-0.11499863	0.08720809	0.25324127	-0.00684887	0.23176191	-0.09722115	-0.05545106	-0.00969115	0.09923818	0.39463486	0.26859875	0.24273196	0.21337691	0.15880463	0.22210190	0.18354976	0.08974222	0.11828544	0.07929110	0.01217989	0.11889714	0.18500048	0.09339041	0.17815941	0.23835741	0.48416812	0.34036124	0.44457052	0.38075699	0.44391141	0.43080714	0.52295550	0.27423070	0.48315165	0.48965967	0.39977129	0.57742021	0.38825820	0.25854885	0.39179804	0.31512007	0.27571524	0.26763237	0.26759304	0.30263471	0.06419572	0.17136796	0.09018828	0.13273111	-0.05632696	0.33260439	0.03002823	0.18923376	0.15822582	0.24710459	0.22419193	0.36567351	0.19285765	0.13993247	0.22046547	0.36661073	0.08377164	0.09552151	0.37990809	0.00221892	0.16938036	0.26058283	0.09524673	0.18273297	0.15810277	0.29707527	0.35394175	0.31354951	0.29560151	0.01320812	0.37900583	0.99808845	0.52836560	0.51575974	0.51854564	0.30179324	0.42205176	0.32699861	0.40236968	0.36417702	0.24620080	0.31630288	0.43165049	0.47548087	0.36008707	0.09760397	0.00550408	0.24633119	0.18854439	0.19633815	0.28631242	0.23434526	0.44215778	0.40089509	0.28100303	0.24970654	0.30584840	0.23872127	0.39107166	0.12076624	0.36669164	0.05691598	-0.02353582	0.08206654	0.13630757	-0.08238914	0.21993622	0.09735457	0.30177706	0.09497358	-0.05860069	0.07318850	-0.06331720	0.10826948	0.07210699	-0.05080263	0.23910141	-0.02165615	0.06097225	0.01690282	-0.04344939	0.07378635	0.42662561	0.17581211	0.25899444	0.07790471	0.06430504	0.21680055	0.20939514	0.33842664	0.23821249	0.23284344	0.05146315	0.08372897	0.14757219	0.16246577	0.36451749	0.12926642	-0.05250532	0.01671699	0.17891247	-0.05034383	-0.08001667	-0.03854922	0.05388074	0.12652069	0.33972299	0.23798941	0.33987628	0.03900170	0.34242278	0.12883148	0.11930137	0.12434575	0.12869233	-0.01172006	0.02034078	0.08000654	-0.01849536	-0.01715882	0.01476852	0.05080921	0.21064119	0.08252822	0.06823459	0.01523367	0.09929815	0.10783760	-0.01339812	0.09274500	0.20942552	0.17583893	0.11275796	0.10228976	-0.06343926	0.24117720	-0.10364132	0.10805098	-0.09981814	0.13706587	0.13160590	0.03230497	0.14088352	0.11433457	0.16005132	-0.13076022	0.21238684	0.01554497	0.23493957	0.12845031	0.40495212	0.29209010	0.14062038	0.32005334	0.36795587	0.07581230	0.22685335	0.06452731	0.10186645	0.00105107	0.05089731	0.12825802	-0.08182094	0.14140927	0.10795046	-0.08834354	-0.22224053	0.05583014	-0.04170204	0.12442119	0.09751282	0.11052737	0.21465184	0.06602596	0.14610431	0.03948750	0.09323750	0.06515495	-0.02250824	0.13773369	0.12916114	-0.14208110	-0.09238323	0.03932552	-0.04657017	0.08975903	0.03446118	0.06188359	0.24639561	0.12641750	0.17562227	0.19682966	0.01955413	0.00755795	0.22234377	0.02378757	-0.03087320	0.08088757	0.04866819	0.00810123	0.06951011	0.03901068	0.02547700	-0.08640803	-0.23721025	0.16110898	0.22150167	0.27223113	0.03650386	-0.01961599	0.26690140	0.05511596	0.09818313	0.17843463	0.11694302	0.16878269	0.06305243	0.09776021	0.06931571	-0.01877247	0.00450848
17Networks_RH_DorsAttnB_PostC_3	0.22190871	0.14056786	0.14421379	0.26526888	0.03073105	0.19277577	0.30593075	0.29833452	0.32437338	0.15029565	0.26644950	0.21934501	-0.01869878	-0.02412994	0.21210526	-0.03043940	-0.00872023	0.20936980	0.13853138	0.13464029	0.09470107	0.09558214	0.29999269	0.17882542	0.28802328	0.33035659	0.41529173	0.35256858	0.44360247	0.21364880	0.35042930	0.34697436	0.46559578	0.52823714	0.37836713	0.54457511	0.34457847	0.20982558	0.47166820	0.44330826	0.40546152	0.26089125	0.27483248	-0.02994804	0.03697778	0.04101256	0.08709376	0.06626661	0.04184915	0.00081928	-0.00606013	0.16424217	0.16659569	0.30907491	0.13766628	-0.01679254	0.12463509	0.15808010	0.27231570	0.16108475	0.09278797	0.17764827	0.31711072	0.01583385	0.15810907	0.21720379	0.29742093	0.14978356	0.36969439	0.49552298	0.47258644	0.46357017	0.18825596	0.40620975	0.40331861	0.38748394	0.40959784	0.41766337	0.30843734	0.37504626	0.04602243	0.39476041	0.43841915	0.26487707	0.37202628	0.10906792	0.09407533	0.22664905	0.05362742	-0.04129420	0.12032925	0.15446082	0.16719768	0.13969835	0.22807966	0.07673257	0.36247588	0.24512607	0.32029458	0.21466536	0.18652778	0.17964044	-0.07737437	0.00088976	0.14945335	-0.06401295	-0.02549983	0.07967450	0.14606054	-0.10902641	0.02259099	0.18045304	0.19739104	0.09979038	0.00959422	0.01953859	0.10244160	0.08045692	0.00887468	0.06112034	0.16616576	0.14128834	0.19200169	0.23969086	0.31458811	0.34912093	0.27939199	0.03173236	0.10286698	0.22708936	0.11830094	0.04398544	0.13592557	0.10677200	-0.00128935	0.04031382	0.09386196	0.20830635	0.14668202	0.07686892	-0.03650196	0.00228579	0.11949872	0.13021718	0.30312295	0.13388762	0.07905301	0.12785807	-0.00920916	-0.00552835	0.00383673	0.06744643	0.04870530	-0.05406081	-0.12878041	0.08873477	0.11966544	0.11014423	0.08987310	0.12114309	0.06393229	0.00387019	0.01032680	-0.04167966	0.00582581	-0.03641760	0.00678993	0.11588023	0.17609713	-0.00302415	0.10960497	0.09458534	-0.03316383	0.01614161	0.03256738	-0.04467869	0.07331254	-0.11460342	-0.02613275	0.15482975	-0.03311511	0.17292185	-0.02092983	-0.07331975	0.01911892	-0.02076641	0.06281091	-0.01699946	0.04507316	-0.08176466	-0.08504074	0.06786043	0.00019432	0.03098200	0.06967115	0.04277340	0.16683104	0.17446175	0.05084046	0.04386419	0.31336793	0.06443023	0.29597930	0.05253565	0.08644475	0.08495892	0.21528838	0.41854168	0.32809261	0.30259743	0.24092403	0.19717369	0.11833865	0.08697743	0.10769635	0.11117498	-0.04491815	0.08608061	0.11650316	0.12528207	0.15593025	0.15201955	0.25533191	0.35453007	0.31658793	0.38580277	0.30410798	0.30294426	0.42908549	0.39465587	0.38922660	0.65157414	0.46881613	0.39033370	0.65041815	0.37367159	0.38140698	0.38356196	0.31374634	0.19015969	0.35461715	0.29466362	0.34163431	0.01290857	0.10607063	-0.00201200	0.01053713	-0.11371340	0.23350864	-0.11325954	-0.01942385	0.07550303	0.15347419	0.04172987	0.19811971	0.11843822	0.14795673	0.22421337	0.39186587	0.27276063	0.21227530	0.52808783	0.17093175	0.32032872	0.49711285	0.39393177	0.25954858	0.40829703	0.43029781	0.60876798	0.34322580	0.36728725	0.34516384	0.27266118	0.52836560	1.06381018	0.38935430	0.64718652	0.34395182	0.36574474	0.22605306	0.57397054	0.55358148	0.22719367	0.14393721	0.21731153	0.26721961	0.36399024	0.00206201	0.00793152	0.14375208	0.14379821	0.06247109	0.22149711	0.29334558	0.34228899	0.27770131	0.25935763	0.15783241	0.32093245	0.08945650	0.39022291	0.08153105	0.29345806	0.15345797	0.15994338	0.07805005	0.17967555	0.06778357	0.23593768	0.05967705	0.31110761	0.11749201	-0.01043247	0.07160724	-0.06733796	0.05705065	0.09036177	0.00703878	0.19226215	-0.05536740	0.04580515	0.08173649	0.01457899	0.38195132	0.58819515	0.47800464	0.60730472	0.11132792	0.09560637	0.12207238	0.21941291	0.35570517	0.27126641	0.18492170	0.19930067	0.14260864	0.26761575	0.29593366	0.36505072	0.40462266	0.09757717	0.00799407	0.26780159	0.08451227	-0.06478977	0.04352538	0.13947152	0.15066028	0.12462932	0.17416021	0.30476623	0.05681012	0.27305545	0.38576885	0.05610495	0.18982065	0.09348243	0.02494572	0.16316037	0.02181579	-0.09356407	-0.07628521	-0.02165737	0.14919656	0.27349375	0.01870447	-0.01951594	-0.03518026	-0.02969569	-0.04829398	-0.01549691	0.03117379	0.24668453	0.20517765	0.01609006	0.06210743	0.05830151	0.15871271	0.03343742	0.09660156	-0.06064914	0.09368516	0.16969327	0.02680413	0.23945224	0.05335213	0.00120026	-0.00265120	0.19454901	0.00739554	0.08981554	-0.01716116	0.23884589	0.13873056	0.25753768	0.20916704	0.29185249	0.08561522	0.24077255	-0.03446617	-0.02824318	0.06482201	-0.04149646	0.20640228	-0.06118007	0.09909259	0.17478544	-0.05336286	-0.18092240	0.04662055	-0.09712272	0.21046657	0.11566149	0.06558049	0.30158675	0.03535385	0.16863881	0.07184135	0.07992750	0.15284427	-0.03700375	0.09095147	0.07725157	0.00356141	-0.07144294	0.01984212	0.05972543	0.16750906	0.05600557	0.07398889	0.18757870	0.25017557	0.22854382	0.16662994	0.06481927	0.00389888	0.31366554	0.06091677	-0.04965169	0.21740531	0.10635542	0.13795346	0.15362128	0.15353794	0.11425773	0.06377440	-0.00104199	0.30337396	0.27951916	0.26594657	0.16257696	0.20883076	0.27418887	0.16259983	0.15397353	0.23978749	0.28884396	0.32474403	0.28206561	0.18247175	0.17321303	0.09056509	0.15276800
17Networks_RH_DorsAttnB_PostC_4	0.04619564	0.19310677	0.09892057	0.23686462	0.10309570	0.17360004	0.23168932	0.16642432	0.24168823	0.17465127	0.18429042	0.11666716	0.20641561	0.12986671	0.14918686	0.07530153	-0.01269318	0.18751347	0.07398636	0.11716649	0.06563478	0.11444630	0.10282975	0.20509367	0.38084854	0.22086500	0.24741445	0.29139983	0.42387120	0.26426383	0.31388838	0.29883572	0.29644224	0.34295251	0.14707989	0.41462066	0.27820299	0.04120098	0.19400212	0.23498938	0.32936764	0.29657461	0.19028106	0.03490748	0.11092673	0.14663584	0.14976866	0.15805848	0.17564265	0.17285468	0.15629267	0.18111114	0.27107465	0.27283846	0.06953397	-0.05393290	0.08062263	0.11265249	0.16174228	0.08908589	0.12067086	0.01564853	0.22503089	-0.11027232	-0.03759528	0.01236281	0.00250222	0.07495518	0.10890818	0.12805256	0.17336803	0.23206984	0.14670272	0.29096533	0.14368602	0.35747722	0.23411458	0.23532643	0.12012182	0.24404473	-0.08036774	0.23969294	0.15496431	0.21962309	0.22373791	0.24857145	0.14196970	0.21711350	0.16715674	0.22133493	0.06788756	0.22378492	0.22920464	0.12948873	0.36534455	0.06620057	0.25138338	0.26177347	0.27165342	0.19944409	0.10855373	0.01513566	-0.22478118	0.05987921	0.10687625	-0.21370684	-0.03036272	0.05882782	0.02805499	0.05883925	0.01188689	0.13979571	-0.00563217	0.14995317	0.07353272	0.10527910	0.13339570	0.05758105	0.03576827	0.12771443	0.00354585	-0.09319194	0.06629966	0.05633842	0.00178896	0.05432007	0.05035525	-0.03439734	-0.03914993	0.02334265	-0.00448738	0.03337889	0.13800465	-0.05396119	0.00532537	0.06924991	0.00740064	-0.01379846	-0.04504913	-0.05315489	-0.06144267	-0.06527192	0.20213825	0.15237340	0.17416939	-0.02277974	0.08260600	0.14686250	0.02507112	0.01130334	0.06365277	-0.08879934	-0.02084657	-0.02015649	-0.03533827	-0.02726338	0.04672161	0.07027451	0.01023991	0.15206351	0.02860933	0.05855235	-0.02490320	0.03086541	-0.07499846	0.09132032	0.07042296	0.15557469	0.14935326	0.05914779	0.06574447	0.13248843	-0.02320574	0.04989745	0.02792336	-0.14061213	-0.08221763	-0.11116956	-0.07832081	0.09225645	-0.15690075	0.06975132	0.08998094	-0.03053879	0.10062418	0.00141932	0.00566951	0.01208183	0.12179387	0.04024777	0.07620353	0.01845342	0.08388374	0.11553418	0.06665515	0.14059604	0.21465391	0.09357381	-0.05786715	0.11921631	0.14995800	-0.05791531	0.14737102	-0.07419176	-0.03926857	-0.06018492	0.12662640	0.32905718	0.18409039	0.25710620	0.18317446	0.10437881	0.18558552	0.05135193	0.06587747	0.10350659	0.05291675	0.01581080	0.08118236	0.15754194	0.03821549	0.15613848	0.17468513	0.39228383	0.28336680	0.40215619	0.39165384	0.37792267	0.40947295	0.36190019	0.22584300	0.33198175	0.40955721	0.24611536	0.41295310	0.27328806	0.23881706	0.28418619	0.20765245	0.24798644	0.10185566	0.18015852	0.10671462	0.14434999	0.14657057	0.14832682	0.09527978	-0.01792584	0.36301860	0.06969170	0.16851817	0.10064255	0.22662063	0.16839468	0.30412720	0.14000853	0.11590900	0.14776391	0.21875906	-0.00829054	0.02935251	0.31417566	0.08089182	0.00151622	0.10988110	0.11685380	0.13337930	0.14565681	0.18464524	0.19256086	0.26050163	0.23013941	0.06156452	0.23594739	0.51575974	0.38935430	0.96554233	0.37198006	0.21989667	0.36182883	0.21373165	0.30441433	0.27270978	0.10564692	0.23752680	0.34452608	0.36133997	0.24578629	0.12518533	-0.01931332	0.27156201	0.15673865	0.19837091	0.25081750	0.12805799	0.33413269	0.30764144	0.24465632	0.24185590	0.21924777	0.20237807	0.29347902	0.02683530	0.30190033	0.03162572	-0.02896122	0.04710153	0.12677103	-0.01811685	0.21510878	0.15417730	0.22773132	0.09251543	-0.04043574	0.10293604	0.00706129	0.08699568	-0.06230498	-0.05226830	0.24531597	0.10805223	0.16042770	0.09316877	-0.01712911	0.10097502	0.38344060	0.14394763	0.11441005	0.12283078	0.08574226	0.22368487	0.19526034	0.15974740	0.16009855	0.15761726	0.12211011	0.13281508	0.18989440	0.23048764	0.25510850	0.15300221	-0.01860995	0.11818602	0.21351911	-0.04212636	-0.10608416	0.06778160	0.07777979	0.16767578	0.23672340	0.19549532	0.29301810	0.04493171	0.30823226	0.06469185	0.13621128	0.18525266	0.18735530	0.05948271	0.10306839	0.13094400	0.06788726	0.01466006	0.04694125	0.15540997	0.10200548	0.11648174	0.03407510	0.01331357	0.06445901	0.08337598	0.03618709	0.10512525	0.22208328	0.22224962	0.16385041	0.05430469	-0.03215744	0.15482577	-0.12599920	0.08235473	-0.08321162	0.11439858	0.08657836	0.02384328	0.10873313	0.08081900	0.12891557	-0.11697986	0.22007859	0.07255332	0.22993493	0.14425354	0.37803062	0.29116363	0.18220240	0.24196769	0.29736084	0.14846577	0.29830740	0.08733937	0.16319082	0.10083763	0.02178656	0.08184279	-0.00607207	0.06107557	0.09227666	0.00035006	-0.10145439	0.07006755	-0.05717941	0.11529212	0.16238821	0.02257478	0.19334110	0.17123641	0.12497878	0.10102497	0.10390558	0.04023563	-0.03794360	0.03612754	0.08789578	-0.01958176	-0.01597266	0.06338708	-0.00239375	0.05475984	0.09950353	0.00864287	0.17603383	0.18145277	0.16213727	0.17944430	-0.04259442	0.05801057	0.20651013	-0.01304879	-0.07781347	0.17095479	0.14335342	0.15054100	0.16970393	0.17992399	0.12371109	0.01401196	-0.19442234	0.17708689	0.22284102	0.27350530	0.10225612	-0.06528647	0.21969037	0.04350698	0.08571133	0.21068309	0.20930974	0.21483201	0.11059346	0.17162727	0.14963430	0.07525898	0.04813942
17Networks_RH_DorsAttnB_PostC_5	0.09273774	0.11461383	-0.02753623	0.13317616	-0.05958862	0.14463133	0.23632346	0.36431026	0.37238239	0.13598075	0.37854775	0.27242452	0.03946445	0.06984674	0.14374068	0.08405781	-0.02862486	0.28992887	0.09314921	0.26491755	0.03916059	0.15791523	0.25120528	0.09863898	0.48945889	0.26815852	0.38703765	0.27580173	0.44968901	0.32858203	0.37107879	0.47955083	0.49788640	0.63129181	0.34847682	0.58404518	0.45517867	0.12398100	0.32965581	0.48577912	0.42966373	0.37373936	0.23659210	0.13457389	0.05595931	0.02081086	0.23808778	0.19016129	0.11633985	-0.02525593	0.09039218	0.19702971	0.23758012	0.33083410	0.17830584	-0.00626939	0.11053814	0.19999128	0.27346926	0.08607869	0.08854647	0.03123159	0.22955251	-0.02898224	0.04215706	0.13140052	0.07493907	0.03516485	0.36768290	0.31748969	0.34082036	0.43996652	0.06811200	0.40029470	0.24120075	0.34118431	0.44719654	0.56158274	0.24940672	0.50560249	0.11446242	0.32157455	0.33394842	0.32822550	0.33615808	0.15422330	0.06713706	0.21798956	0.22280472	0.12598329	0.27909579	0.26590774	0.35350085	0.21978574	0.19212418	0.29798590	0.15778052	0.27792550	0.28585719	0.23000908	0.18515248	0.25382743	-0.07833378	0.02267232	0.32403270	0.00380884	-0.12564595	0.08956223	0.05082568	-0.02037682	-0.01881914	0.10766815	0.19524352	0.18899235	0.08157542	0.07713599	0.05849866	0.00270453	0.02120363	0.04697050	0.10520407	0.06329931	0.05393212	0.20427343	0.18089998	0.20116445	0.08317431	-0.02121485	0.10836044	0.05339695	0.02088422	-0.01382765	0.09547724	-0.06616762	-0.00438469	-0.02288601	-0.03648794	0.04630501	-0.07937618	-0.00527995	-0.15961709	-0.10960855	0.06261619	0.20305565	0.26663017	0.03125024	0.02045914	0.14522863	-0.07314532	-0.09014680	-0.18308893	-0.06352577	-0.17216425	0.00754083	-0.09727339	0.02986400	0.10576273	0.02238850	-0.02661536	0.03286536	0.03404179	-0.06512095	0.02093847	-0.03485823	-0.20092147	-0.01683153	0.05630972	0.20192413	0.18302150	0.17730219	0.15525006	0.24092543	-0.02897104	-0.04635404	0.01545206	-0.06961418	0.05498627	-0.10961640	-0.16893323	0.04690462	-0.07536080	0.04885906	0.05229678	-0.09756666	0.00694535	0.06211720	0.11298400	-0.14478562	0.05602925	-0.06931195	-0.03776174	-0.03697305	-0.02772932	0.08899942	0.15202918	0.11591887	0.22987872	0.26658960	0.08437394	0.24411507	0.25576158	0.00735849	0.25144332	-0.05638624	-0.07980603	-0.07646523	0.13882739	0.42097614	0.42898464	0.41402043	0.29379810	0.26685244	0.18982517	0.20562707	0.16098057	0.10507868	0.08146071	0.10255656	0.23806113	0.06426401	0.10771112	0.10129851	0.22569886	0.26544231	0.27007330	0.47361996	0.25198944	0.43547091	0.34311180	0.49718077	0.41432091	0.74398836	0.50337326	0.42222008	0.69143972	0.40948542	0.41676655	0.39978476	0.35319432	0.27675956	0.32225711	0.27980851	0.37671567	0.13370175	0.23889113	0.13246184	0.15835846	-0.02424523	0.26771841	-0.04105757	0.04951972	0.16336948	0.28403086	0.03683796	0.19006006	0.18606948	0.13178321	0.34043651	0.30383234	0.12088488	0.22774764	0.59727776	0.06286086	0.18850167	0.39977421	0.30828634	0.24935049	0.36943588	0.42563135	0.64825313	0.46282589	0.44067837	0.19828236	0.34699315	0.51854564	0.64718652	0.37198006	1.24691610	0.25190858	0.50693092	0.43935971	0.44053202	0.58036077	0.35000809	0.37945027	0.38797709	0.43479146	0.43481404	0.24441175	0.23495918	0.36560459	0.30743085	0.12612535	0.34683387	0.30081647	0.43562926	0.25524371	0.34365858	0.23278268	0.43396287	0.13504048	0.50378496	-0.04859299	0.44800715	0.11777132	0.05718212	0.09554295	0.16446422	0.09512630	0.40012314	0.11578425	0.30041091	0.04446905	0.01766889	0.04056608	-0.17926277	0.07781022	0.00900838	0.05098282	0.25264231	0.03996711	0.10181938	0.13034203	-0.07350013	0.19323355	0.51472100	0.34452733	0.61753319	-0.08881679	-0.02223089	0.10700446	0.05737582	0.28249241	0.26903988	0.19231820	0.12857228	0.01858016	0.23460452	0.18587607	0.43878746	0.37911389	-0.02784590	-0.06362316	0.14898830	-0.11704670	-0.07861930	-0.06366234	0.13324991	0.09711187	0.07207016	0.19387760	0.34138247	-0.06798959	0.18998251	0.26710852	0.12942523	0.19723594	0.05121478	-0.08687764	0.04525390	-0.05464237	-0.16726430	-0.04207038	-0.00554455	0.16295901	0.21413253	0.01334860	-0.03431691	0.00303954	0.04997540	-0.02654594	-0.11837959	0.18748516	0.20078081	0.26995082	0.00293437	0.04703054	-0.04691423	0.02658817	-0.01513980	-0.04781324	0.03316467	0.14269674	0.18485153	-0.10905338	0.12404268	0.02904678	0.04690051	0.00880771	0.11235836	0.06273183	0.19984384	0.05780213	0.26870973	0.26808314	0.28934377	0.46042960	0.46100489	0.03353382	0.25581340	-0.00280250	0.05470735	0.14298838	-0.02934086	0.13317388	-0.03872435	0.08728989	0.21756349	0.03221757	-0.06050282	0.11347067	0.02073148	0.31868249	0.27085182	0.05575582	0.27802400	0.06841850	0.28272918	0.07017800	0.07935548	0.10759079	-0.01605869	0.16262651	0.08442317	0.07251091	0.03772005	0.07309489	0.07549973	0.37037891	0.21267755	0.17006571	0.30027307	0.20452092	0.18762615	0.22087724	0.02330738	0.01961978	0.32720485	0.05101516	-0.00866786	0.14679610	-0.02405876	0.18173656	0.06481814	0.01045321	0.04920670	-0.04416455	-0.01045676	0.24121398	0.32662235	0.29163886	0.07793548	0.15579076	0.27980799	0.10152092	0.05183255	0.19042668	0.10452518	0.31179487	0.05776633	0.13654102	0.14796809	-0.00870172	0.08043054
17Networks_RH_DorsAttnB_PostC_6	0.16236011	0.14354866	0.13415796	0.19081527	0.21566673	0.13121389	0.25707753	0.14738791	0.16779602	0.25984553	0.27268490	0.22527478	0.06532662	0.08589664	0.18288197	0.02151738	-0.01735621	0.21378185	0.15985334	0.15871804	0.24769842	0.23008150	0.26701515	0.31907071	0.17953825	0.16555162	0.20844798	0.17361396	0.29857335	0.15189473	0.17150217	0.14552654	0.29146438	0.30339274	0.30818411	0.29360131	0.18912535	0.10695049	0.26050876	0.38382689	0.29301954	0.21466664	0.19573804	-0.02031368	0.16397612	0.12188448	0.11991852	0.10061997	-0.02020531	0.20877282	0.13189809	0.15330906	0.25167499	0.31928903	0.06511170	0.08443998	0.07857281	0.11340131	0.21027046	0.18061830	0.22517111	0.11612121	0.23260589	0.13955079	0.21185230	0.11925737	0.10438114	0.10963871	0.25577650	0.18101041	0.37292387	0.38929574	0.13097816	0.25758134	0.22226587	0.23446622	0.13250934	0.28812227	0.56905960	0.39260549	0.05988209	0.16283681	0.11246168	0.18690224	0.19032880	0.26311813	0.32677366	0.31121457	0.12041222	0.02916761	0.06746357	0.08388059	0.16018298	0.05601881	0.25810738	0.23887789	0.48745462	0.23315873	0.18695127	0.09544743	0.23243514	0.39009703	0.11767618	0.12131765	0.09414735	-0.11766127	-0.02084461	-0.02475403	-0.02201636	-0.08775833	-0.13641298	0.02195520	0.02459265	-0.03318562	-0.03354783	-0.01215974	0.01888695	0.05225668	0.02844387	0.08331376	-0.00915469	-0.01750354	0.27552823	0.08923935	0.08298200	0.20520890	0.25438133	-0.02037035	0.12400784	0.12199367	-0.04382727	-0.08113089	0.17221552	-0.04629749	-0.14934739	0.03048027	0.00766517	0.02308303	0.01790531	-0.09487857	-0.02267954	0.15845479	0.12049132	0.13913561	0.33309581	0.37040211	0.14924293	0.12275060	-0.03623154	-0.08805846	0.19298596	0.04135259	-0.04801931	-0.03413180	-0.00971096	-0.05769199	0.04797352	0.10792619	0.18932815	0.30257737	0.05058758	-0.06323973	0.08425732	0.06240187	0.01306496	0.09205521	-0.03253501	-0.06918739	-0.07335108	-0.04317022	-0.12908027	-0.08474190	0.10508614	0.09120338	0.06755260	0.02531227	0.23637354	0.04751525	0.01500031	0.18107814	0.01423321	0.01524044	0.05005962	-0.03045809	0.00876184	0.04980072	-0.01889400	0.01424739	0.05176459	-0.07594532	0.01448971	0.14281217	0.09790746	0.02060005	0.06378188	0.11028330	0.08459022	0.06628635	0.02838341	0.18531524	0.14793498	-0.03545270	0.26148045	-0.02607860	0.09680220	0.13250433	0.15915992	0.29669662	0.21160251	0.24547074	0.33252320	0.26478375	0.08930983	-0.03641555	0.07402414	0.10673585	-0.08987120	0.05610773	0.21253568	0.23658910	0.24168249	0.18169368	0.26553429	0.25735893	0.19610738	0.22691649	0.17120470	0.16747253	0.28906740	0.17209108	0.25162907	0.39573273	0.25476871	0.19186366	0.27779423	0.27448567	0.25290828	0.24791113	0.32331600	0.10384577	0.22894107	0.24351443	0.22470697	0.07776044	0.10621752	-0.01430831	0.06413489	-0.07094211	0.15667231	-0.03882570	0.13755230	0.08983371	0.08527709	0.06284984	0.18351490	-0.03115881	0.02398146	0.03306091	0.30639953	0.11424300	0.09011293	0.24124177	0.08381449	0.35856642	0.31315541	0.22719121	0.27694014	0.27759145	0.37724631	0.32865594	0.29589041	0.35810317	0.07658963	0.09461324	0.30179324	0.34395182	0.21989667	0.25190858	0.88909567	0.35312348	0.20161542	0.28506293	0.23724275	0.20644515	0.25030303	0.15242829	0.22863954	0.21195791	0.05370981	0.05375518	0.14059167	0.10134490	0.03829167	0.10745349	0.09256773	0.22884951	0.11276074	0.23192855	0.18007794	0.46420277	0.17538409	0.25612544	0.28836728	0.33782915	0.06132938	0.14006543	0.23067231	0.39320637	0.01734090	0.22863332	0.10670138	0.25647337	0.13407634	0.02496473	-0.10672231	-0.06348898	-0.00298958	0.08255791	-0.01016917	0.02096687	0.05219826	-0.01482168	0.05642353	0.15534428	0.18813886	0.19901563	0.16999948	0.20769525	0.19148532	-0.02579582	0.09272052	0.17890399	0.15617076	0.13655848	0.08174427	-0.02040190	0.03609481	0.27049665	0.18444787	0.27650166	0.21438581	0.17077495	0.16388335	0.12138277	0.02744632	-0.05898977	0.04521662	0.16231430	0.14014967	0.29564916	0.21769610	0.35793085	0.22699902	0.43869611	0.40588255	0.05436506	0.07568478	0.00202608	0.12035182	0.05362359	0.19079330	0.04930305	0.02645312	0.07947780	-0.01717127	0.15813355	0.09453841	-0.03851922	0.01992801	-0.01100958	0.05608557	0.06860210	0.11376993	0.10766050	0.11558052	-0.00534094	0.14749661	-0.06040099	0.20093224	0.08690305	0.14216932	-0.04293246	0.20890146	0.16611185	0.05817198	0.19973906	0.10990435	0.07942968	0.08376493	0.10559289	-0.08005727	0.05024880	0.14966509	0.28743370	0.05034349	0.17724050	0.31760709	0.30301032	0.20303333	0.31404595	-0.06729243	-0.08064558	0.02935941	-0.00102671	0.07685820	-0.04551513	-0.04572766	0.04056393	-0.11961501	-0.16272843	0.02523735	-0.10233814	0.05636127	-0.03799038	-0.05339336	0.17396159	-0.09493431	0.03379392	0.03406144	-0.03797548	0.02362523	-0.10458462	-0.03396744	-0.02262444	-0.10309495	-0.01279651	0.04520453	0.00702933	-0.00795803	-0.12870472	0.00503356	0.11650417	0.11970845	0.18917683	0.14439194	-0.01625568	0.04779899	0.21961826	0.08531916	-0.00313865	0.08369654	0.12766412	0.18136068	0.15016301	0.15524282	0.12410591	0.10837156	-0.03928268	0.17775512	0.21440671	0.11494117	0.05617379	0.22472070	0.27890621	0.13219988	0.18716980	0.13352927	0.24850409	0.17176001	0.13258405	0.16918672	0.22078778	0.10031502	0.11672044
17Networks_RH_DorsAttnB_PostC_7	0.11591351	0.22446183	-0.04932326	0.18428003	0.15946294	0.18765644	0.26736118	0.18820062	0.25064709	0.14329623	0.29928055	0.21859030	0.21645797	0.11634298	0.14469186	0.16834231	-0.00204966	0.24182980	0.05388664	0.19085360	0.07683562	0.11437030	0.19345476	0.18901875	0.41020467	0.23020145	0.23021215	0.15464110	0.36898501	0.32619664	0.38390404	0.40696556	0.32093401	0.44582930	0.39242137	0.42794431	0.38038675	0.16516236	0.31336118	0.45605330	0.48926204	0.38944541	0.33770401	0.10854717	0.21929681	0.16325569	0.23232253	0.22609532	0.04403838	0.15270236	0.18973398	0.29772561	0.30492238	0.34824311	0.12679434	0.00854428	0.09009755	0.12940605	0.22404622	0.22239709	0.31369911	0.05621849	0.22593809	-0.01808290	-0.01260758	0.05431102	-0.01270233	0.02918543	0.16855857	0.07714875	0.23227583	0.32127488	0.13556753	0.34484550	0.10172256	0.31939674	0.24073278	0.54063908	0.41907567	0.58149743	0.14754013	0.22453077	0.08065627	0.22778266	0.28765051	0.34766044	0.17651966	0.28654240	0.25082597	0.18146319	0.23181252	0.28950187	0.31443816	0.14310421	0.23184789	0.30000255	0.28913750	0.32323965	0.25765182	0.21875939	0.21992592	0.30972194	-0.02663783	0.00132794	0.21275837	-0.14979151	0.03279528	0.10559285	0.09346200	0.03988706	0.04896268	0.17088316	0.25504630	0.08051213	0.01957171	0.04507188	0.04363557	0.07574389	0.10889112	-0.00492271	-0.05864685	-0.07560036	-0.00562208	0.02965450	-0.00161842	0.03048935	0.10052434	-0.03147770	0.08104315	0.05331190	-0.00264559	0.02715142	0.17709895	-0.03676355	0.03436198	0.06337494	-0.04862598	-0.12820919	-0.10428861	0.00902951	0.03710405	0.11015934	0.18032418	0.19093066	0.23168964	0.02224024	0.07958178	0.13947826	0.03000038	0.04944572	0.02868970	0.01882857	-0.05961716	0.05282447	0.05149763	0.04228246	0.11921566	0.12243741	0.09617340	0.21161484	0.14814129	0.13269476	0.19324161	0.21690803	0.04032391	0.19698446	0.10292775	0.22082101	0.17950365	0.11198438	0.05718120	0.20203222	-0.00763895	0.08293869	0.14082878	0.04202026	0.20334189	-0.04636083	-0.08568595	0.14733284	-0.02060954	0.00318149	0.24022311	0.03725257	0.16377249	0.12032358	0.04931619	-0.02285025	0.15834166	0.07359620	0.06160251	0.15398894	0.15372759	0.20074962	0.12712992	0.19384854	0.22598708	0.18015743	-0.12576363	0.22625549	0.22298113	-0.07504219	0.17744222	0.01673804	0.03532565	-0.02980482	0.19289254	0.39596932	0.20411057	0.35555691	0.25854441	0.24393911	0.21738188	0.17858073	0.11671789	0.06302334	0.12709810	-0.02463295	0.11850196	0.09275096	0.12872438	0.09585759	0.26801242	0.29657481	0.20473491	0.35405295	0.28561133	0.36879891	0.38909149	0.39401674	0.50417639	0.56796982	0.46600446	0.36358116	0.48577436	0.42684722	0.43186090	0.47139403	0.53206433	0.12194755	0.35595261	0.40503311	0.20571931	0.21712520	0.24711851	0.17678362	0.14773682	0.01399616	0.29540156	0.10341811	0.23780359	0.16418215	0.26570285	0.15763583	0.32079962	0.06769563	0.09576027	0.24527201	0.40675377	0.08457375	0.19280719	0.37172127	-0.09200468	0.12435171	0.22748299	0.13042358	0.22252878	0.21637971	0.38030711	0.36788712	0.59249219	0.49162683	0.01116430	0.20370750	0.42205176	0.36574474	0.36182883	0.50693092	0.35312348	0.97293036	0.49204984	0.26466755	0.28734157	0.30531913	0.40109162	0.39135020	0.39066774	0.32652233	0.11410636	0.10876498	0.25323782	0.25452962	0.17268788	0.30924501	0.12881600	0.42327570	0.17889598	0.27364253	0.26891571	0.32880307	0.24122524	0.36705368	0.16111638	0.34182755	-0.03940894	-0.03636046	0.28154442	0.30003107	0.00939309	0.26521883	0.19789445	0.23259310	0.16633875	0.16021926	0.07696068	-0.14807582	0.20727414	0.09515772	0.01824993	0.15788793	0.09968185	0.08030361	0.05331432	0.07071497	0.05247134	0.25779215	0.05648582	0.19571931	-0.03883063	-0.03326967	0.11393704	0.08307534	0.13853642	0.09651158	0.12478667	0.10395782	0.03781439	0.11637177	0.10983282	0.27792830	0.10933563	0.01856873	0.12928173	0.12370834	-0.08602021	-0.00728654	0.06438652	0.12242671	0.26696194	0.20802595	0.12878084	0.30081070	0.11622621	0.20056093	0.14096367	0.16163738	0.15052526	0.20003920	0.04603965	0.06715688	0.06472763	0.05384973	0.08368728	0.08449283	0.11942790	0.15153364	0.15569669	0.12814215	0.13604434	0.21503731	0.17557749	0.16776123	0.24724118	0.17622203	0.13796390	0.14138214	0.22837445	0.03998040	0.16860968	0.12659710	0.06932291	0.15979065	0.23499037	0.12411839	0.04086395	0.14280270	0.15725855	0.13931371	-0.00514447	0.15187666	0.03873949	0.28968305	0.15091293	0.34485703	0.15770610	0.11127061	0.36779545	0.37178308	0.13841554	0.29203794	0.08457363	0.18445944	0.01898986	-0.05048902	0.12640727	0.01825183	0.12782853	0.13171657	0.06835992	-0.13386059	0.14748704	-0.06005968	0.06053154	0.09882650	0.06840300	0.19921619	0.02594331	0.13784093	0.02016478	0.07714982	0.04813195	0.02444743	0.12163552	0.17103150	0.05842449	0.02622312	0.08958043	0.05428213	0.12581336	0.03294306	0.11600666	0.22332362	0.26740065	0.18140788	0.28104074	0.06552004	0.08118345	0.32991307	0.19896312	0.03043988	0.16292065	0.14338232	0.26944475	0.18218002	0.18988485	0.18057756	0.11549414	0.11536246	0.20323030	0.23461691	0.24139644	0.13759588	0.12424749	0.34743420	0.14261644	0.16675427	0.20468456	0.30929742	0.28104568	0.14485959	0.24488375	0.26519599	0.20195327	0.24407219
17Networks_RH_DorsAttnB_PostC_8	0.17985310	0.25958172	0.07188608	0.26535822	0.23456179	0.26551578	0.27157276	0.34014187	0.36818873	0.06149573	0.38966711	0.37696628	0.32964211	0.15836174	0.21071478	0.24114067	-0.02672222	0.21957502	0.04354488	0.22090521	0.01507195	0.19539428	0.26028221	0.14616637	0.39653514	0.22101767	0.17034023	-0.05202724	0.35758254	0.36612329	0.37241445	0.33147891	0.30512296	0.41601749	0.22864698	0.29858994	0.20989466	0.44570732	0.42987491	0.40890866	0.37407153	0.46573245	0.22068956	0.10827303	0.33876342	0.17756100	0.18607942	0.18549875	0.05801124	0.07191464	0.15225043	0.25883583	0.35441888	0.27125360	0.14396294	-0.13887941	0.16096273	0.12767733	0.26404982	0.13427055	0.40006710	0.20152513	0.27843566	0.13210002	-0.03590185	0.02954127	0.03845316	0.19737940	0.11346007	0.03595658	0.17782093	0.15479469	-0.04717996	0.25321952	0.11632283	0.22427008	0.24976275	0.39301374	0.14409057	0.28464272	0.38834751	0.25118937	0.13674582	0.28126300	0.16516690	0.27244841	0.12687521	0.11025241	0.22226707	0.19574360	0.08952937	0.12885770	0.25774418	0.21652549	0.25974789	0.36186090	0.24066940	0.35828612	0.24022597	0.21945901	0.17372208	0.27397268	0.03075537	-0.05694268	0.23881341	-0.06966245	-0.06556914	0.19090188	0.02885515	-0.02549796	-0.02244378	0.19947748	0.30863129	0.13500980	0.02693973	0.06721696	0.07386747	0.00807195	-0.05512547	-0.11040643	0.09101981	-0.00822273	0.00423369	0.03829107	0.05226096	0.10096872	0.01970611	0.10851645	0.01963526	0.09963871	0.05017081	0.14658919	0.15559495	0.01935947	0.20909065	0.12259708	0.05982960	0.07071097	-0.09286941	0.12114405	0.12946073	0.12948956	0.26855791	-0.04448268	0.04289759	0.03463529	0.05679428	0.00113086	0.17706213	0.17330758	0.05364137	0.16189554	0.00786382	0.13113475	0.02761061	0.13534871	0.11898191	0.16139642	0.01817202	0.18028165	0.21851658	0.17593530	0.26586278	0.28771128	0.10461101	0.16717844	-0.00587546	0.27207747	0.15828657	0.21268289	0.22184676	0.18711598	0.14062158	0.04315768	0.29546371	0.25444117	0.27682559	-0.11171037	-0.10116560	0.11454167	-0.09955966	0.06384839	0.26229453	-0.03572336	0.19887912	0.24108636	0.15341464	0.09337975	0.11809801	0.05038651	0.06004459	0.12471215	0.13882832	0.18315651	-0.01186398	0.12505361	0.21315715	0.23833063	0.02276183	0.30471398	0.37347022	0.10203434	0.33125546	0.06918435	0.04831659	0.06072427	0.27832914	0.40978894	0.32789473	0.25634491	0.28820430	0.24525790	0.26160680	0.15018846	0.19916118	0.02394008	0.09932913	0.00272936	0.09354790	-0.00355085	0.03929962	-0.02235319	0.13410532	0.24665328	0.17052643	0.38386583	0.07798726	0.37337873	0.27348586	0.31281892	0.34831945	0.44793694	0.34713565	0.44458068	0.31624764	0.54560889	0.23821220	0.41283756	0.49419434	0.00478373	0.47345920	0.25105672	0.49013970	0.12457171	0.19531505	0.20132940	0.05188737	-0.04456090	0.28115119	0.03010493	0.24718849	0.05632948	0.26439658	0.00203585	0.18237769	0.09549480	0.19233824	0.28769380	0.36083375	0.22590963	0.38033110	0.34346666	-0.04828736	0.24688612	0.29127718	0.07073786	0.12810935	0.24145700	0.27560728	0.23999118	0.42969473	0.28411935	0.09424846	0.12926114	0.32699861	0.22605306	0.21373165	0.43935971	0.20161542	0.49204984	1.17414180	0.20134501	0.20504183	0.18150863	0.30106342	0.34602295	0.29601928	0.29705383	0.10418988	0.04293669	0.24182822	0.18958949	-0.04930530	0.27752481	-0.01950179	0.40912573	0.17982113	0.27718271	0.23633224	0.28759324	0.25133582	0.32822919	0.03419484	0.27883531	-0.02025332	-0.10086795	0.33099652	0.16824889	-0.10644408	0.04706234	0.09954994	0.08977173	0.08492368	0.07110207	0.05193042	-0.24365286	0.24100104	0.07283584	-0.06517536	0.21635482	-0.08232620	0.07485264	0.02099875	-0.01433278	0.04394683	0.24776556	0.00566532	0.19019231	-0.24839925	-0.01442144	0.12940495	-0.04045400	0.12491876	0.08944688	0.12804942	0.19719079	0.14339959	0.03063537	0.02975442	0.26008060	0.00686333	-0.18375038	0.01115686	0.17000247	-0.09735024	-0.04690887	-0.10168609	0.04224877	0.26728164	0.15495231	-0.08254076	0.02186163	0.04169498	0.13955383	-0.11007232	0.10592663	-0.02675035	0.23015860	0.00690114	0.10265511	0.01715174	-0.06387981	0.04104554	0.02530210	0.04615801	0.13927802	0.13498734	0.19250300	0.09642456	0.20528921	0.27231028	0.16970384	0.12148839	0.20815698	0.17724558	0.00436691	0.30675146	0.12140672	0.17193618	0.04833313	0.06879458	0.04993579	0.16650962	0.00310581	0.10718282	0.12823990	0.09887719	0.04775481	-0.00744993	0.21420757	-0.09012704	0.29919470	0.12578819	0.30453496	0.15415938	0.02604208	0.28070706	0.30230686	0.13104468	0.10854704	0.07278143	0.09799658	-0.01207638	-0.00696730	0.22068419	-0.04875660	0.22519080	0.28834990	-0.12836001	-0.33797909	0.09809839	-0.07151434	0.02119766	0.18275682	0.01990689	0.12252525	0.01784018	0.14830779	0.01785916	0.07496788	0.17233332	-0.00891235	0.18790007	0.17272684	-0.09041045	-0.03444495	0.09608601	-0.03454504	0.08184558	0.07660902	0.08098438	0.16702606	0.21052004	0.25118611	0.31702356	0.04247418	-0.01642195	0.37411982	0.26020661	0.02487959	0.16354373	0.10753155	0.23942996	0.12521261	0.09224791	0.08758369	-0.06178907	-0.01031128	0.21426368	0.25401014	0.18489084	0.11749713	0.13405564	0.27453247	0.11456568	0.20648387	0.35653359	0.24553272	0.37960928	0.25318219	0.31440022	0.31060890	0.25429214	0.26703679
17Networks_RH_DorsAttnB_FEF_1	0.43127616	0.33864695	0.27667635	0.42547937	0.13848135	0.33211431	0.40038930	0.26147228	0.40518737	0.19681393	0.23995622	0.14070419	0.06173706	0.10440978	0.41992440	0.06532336	-0.14033371	0.23771358	0.12373516	0.12049243	0.07080445	0.15540477	0.28364334	0.25960483	0.34821884	0.32829959	0.35844545	0.17032787	0.48355578	0.29703321	0.27829349	0.31347062	0.54898517	0.47963777	0.29275635	0.53997856	0.20163339	0.22744852	0.54275258	0.57687524	0.42728580	0.14638382	0.35406862	-0.01203562	0.16249252	0.11835567	0.08757203	0.18429049	-0.05459005	0.02675384	0.23201647	0.33064589	0.31159140	0.39674937	0.24457624	0.05403665	0.28209545	0.05325325	0.39059006	0.32703654	0.15401668	0.45170625	0.33614880	0.10975508	0.07089573	0.04738766	0.21130939	0.05759741	0.33477787	0.45865002	0.36200538	0.40562090	0.24844550	0.44514470	0.44006926	0.45147381	0.29649459	0.29582677	0.16137915	0.22978400	0.06658042	0.42872572	0.53672962	0.36496721	0.51606941	0.26518121	0.14825683	0.25464407	0.04862859	-0.04984249	0.14403085	0.14126641	0.19026392	0.20502673	0.29326625	0.18068684	0.29564693	0.50608794	0.44752379	0.30165714	0.27823495	0.27831576	0.11908982	0.06476120	0.19462242	-0.04693602	0.03270284	0.33765361	0.33975993	-0.06969637	0.06878780	0.27043118	0.36937913	0.07786697	0.06105128	0.12925856	0.16403248	0.06225059	0.00848232	0.03795440	0.08993103	0.16149206	0.32645632	0.27707462	0.28623133	0.27349793	0.44720318	0.12140488	0.01855103	0.19914087	0.24835455	0.23070365	0.28596481	0.33696866	0.10213891	0.23035541	0.23962660	0.18490449	0.27762052	0.25315007	0.19803326	0.22428493	0.34021580	0.17284035	0.24772662	0.07130260	0.23428665	0.14555204	0.14051778	0.14930827	0.22383230	0.20174084	0.15373047	-0.00797337	-0.06972236	0.14602566	0.32642761	0.39704724	0.18539032	0.23450899	0.17752275	0.14517131	0.15772052	0.12022367	0.23993796	0.16888763	-0.00741716	0.14163382	0.32963710	0.08401537	0.25010787	0.11863179	0.16458942	0.10061396	0.25726037	0.13999036	0.27612747	-0.06171489	0.09483711	0.20516975	0.05279151	0.38246362	0.08080257	-0.03983160	0.19127875	0.06762783	0.20535994	0.10077269	0.09722585	-0.02660802	-0.04334990	0.09828659	-0.01138062	0.03143416	0.01579982	0.14141240	0.08852700	0.25160791	0.11207965	0.17421169	0.47037528	0.29586528	0.48499570	0.23567024	0.10810684	0.27937442	0.39213067	0.42968706	0.33293911	0.29268152	0.19932352	0.17307528	0.22115989	0.05109613	0.35814658	0.22699570	-0.03471780	0.02062670	0.18254477	0.18251456	0.17146220	0.17567983	0.18745228	0.34365261	0.43374311	0.50468168	0.25859807	0.32242506	0.46629489	0.28091793	0.34614805	0.55749231	0.36477641	0.22677019	0.56078932	0.28234197	0.12307403	0.41553891	0.34308750	0.09951433	0.34075200	0.18840988	0.48002279	0.09621909	0.14818975	-0.02845310	0.12190173	-0.05132611	0.22836858	-0.01153191	0.16173541	0.13880137	0.26345021	0.03084558	0.21753493	0.12923196	0.30320561	0.23772184	0.40568678	0.39910298	0.29835981	0.40507443	0.21433541	0.30693386	0.40345027	0.28852248	0.24264653	0.30544821	0.26647790	0.48274770	0.29266215	0.25866671	0.37510552	0.23366731	0.40236968	0.57397054	0.30441433	0.44053202	0.28506293	0.26466755	0.20134501	1.01231517	0.53670768	0.27732215	0.14263049	0.13821881	0.10547554	0.52350543	0.06974598	0.03854689	0.12599884	0.13007979	-0.01220299	0.29305257	0.29026822	0.49337239	0.15958512	0.29241861	0.14832956	0.25238000	-0.01444868	0.53732928	0.22189487	0.24654276	0.17487184	0.22525857	0.26716299	0.24177934	0.12465711	0.20643602	0.28000920	0.46851354	0.20439622	-0.04957864	0.08192106	-0.08894287	0.06718132	0.21450051	0.10070468	0.20476786	-0.03384667	0.10564797	0.07644517	0.12509654	0.33373183	0.42550643	0.36899211	0.44444063	0.12818682	0.26671761	0.27231769	0.29278177	0.35188277	0.39249215	0.24232459	0.30468363	0.27046633	0.25179997	0.35888109	0.37893292	0.35916112	0.27061912	0.16609598	0.46491108	0.12305071	0.00339207	0.05694656	0.28113328	0.32641371	0.25687610	0.15651959	0.36592270	0.07359224	0.32454303	0.28246810	0.11712085	0.10974739	0.19959251	0.14204447	0.27509068	0.18254984	-0.01326695	-0.08598448	-0.02500129	0.20585512	0.50323387	0.13418632	0.07363510	0.18880549	0.08499641	0.14425178	0.14236038	0.18504202	0.31792816	0.25015140	0.00477333	0.21378989	0.25219554	0.40224276	0.08883887	0.35933052	-0.04990616	0.27235406	0.30725810	0.07505635	0.18781074	0.10412328	0.01339498	-0.05673125	0.20352443	-0.07587523	0.08631367	0.00554191	0.27899697	0.11708483	0.18662338	0.26528780	0.25712519	0.21170791	0.25860277	0.00095777	-0.04508346	0.08125126	0.03759480	0.29282373	-0.04695154	0.18555681	0.29021703	0.00036402	-0.13218140	0.07184493	-0.12430064	0.14367275	0.15806250	-0.02689551	0.38976879	0.05117549	0.18402490	0.07658606	0.15109501	0.25929561	-0.00860833	0.17788304	0.15752481	0.00609439	-0.20293283	-0.00884877	0.08269072	0.12704960	0.05319416	0.05443045	0.28176501	0.27187337	0.17559057	0.21337972	0.04820021	-0.04362611	0.24121663	0.15330512	-0.07159512	0.24810666	0.10445842	0.15290484	0.19979428	0.14142754	0.06430508	-0.00198485	0.03770111	0.36330009	0.22614912	0.24063629	0.14984612	0.17602540	0.21429436	0.06399962	0.20945106	0.27163660	0.30271474	0.37653761	0.31294889	0.21497936	0.29985525	0.27906368	0.20904512
17Networks_RH_DorsAttnB_FEF_2	0.16650469	0.06214488	0.00325280	0.08586663	-0.01668315	0.15776999	0.18918702	0.27506743	0.31373613	0.01407577	0.20056480	0.09472185	-0.02553200	0.04803917	0.15477400	0.10150232	-0.09375107	0.22922286	0.01842524	0.11424865	-0.02625025	0.08947908	0.20123334	0.10894057	0.27694019	0.22754748	0.24533101	0.15973459	0.35628442	0.21833917	0.29105929	0.30798180	0.30027772	0.39653047	0.25136726	0.56625377	0.30122326	0.04726011	0.29487067	0.48704815	0.38848502	0.22267979	0.25953737	-0.02197170	0.07831241	0.02817503	0.18379917	0.20385774	-0.09047091	0.00097794	0.17263706	0.25279810	0.22428845	0.30780726	0.17599739	-0.01134610	0.17618885	-0.03062429	0.29669638	0.10140636	0.10526978	0.10351697	0.12332463	0.03199240	0.16761633	0.14046257	0.14243023	0.07038667	0.50416081	0.50386129	0.43655993	0.37915335	0.09496083	0.28135503	0.27300157	0.24831084	0.34640662	0.38626489	0.27747535	0.28490267	-0.04905784	0.23837499	0.47793706	0.38771512	0.43223003	0.18576403	0.09034249	0.29090803	0.10592147	0.05498488	0.22504145	0.15934715	0.21612639	0.18149397	0.18897209	0.26519942	0.23457268	0.30086953	0.36855785	0.22730428	0.24254987	0.22790209	0.06839360	0.06023442	0.31644597	0.01086240	-0.06587913	0.17034827	0.06176726	-0.12563533	-0.02651012	0.06451612	0.18120590	0.05016023	0.01597572	0.01579123	0.00577467	-0.06642874	-0.03318063	0.01274440	0.07244559	0.09281940	0.34102054	0.16934552	0.32786441	0.34630300	0.28536493	0.09188651	0.10636917	0.20449319	0.12121704	0.08716144	0.17964980	-0.01096824	-0.01839196	0.04985564	0.14495784	0.25110876	0.08090918	0.11686288	-0.01172943	0.01850887	0.16444273	0.12776491	0.31057194	0.09576333	0.10643407	0.11430237	-0.05647789	-0.09317738	0.01804308	-0.04537396	-0.10906764	-0.21967158	-0.27360788	-0.00816544	0.10914027	0.17310201	0.02685464	-0.00381351	-0.04061335	-0.11215262	0.03572816	-0.04974808	-0.04378850	-0.01135936	-0.01276649	0.08755674	0.07945147	-0.05082662	0.03182342	0.07831239	0.05577314	-0.04869029	0.01807554	-0.10169145	0.08493634	-0.21837481	-0.06007704	0.00310362	-0.06823299	0.18558160	-0.02416203	-0.09506427	-0.02601051	-0.08287545	0.16332225	-0.09580927	-0.02240251	-0.22549427	-0.17086296	0.02850687	-0.03605962	0.08008967	0.07145898	0.03992147	-0.01351105	0.32379519	0.24064931	0.14265395	0.23709044	0.09381199	0.19575878	0.05834410	-0.00749413	0.02174786	0.17704160	0.27865541	0.29434912	0.24257806	0.15300016	0.09323306	0.04850259	0.04590918	0.20077052	0.06078513	-0.00554422	-0.13537403	0.05536552	0.04551657	-0.00921553	-0.07050777	0.00263716	0.22619367	0.19429901	0.35481326	0.15749758	0.31195875	0.33726902	0.24396041	0.32570979	0.61123469	0.33025466	0.28745819	0.63604467	0.27600221	0.19618080	0.33548104	0.32395323	0.24337715	0.16538989	0.14900523	0.41733003	0.05800584	0.18865564	0.12563132	0.08001709	0.01331826	0.22186976	-0.04249688	0.09649765	0.11424077	0.19511117	0.08082162	0.15885782	0.02286610	0.20362172	0.24817117	0.29066439	0.14905268	0.07206914	0.43451909	0.20771951	0.25405080	0.33582219	0.29681734	0.32339112	0.28749781	0.34848843	0.65680835	0.30132404	0.31970718	0.34235692	0.24466072	0.36417702	0.55358148	0.27270978	0.58036077	0.23724275	0.28734157	0.20504183	0.53670768	1.03269609	0.37595141	0.21010500	0.18148365	0.27422011	0.33352849	-0.02703800	0.07941705	0.23203010	0.18935866	-0.02139529	0.24568590	0.34397726	0.34253731	0.12924090	0.19854192	0.07034403	0.37196242	0.12213592	0.35055034	0.04870619	0.34488804	0.22453818	0.22702071	0.07268378	0.10462400	0.10142834	0.36147008	0.03418956	0.35854582	0.02638941	-0.11675733	-0.05463125	-0.12000542	0.04080994	-0.01552668	-0.05635509	0.14259733	-0.12016042	-0.07626165	-0.00159389	-0.07005737	0.19951971	0.46439966	0.48085930	0.61227170	0.03139793	0.04905739	0.10004432	0.14413133	0.39548741	0.28791472	0.18304904	0.10408257	0.05661909	0.24179616	0.24025906	0.46559477	0.42828464	0.10439574	-0.12290612	0.18843961	-0.09303441	-0.09116648	-0.05049972	0.18778600	0.09530408	0.03732591	0.09243470	0.27217509	-0.15502507	0.10449699	0.33421384	0.03448302	0.09420790	-0.09246107	-0.08742579	0.00053457	-0.01550077	-0.30456960	-0.25365680	-0.18085316	0.03849139	0.26233317	-0.14541149	-0.19457590	-0.06220280	-0.12095698	-0.07910003	-0.08837458	0.05558716	0.12703739	0.16722863	-0.16304576	-0.03138843	0.02456535	0.08348051	-0.18078390	0.07088572	-0.17013840	0.06528298	0.18075470	-0.18207509	0.06488115	-0.07643900	-0.15961279	-0.07061235	0.07388735	-0.09630440	-0.05106297	-0.09658206	0.11761018	0.13891957	0.25893010	0.22235870	0.22461352	0.05663296	0.28447025	-0.07395732	-0.07119177	0.07058055	-0.01493012	0.22230884	-0.06325054	0.18548709	0.22476606	-0.00140079	-0.05644275	0.08987769	-0.00146370	0.23646325	0.17754780	0.15385124	0.39211139	-0.05529812	0.11532773	0.00215640	0.02929746	0.09416819	0.07902187	0.13234082	0.11603922	-0.01131722	-0.15243357	-0.01051893	0.08489180	0.20435382	0.05418425	0.14966390	0.26309847	0.14636455	0.18148923	0.16484099	-0.01417190	-0.02067164	0.21101292	0.05451694	-0.04464401	0.19707411	0.02459550	0.07660383	0.09344134	0.03671133	-0.00178220	-0.02065761	-0.03243047	0.24523623	0.16563418	0.12173911	0.07292537	0.06004287	0.12193937	0.06253106	0.14365098	0.16466257	0.04370700	0.23065326	0.10033019	0.11214612	0.05314467	0.01907459	0.00102071
17Networks_RH_DorsAttnB_FEF_3	0.11773952	0.09831193	-0.00893660	0.04671593	0.03249773	0.20124096	0.06365615	0.29170845	0.20142009	0.07190654	0.19237813	0.11828258	0.12740848	0.14875621	0.09606697	0.11057704	0.00544709	0.09081335	0.05284239	0.17515706	0.02030341	0.17196187	0.20376741	0.09452088	0.25783426	0.10866384	0.23880477	0.18155340	0.33142273	0.20745218	0.15823889	0.24197193	0.31819208	0.28868862	0.29690587	0.26805782	0.15346795	-0.07385530	0.17419664	0.50209184	0.34549062	0.04575370	0.26861981	0.05626376	0.28167525	0.13422859	0.23818575	0.24005376	-0.02847763	0.04243076	0.27862986	0.32083888	0.25223125	0.27667200	0.17002800	0.11077516	0.17619479	0.06601790	0.21515307	-0.03736745	0.21243933	0.01819779	0.11726975	0.06416023	0.15757674	0.17827981	0.03598318	0.07564113	0.31687286	0.26732760	0.28641369	0.24234352	0.13544258	0.26823060	0.20263552	0.13568643	0.19281917	0.34092542	0.30321050	0.23805011	0.04040258	0.20002209	0.11403126	0.21579600	0.33525460	0.33151134	0.21204817	0.17830568	0.24605377	0.16034273	0.29911511	0.27533732	0.27418013	0.22562799	0.16781628	0.26630793	0.12388762	0.33134205	0.26939467	0.01566552	0.21038370	0.30303152	0.04805891	0.13414114	0.33415672	0.04411375	-0.11500543	0.02745358	0.03050873	-0.07767532	-0.05150631	0.04733285	0.11361044	0.00746133	0.06334633	0.15183020	-0.03203430	0.06986392	0.03107714	0.06817203	-0.00115801	-0.10701878	0.20647549	0.10838546	0.14451534	0.09459188	0.32591031	0.03871554	0.08511614	0.17971117	0.01647940	0.00811638	0.20106730	-0.02125178	-0.03576979	-0.01449677	0.07725522	0.02845693	-0.10448148	0.00317910	-0.06725380	0.04615705	0.13759760	0.03371351	0.28113262	-0.02803242	0.03812139	0.08589461	-0.10807582	-0.17534233	-0.18326399	-0.00064442	-0.17578791	-0.21812193	-0.22536147	-0.14883457	-0.00242121	0.06493054	-0.12848831	-0.08524387	-0.02124997	-0.10001965	0.11238720	0.01544893	-0.08001704	0.02839147	-0.02497116	0.01865205	0.01420067	0.02818732	-0.09614319	0.08340188	0.03751370	-0.00130195	0.03019936	-0.09766737	0.12605623	0.02668490	-0.04849701	0.19726607	-0.06083294	-0.00047104	0.08697323	-0.00654748	0.03100182	0.02002111	0.14034711	-0.23877888	0.04701052	-0.15951095	-0.17252534	0.06996970	-0.03019387	0.17846611	0.14506636	0.16845621	0.09161752	0.23248259	0.10014593	0.22759942	0.14412694	-0.01530176	0.13804984	-0.00933958	0.06983052	-0.06477532	0.10674480	0.20910126	0.21080873	0.16873522	0.21293776	0.17645543	0.13245086	0.04632821	0.19958991	-0.03021637	0.07246621	-0.10565034	0.08942848	0.06792320	-0.01593850	-0.07213240	0.03335998	0.08594135	0.14893603	0.33441869	0.04191893	0.21861854	0.15056763	0.16457999	0.20033081	0.31902841	0.05458922	0.16673657	0.37414459	0.19870075	0.05467008	0.25278555	0.30952664	-0.10684686	0.22970530	0.30825926	0.21063528	0.16554825	0.22484198	0.20297046	0.10392317	0.04722715	0.20608021	0.04860046	0.17504943	0.13774081	0.26749242	0.05398719	0.14006223	0.06695269	0.11540836	0.18797338	0.24913227	-0.05305322	-0.05066574	0.24657944	0.04674965	0.06655888	0.22308197	0.06095077	0.25613008	0.15274634	0.25298908	0.43892671	0.28096365	0.31325497	0.04617829	0.14536276	0.24620080	0.22719367	0.10564692	0.35000809	0.20644515	0.30531913	0.18150863	0.27732215	0.37595141	0.92397512	0.32691333	0.25348685	0.27213939	0.34644301	0.07543438	0.17697496	0.22986479	0.23551149	0.16019161	0.29300122	0.33823751	0.36296964	0.12277067	0.11333835	0.06422903	0.30119089	0.07700807	0.39119927	0.29602486	0.27739321	0.10381827	0.15818883	0.23436948	0.12769143	0.13846123	0.40050467	0.11957638	0.33017067	0.05028779	0.00520982	-0.09389452	-0.17957387	0.07784230	-0.00801489	0.00641932	0.11506765	0.01783693	0.09521224	0.06930703	0.06941908	0.02296313	0.14069098	0.18690117	0.27428677	-0.18875003	-0.00377315	0.10532843	0.04999087	0.31360811	0.09543032	0.08754674	0.08822870	0.03465605	0.19413643	0.13492411	0.30016040	0.17376839	0.06820847	0.02927593	-0.02159729	-0.05441238	-0.08127602	-0.08620281	0.20320585	0.10488145	0.21267947	0.09764884	0.20331655	-0.32935754	0.07644736	0.20830968	0.03904807	0.08368840	0.03604196	-0.03681553	-0.09921949	-0.02807704	-0.26255656	-0.21241429	-0.22499407	-0.12977606	0.12360498	-0.19007572	-0.15217632	0.12484186	-0.02592827	-0.04823244	0.11186946	0.20283413	0.08501789	0.06707517	0.02628349	0.09100598	-0.12003258	0.13336129	0.05349267	0.13666407	0.08497677	0.20166174	0.19241024	-0.19006181	-0.15322416	0.00012431	-0.17247792	0.00319942	0.11276388	-0.05014812	0.01364751	0.03125352	0.16643541	0.10507752	0.18143393	0.36010969	0.31243517	0.07448654	0.28385672	0.11847245	0.05873176	0.10738991	0.07397204	0.14508570	0.03405463	0.08082955	0.21302961	0.12755921	-0.07618239	0.06650169	-0.03625427	0.24595781	0.12700527	0.06011187	0.28282004	0.02214707	0.13610598	0.10889930	0.08106064	-0.00858381	0.07168752	0.08837212	0.10135615	0.07066881	-0.05646131	0.12341954	0.13378685	0.23611849	0.04735656	0.14815048	0.19194970	0.11302387	0.11222710	0.18280295	0.00043192	-0.01358665	0.17287333	0.14441112	-0.09706706	0.00494398	-0.07019123	0.10884290	0.01826211	-0.11635498	-0.10988056	-0.13814573	-0.06720463	0.00337064	0.10230854	0.09981885	0.05140365	0.07003519	0.16905250	-0.02789755	0.10187554	0.04730299	-0.04894044	0.07715546	-0.09665175	-0.09778025	0.03981974	0.05581041	-0.06776914
17Networks_RH_SalVentAttnA_ParOper_1	0.01653721	0.06344395	-0.05801907	0.04230972	0.13289510	0.18819628	0.12863183	0.27798505	0.21762670	0.17539196	0.18019374	0.14930178	0.28729276	0.18427887	0.01747718	0.16904116	0.10072392	0.16214768	0.03565638	0.27238190	0.04904450	0.23343144	0.12303200	0.20309969	0.51096326	0.23058751	0.32169310	0.19479544	0.35460374	0.44301608	0.35370068	0.49171361	0.27962919	0.34188880	0.19730973	0.37397228	0.27875262	-0.05066281	0.13322884	0.46226548	0.37452229	0.21950077	0.17121630	0.19104122	0.39752171	0.24737084	0.49138843	0.54366308	0.14671988	0.43107225	0.31395216	0.43079108	0.55215770	0.42321618	0.05717583	-0.00549864	0.04836376	0.20264250	0.15536987	0.02292805	0.24032579	-0.03872645	0.14010210	0.05846485	-0.10320211	0.11231125	-0.15025238	-0.00962071	0.19472997	-0.04343831	0.10639002	0.19611299	0.24078104	0.19991630	0.07405259	0.20473455	0.27151863	0.29422421	0.29189193	0.29752114	0.06264435	0.21467673	-0.07606445	0.14354990	0.29501081	0.61132388	0.47311212	0.46283017	0.43892892	0.40910922	0.44683203	0.51058251	0.61734207	0.38173198	0.37337021	0.44126075	0.20244261	0.53648848	0.34749805	0.26648898	0.28933188	0.23876499	-0.06604699	0.25169925	0.44401685	0.01780456	0.01148798	0.14776383	-0.00638180	0.06978983	-0.00369183	0.05984145	0.10138021	0.02142502	0.00614074	-0.00022187	-0.01851092	0.07153746	0.05606842	0.19869060	-0.05151978	-0.20563766	0.23023417	-0.06900013	0.03051151	0.03143723	0.11323081	0.11144384	0.09155190	0.20060692	-0.02377559	0.05410664	0.35380856	-0.07361354	-0.01664146	-0.06342320	0.02573514	-0.13522402	-0.25675430	0.02813283	-0.10098854	0.01921813	0.25159223	0.04614953	0.16251842	-0.16522536	0.03198271	0.20364846	-0.05720828	-0.15857817	-0.22724370	0.01531993	-0.24316370	-0.17787733	-0.15663606	-0.22352134	-0.04254364	0.10995154	-0.19406087	-0.06907747	-0.02380704	0.05035054	0.19793175	0.23083209	-0.13422511	0.26683304	0.11418214	0.06258099	0.04227270	0.01860218	0.02942285	0.15469994	-0.00265895	0.02715432	0.08416694	-0.15360470	0.10538953	0.06656541	-0.16402495	0.18334747	-0.02875203	-0.09346714	0.35582410	0.12118906	0.17041736	0.21124035	0.15085546	-0.20952232	0.09033316	-0.06502477	-0.04147325	0.13365152	0.14134075	0.15758694	0.39157408	0.29832928	0.30028174	0.35742315	0.08148055	0.50945124	0.08327621	-0.06087133	0.08384528	-0.08370225	-0.01501067	-0.11868070	0.03252653	0.27984022	0.16414888	0.35132984	0.14685477	0.18961181	0.21010634	0.13691182	0.00950204	0.11720416	0.14165871	-0.08820985	0.19710063	0.25481491	0.08336256	0.12105845	0.20151360	0.18453260	0.15406403	0.41337149	0.12143111	0.52502206	0.15112708	0.26394122	0.26450017	0.33715436	0.19899944	0.27085865	0.37981723	0.23883262	0.21090340	0.27784530	0.30339767	0.23146483	0.11224843	0.20437444	0.08941066	0.20971096	0.34837019	0.37406480	0.24738894	0.29505148	0.39460833	0.20484964	0.49533946	0.37676557	0.43565031	0.38149969	0.48732493	0.17938310	0.02638410	0.19601237	0.38986975	-0.08927423	-0.06411770	0.25958853	-0.08252399	-0.05674376	0.11346602	-0.00180320	0.26035492	0.11541949	0.19975786	0.30306732	0.33816929	0.23236209	-0.03908366	0.19577610	0.31630288	0.14393721	0.23752680	0.37945027	0.25030303	0.40109162	0.30106342	0.14263049	0.21010500	0.32691333	1.01397770	0.57358921	0.58336415	0.40720765	0.22359847	0.26440703	0.42006443	0.41519550	0.42254905	0.55233788	0.38853275	0.55818113	0.33648727	0.24062474	0.30094689	0.44116587	0.38540920	0.39134952	0.20518705	0.52203027	0.15618054	-0.01267454	0.23239119	0.18421948	0.08720183	0.55366614	0.19791618	0.42831250	0.07434085	0.06718792	-0.04290763	-0.07037589	0.07980167	-0.15246903	-0.06876179	0.11966668	0.09899586	0.05640967	0.05132725	0.00619639	-0.16532813	0.07801456	0.05141185	0.12072204	-0.21804557	-0.04255401	0.20055982	0.06983239	0.28467907	0.08294656	0.18266089	0.02258412	-0.03503540	0.14559170	0.05398418	0.41661121	0.09851726	-0.02798154	0.08105262	-0.15062826	-0.17597187	-0.07246706	-0.03301831	0.21102558	0.09053049	0.33910938	0.07262761	0.26596983	-0.31404994	0.02007401	0.06458589	-0.03142344	0.14726239	-0.01132238	-0.10070847	-0.13488921	-0.07124134	-0.19447248	-0.23432700	-0.18232710	-0.15518814	0.12215448	-0.14105842	-0.05966667	0.00833177	0.06306934	0.06422696	0.12536271	0.30839205	0.02662267	0.11483025	0.07996694	0.19648134	-0.15348154	0.14648558	-0.02068564	-0.00035953	0.09475741	0.30246975	0.28950285	-0.25067600	-0.26896182	0.07921116	-0.10715468	0.03404075	0.10274970	0.13455218	0.05085504	0.01940718	0.35565584	0.18586273	0.21134247	0.55495644	0.60924445	0.06773514	0.42931548	0.05807831	0.10739131	0.08127109	0.03436564	0.18512839	0.11954468	0.21829406	0.24115271	0.06097096	-0.05153347	0.11186253	0.10838129	0.31421735	0.31957153	0.09738929	0.19537968	-0.00044225	0.09210784	0.06885083	0.10613591	0.01488694	0.03085398	0.19116318	0.17093627	0.00031554	0.02775070	0.12768890	0.06147863	0.36102064	0.18129855	0.20162692	0.22025879	0.13395997	0.15906418	0.20911989	0.05967176	0.16951745	0.24223244	0.16528798	0.23919617	0.07400604	-0.02155251	0.13823958	0.06941708	0.03802024	0.10944536	0.03131697	-0.07303997	0.13549582	0.18302501	0.22597127	0.09722368	0.09776530	0.25194603	0.15954833	0.22467446	0.08710647	0.03230496	0.08222417	-0.10072405	0.04747038	0.08567715	0.05273693	0.05414442
17Networks_RH_SalVentAttnA_ParOper_2	-0.00198810	0.12501090	0.01241580	0.03967799	0.06453052	0.12363712	0.13543938	0.25990705	0.28241609	0.10304208	0.27040876	0.22993165	0.25161239	0.11051492	0.04231844	0.08769025	0.00835123	0.17655654	-0.06157516	0.18356728	0.02774076	0.15511047	0.22151872	0.13200847	0.53892449	0.25524093	0.30060244	0.25535261	0.42959394	0.33295593	0.45111708	0.51504115	0.33503588	0.44385550	0.27020518	0.40752977	0.49647812	0.10802804	0.26817065	0.37622485	0.46988591	0.29162906	0.35663946	0.30499969	0.36615999	0.25130876	0.46507377	0.50799135	0.37338368	0.31941973	0.18897560	0.31971662	0.49191973	0.39295959	0.12065662	-0.08404196	0.06548644	0.24908835	0.18803402	-0.02647092	0.22937043	-0.04969191	0.15205211	-0.02601337	-0.09671819	0.18251732	-0.05879278	0.08309200	0.13137717	0.03303211	0.10294792	0.30264474	0.26795383	0.34673069	0.10070946	0.30541728	0.35662326	0.34665988	0.18316969	0.33033610	0.14403161	0.26726459	-0.03607140	0.20081239	0.29436946	0.40191078	0.28553356	0.25843221	0.32043517	0.36107175	0.37728441	0.41787642	0.50476065	0.28269198	0.36540401	0.21598160	0.08113766	0.43972516	0.27519521	0.26942707	0.19001472	0.09657677	-0.20084496	0.09751509	0.30548370	0.04586659	-0.07566655	0.20170490	-0.05990034	-0.00536232	-0.01298554	0.11873130	0.10253100	0.24179814	0.11038131	0.11185329	0.13911556	0.17663687	0.00327599	0.19792070	-0.00517529	-0.09899669	0.00569240	-0.09486929	0.07029208	0.06653050	-0.09273655	-0.01365082	0.06806288	0.18940812	0.03040400	0.13105282	0.25019200	-0.14689443	0.08765721	-0.11458864	-0.04335423	-0.06071761	-0.24216737	-0.02471884	-0.15482624	-0.06897734	0.13992791	0.06841734	0.08931080	-0.27493965	0.09642541	0.13815998	-0.00468405	-0.08562512	-0.22779817	-0.04097698	-0.15868290	-0.06621024	-0.06437736	-0.04326746	0.02644268	0.09427486	-0.21437057	-0.09982759	0.03578354	0.11001286	0.09005319	0.14491834	-0.11758329	0.16419457	0.09653402	0.22286780	0.11862960	0.10579885	0.09642811	0.14811523	-0.12566712	-0.05637382	0.07296704	-0.12381381	-0.04057709	-0.07120022	-0.13703721	0.11320514	-0.17886127	-0.09252679	0.20496163	-0.01834606	0.09297871	0.06947303	0.07476985	-0.14499834	0.09115596	-0.00384861	-0.04900502	0.08325762	0.17343635	0.21000399	0.31215136	0.22571609	0.36909999	0.25473590	0.04301258	0.35161526	0.13156524	-0.01203932	0.09841944	-0.06790397	0.03499316	-0.02007310	0.07314205	0.38374248	0.23120207	0.33205483	0.26965224	0.27921705	0.26318507	0.18472118	-0.01448985	0.06379268	0.06954793	0.07276896	0.09922737	0.22713244	0.04067716	0.11462293	0.19682243	0.27009497	0.17017975	0.48105151	0.21999677	0.56342807	0.27456378	0.46226559	0.38000233	0.34127407	0.33623227	0.38808662	0.45766477	0.37154516	0.37224933	0.36079741	0.37834443	0.14476132	0.23300636	0.26412818	0.15654741	0.08914070	0.29015969	0.32299207	0.28093594	0.17155196	0.37295808	0.28441127	0.38888117	0.29101826	0.44056840	0.42341765	0.48803099	0.28365111	0.08329146	0.23195001	0.27786036	-0.06895384	-0.03616244	0.29697324	-0.02605788	-0.01702307	0.17600558	0.06329395	0.12215807	0.15461102	0.19368617	0.24479765	0.38525801	0.25436079	-0.04489887	0.38000563	0.43165049	0.21731153	0.34452608	0.38797709	0.15242829	0.39135020	0.34602295	0.13821881	0.18148365	0.25348685	0.57358921	1.10291112	0.48366536	0.36103979	0.15899002	0.04389430	0.30761580	0.33836065	0.35607974	0.50461071	0.25133873	0.53621548	0.40049497	0.21992223	0.25882170	0.26070040	0.33298757	0.36046351	0.03953335	0.38753353	-0.02727273	-0.00383199	0.18189788	0.14212838	-0.02178781	0.42213918	0.27058357	0.38574909	0.01700621	-0.05997497	0.02661383	-0.08510606	0.14440460	-0.10970431	-0.04312341	0.26811528	-0.00287470	0.15473518	0.06396933	-0.06212593	-0.06519345	0.13943885	0.07145740	0.08186511	-0.16362852	-0.07645139	0.29218239	0.10388262	0.27156270	0.17166232	0.28000228	0.13583879	0.01437617	0.13864214	0.06308984	0.26640662	0.06696991	-0.09727997	0.06648106	-0.04033175	-0.07412631	-0.15420618	-0.08655758	0.07004034	0.05855813	0.24208193	0.11092019	0.16696073	-0.26388243	0.04654161	-0.04811008	-0.05552128	0.25374831	0.13083799	-0.07303730	0.00088873	-0.03414329	-0.04089380	-0.13746632	-0.11324123	0.05847255	0.10177050	-0.00961290	0.05050453	0.09871315	0.14502509	0.10025202	0.09904326	0.23821474	0.10932217	0.20127804	0.13537709	0.09865540	-0.07292968	0.03426822	-0.02802679	-0.00843479	0.06769423	0.11808805	0.11346320	-0.15117072	-0.13810418	0.05575735	0.00107127	0.02894857	0.16506239	0.15264017	0.23882423	0.04250648	0.36106175	0.33056850	0.22495009	0.36076010	0.49254809	0.04144220	0.34315161	0.22820328	0.14959599	0.11847000	0.08796647	0.20027178	0.16941793	0.27303603	0.30957124	0.04974092	-0.09199576	0.09641777	0.13560954	0.29363778	0.30711125	0.12889742	0.15900840	0.10931918	0.13482535	0.04168723	0.04887766	0.01094928	0.08624488	0.24869452	0.35357054	0.00454734	0.03337951	0.21502648	0.02582557	0.32791830	0.26005122	0.20190748	0.26458976	0.21170624	0.23604720	0.30829974	0.11517551	0.14122492	0.42892338	0.22852486	0.12537119	0.10371670	0.10916725	0.18309071	0.12766727	0.05829645	0.16081898	-0.06771005	-0.10089510	0.16954156	0.28273589	0.31185388	0.13287840	0.06484176	0.29418774	0.23009855	0.19041758	0.12756279	0.02678630	0.15554368	0.03322885	0.18510910	0.07360797	0.05740930	0.08880240
17Networks_RH_SalVentAttnA_ParOper_3	-0.09055829	0.02888512	-0.14409244	-0.01081566	0.06199056	0.10856637	0.14171420	0.26888010	0.25467157	0.05458129	0.19357869	0.09603743	0.21040650	0.02058204	-0.06628970	0.02273783	-0.02155961	0.08189146	-0.02443652	0.21577286	-0.05636911	0.02893759	0.17551182	0.08269471	0.34355726	0.08958366	0.20894637	0.25102129	0.22402989	0.34785972	0.33325839	0.35680032	0.13592416	0.31458876	0.21325147	0.33988792	0.29299615	-0.06299394	0.12366980	0.32590170	0.28872321	0.20933436	0.12735189	0.03725583	0.16898541	0.11206971	0.36584073	0.19532156	0.03594126	0.21439538	0.09133197	0.21274518	0.30797553	0.29424803	-0.00371702	-0.03485145	-0.02421395	0.13623114	0.05329501	-0.05641726	0.18422467	-0.15917896	0.14221142	-0.00828127	-0.00712741	0.01666453	-0.04322514	-0.00704725	0.28163303	0.05596228	0.17426789	0.24775523	0.20070976	0.21038931	0.10920493	0.23222364	0.37044595	0.34818491	0.31373845	0.28381051	-0.06078723	0.18715668	-0.04394440	0.17706216	0.30161014	0.38516414	0.34018666	0.40805405	0.32268085	0.30392517	0.36854263	0.40695622	0.38137665	0.33031779	0.28938651	0.28860273	0.20663865	0.29728276	0.23463068	0.23795571	0.21462601	0.09792182	-0.10100548	0.19720334	0.33934783	-0.00872524	-0.04332687	-0.00775277	-0.16356522	0.06658659	0.01628463	-0.02843219	-0.10207612	0.01560914	0.03923628	0.01663642	0.00881485	0.04972198	0.08829158	0.15967846	-0.03855751	-0.16991428	0.29546101	-0.05687540	0.12952722	0.02420400	0.03718327	0.19722968	0.13804039	0.21582233	-0.02751994	-0.01953867	0.24250399	-0.18633556	-0.01625607	-0.07893784	0.09875224	0.03330460	-0.26627988	0.05668479	-0.22201996	-0.13079509	0.10370961	-0.06827205	0.17078630	-0.10664796	-0.10030678	0.15400959	-0.12774588	-0.20763536	-0.20642612	-0.09232586	-0.22052908	-0.28903090	-0.26106477	-0.21354640	-0.05629029	-0.04753253	-0.23352966	-0.07038134	-0.17250654	-0.09855561	-0.05247735	0.02101686	-0.30597428	0.01438743	0.06083659	-0.05848079	-0.07417740	-0.04698895	0.04711566	0.08862760	-0.06884792	-0.01448432	-0.08783641	-0.23478887	-0.08183721	-0.11397875	-0.23662766	0.05938161	-0.18344237	-0.09443704	0.15484750	0.05098788	0.06763825	0.17887315	0.16173070	-0.17968737	-0.00824993	-0.15628571	-0.14233332	-0.02233198	0.10856364	0.13205305	0.32073951	0.24185427	0.26262913	0.32135265	0.01782277	0.36780845	0.04302301	-0.11457447	-0.08305369	-0.15301157	-0.04502045	-0.14595102	-0.07801887	0.30945315	0.23440397	0.29953245	0.06933027	0.12276207	0.16895373	0.05723239	-0.12975092	-0.07186738	0.04243685	-0.15709735	-0.02704897	0.05596017	-0.03830164	0.03385366	0.14719286	0.23799971	0.08975152	0.32563978	0.13269906	0.38333442	0.12895000	0.26527458	0.17417130	0.35855425	0.22834752	0.29432568	0.43095470	0.25308070	0.23803969	0.17362026	0.22817188	0.27835464	0.09134347	0.21889987	0.08608766	0.10732625	0.17576959	0.23711378	0.09930999	0.16454748	0.23880926	0.10145253	0.24733416	0.22822947	0.21803878	0.27216751	0.39571162	0.14620597	-0.02150734	0.15558501	0.37941945	-0.10418984	-0.08198680	0.31695354	-0.05001123	-0.04167164	0.17805271	-0.00667125	0.25841434	0.10189868	0.28240769	0.36261350	0.28425547	0.27125976	-0.00257571	0.30496924	0.47548087	0.26721961	0.36133997	0.43479146	0.22863954	0.39066774	0.29601928	0.10547554	0.27422011	0.27213939	0.58336415	0.48366536	1.04158918	0.35121933	0.18826643	0.18972055	0.36968106	0.30548365	0.32658882	0.39735597	0.31984991	0.37280368	0.36385012	0.14884656	0.19929943	0.37677530	0.36238276	0.23902917	0.08359206	0.53707686	0.17063099	-0.00924480	0.09868615	0.06953322	-0.04099662	0.43558426	-0.01465795	0.23991757	-0.04609607	-0.02537834	-0.00143394	-0.05376585	0.06461907	-0.17044787	-0.04674940	0.08643102	0.12744194	0.01328007	0.09648295	-0.16928837	-0.12712676	0.28300466	0.11114655	0.19513470	-0.17580757	-0.04179943	0.22166245	0.12720611	0.32752769	0.11569997	0.14353266	-0.03949930	0.02147624	0.18614091	0.09662598	0.47361985	0.07903450	-0.10287567	0.00600748	-0.09479096	-0.20500885	-0.03942267	-0.05268121	0.13272332	-0.01868283	0.20255200	0.01511669	0.18592430	-0.29905613	0.07967003	0.02548043	-0.10042796	0.09821215	-0.09399988	-0.14608922	-0.16942813	-0.05551677	-0.25677582	-0.27825390	-0.21698641	-0.11092059	-0.00476452	-0.18339536	-0.14142343	-0.15253817	-0.09293615	-0.12866640	-0.04435764	0.07772881	0.07830106	0.16081172	0.12688864	0.04490915	-0.16428357	-0.03831492	-0.22678880	-0.06905271	-0.05359111	0.15070098	0.21992810	-0.29043082	-0.22209477	-0.04966913	-0.15134283	-0.02706313	0.12040558	0.10958532	0.06939121	-0.02330868	0.28713937	0.31082316	0.22598140	0.38402646	0.47851022	0.00014727	0.39335880	0.06767887	0.08812006	0.10411716	0.07309608	0.03839275	0.03782999	0.24724823	0.03039687	-0.03696169	-0.15659855	0.08580954	0.05973371	0.27749523	0.17350331	0.09528974	0.18514711	0.06937977	0.08750647	0.09017797	0.11605546	-0.04965766	0.02129597	0.19481881	0.10832997	-0.12147898	-0.07224496	0.05450906	0.04093340	0.24897169	0.10907506	0.12536825	0.23640382	0.13227323	0.15622652	0.24211709	-0.02471041	0.11141818	0.23885123	0.03236981	0.12415693	0.06149813	0.00098257	0.10717779	0.06160534	-0.01391906	0.04920504	-0.04432121	-0.16948928	0.11413468	0.16667610	0.24452937	0.08752469	0.03489033	0.28242753	0.15255529	0.18663653	0.14639687	0.01793652	0.03040716	-0.09178190	-0.02750850	0.00768701	-0.08556009	-0.05522840
17Networks_RH_SalVentAttnA_PrC_1	0.34225018	0.25125221	0.08928897	0.17793913	0.10811500	0.32150236	0.28637597	0.31388006	0.41788058	0.28245902	0.29571563	0.11345335	0.11005913	0.08293860	0.27806245	0.05429976	-0.13995836	0.19713663	0.10885402	0.27503712	0.07754420	0.23069980	0.34338678	0.20785796	0.48514435	0.31616203	0.36982393	0.15115280	0.41510980	0.34450241	0.31037469	0.47177844	0.39319688	0.35375134	0.19504188	0.41337973	0.19557151	0.23715742	0.41578035	0.52770793	0.38611403	0.09505411	0.36272851	0.11363522	0.33642915	0.26880006	0.25753894	0.38278409	0.01718772	0.12906216	0.38283570	0.45589447	0.38267350	0.40749004	0.34207427	0.16918725	0.38079763	0.19210847	0.44968648	0.15243457	0.15416850	0.20570799	0.18726941	0.03581735	-0.05595798	0.00291368	0.02101385	-0.00663880	0.28566959	0.28551540	0.23717905	0.33228324	0.22017042	0.32851357	0.18210833	0.31365820	0.24037285	0.26818860	0.16109034	0.22977355	0.23347341	0.44356317	0.24618097	0.28942850	0.48509765	0.37348337	0.38281979	0.29412221	0.20351532	0.19214445	0.41546569	0.38039146	0.44227012	0.55469946	0.39788768	0.27563084	0.28179724	0.57635259	0.60164594	0.31208336	0.31730832	0.32039052	0.17885708	0.19631515	0.46127556	0.15819998	0.05289032	0.37142163	0.24212800	0.02175155	0.09543523	0.21125802	0.31847698	0.14135993	0.11524462	0.20710809	0.13263453	0.09615601	0.07547223	0.05405449	0.14661645	-0.09338925	0.37120546	0.21742501	0.23901652	0.12987514	0.28589061	0.30656470	0.03393900	0.22932824	0.22289480	0.22577307	0.36259787	0.20922636	0.11946094	0.22066069	0.36602738	0.13915213	-0.00617648	0.34152324	0.21328639	0.32820441	0.50381958	-0.14332663	0.07303635	-0.20495463	0.05633246	0.09131297	0.16001245	0.04197703	-0.00260585	0.25981101	0.06200145	-0.21251990	-0.27557716	-0.04035396	0.26761316	0.26779938	-0.15829608	0.01565480	0.03832857	0.08749341	0.25985783	0.24700329	0.21625492	0.27369643	0.12080203	0.22569109	0.25674814	0.07004658	0.34599693	0.28666674	0.02107318	0.14795368	0.33447704	0.17695309	0.36766630	0.04695434	0.02417081	0.37460675	0.06476852	0.31671850	0.25962449	0.10962403	0.28299021	0.35975414	0.40376176	-0.08576170	-0.01673679	-0.21609007	-0.21613853	0.02458067	-0.08747395	0.05715280	0.16826966	0.22616920	0.29535599	0.41917441	0.18809888	0.38315605	0.25324878	0.12018921	0.30705775	0.05024131	0.04559363	0.18737345	0.19897337	0.37927021	0.30757083	0.36918365	0.09079405	0.23193231	0.19480129	-0.04608764	0.21731765	0.23048895	-0.04450335	-0.05787639	0.20312086	0.27050641	0.11836626	0.26016610	0.31026159	0.36350950	0.44701290	0.61017074	0.23830200	0.49769440	0.37090503	0.19124953	0.33102143	0.48937769	0.29923114	0.34113699	0.43574383	0.36039936	0.16919591	0.38931920	0.35507244	0.05468088	0.35971246	0.24109620	0.34878235	0.09559818	0.32891587	0.26597758	0.29391054	0.19464132	0.24693868	0.11013249	0.31821868	0.40918365	0.44855954	0.16860319	0.36853796	0.36814108	0.38874855	0.38339337	0.30544721	0.13682223	0.07373153	0.37354906	0.04545089	0.10651807	0.32429985	0.11998587	0.17998524	0.17691006	0.23496435	0.45476707	0.33321589	0.22871824	0.27052305	0.32231791	0.36008707	0.36399024	0.24578629	0.43481404	0.21195791	0.32652233	0.29705383	0.52350543	0.33352849	0.34644301	0.40720765	0.36103979	0.35121933	1.02330750	0.17539340	0.19237560	0.24920239	0.41580882	0.23126332	0.46963440	0.41361666	0.62667876	0.39737571	0.23907119	0.34276143	0.20733187	0.06784939	0.44266069	0.17600362	0.42320795	0.26976463	0.17232664	0.39191739	0.21827816	0.15654560	0.44687027	0.40285213	0.59029017	0.11276301	-0.03040821	0.06532736	-0.14192657	0.07470598	0.10394678	0.05179721	0.25063231	0.02555348	0.17201591	0.11771693	0.09607530	0.08262878	0.19455863	0.21506666	0.35037074	-0.23746677	0.30605524	0.48088360	0.22947611	0.40070014	0.41581823	0.24220338	0.26853227	0.14431043	0.21290375	0.28611218	0.31304708	0.25655276	0.17238658	0.26457782	0.32952213	0.06533363	-0.02028162	-0.03286488	0.32640656	0.35484727	0.46586188	-0.08468806	0.15656830	-0.31693258	0.17458206	-0.00757903	-0.16265773	0.05949523	0.14058844	0.01964968	0.19278324	0.04171809	-0.17586723	-0.29441528	-0.35654584	-0.02349901	0.32331144	-0.08092415	-0.04840711	0.20444640	0.08795237	0.14632546	0.22716035	0.35139303	0.22102557	0.32652186	0.04999198	0.38328181	0.26761269	0.39177280	0.11223380	0.27432974	-0.01057587	0.40316245	0.45652654	-0.14013982	-0.13138054	-0.05853638	-0.28253343	0.00624840	0.03817568	-0.02297629	-0.01690119	-0.07289003	0.26691904	0.19176379	0.22999036	0.45059703	0.48508870	0.18121730	0.36396244	0.01603611	0.03745857	0.16998744	0.11100447	0.17217054	0.04908749	0.24498684	0.26789026	0.01199251	-0.10063660	0.23995265	-0.05264235	0.32692591	0.37205717	0.01688670	0.36713603	-0.00160356	0.02892686	0.11626540	0.08121244	0.18916247	0.09633476	0.27299965	0.20607113	-0.04201924	-0.16218117	0.10531197	-0.01945299	0.35641306	0.35091589	0.23565492	0.34851453	0.16745461	0.14293481	0.21656754	0.03959934	0.06656347	0.22785937	0.21428045	-0.02404189	0.23174915	-0.02317323	0.16137271	0.13008323	0.04551393	0.07788621	-0.00398034	-0.03368020	0.21467236	0.13822721	0.18304624	0.15109198	0.16227571	0.14422833	0.04811676	0.23276903	0.22260997	0.17591450	0.27857625	0.17420453	0.11092756	0.24548129	0.25459633	0.17774381
17Networks_RH_SalVentAttnA_Ins_1	0.04693530	0.04765953	0.00175147	0.12678379	0.16765976	0.23740983	0.23139871	0.21735533	0.22764077	0.15944606	0.11615394	0.01931489	0.22840817	0.17654174	0.04977258	0.07408696	0.04931818	0.12461922	0.00922586	0.20401087	-0.07019530	0.05729843	0.01495575	-0.03767215	0.22308846	0.06423904	0.10621093	0.07152589	0.14718098	0.21506922	0.16770698	0.15769631	0.22014859	0.16402890	0.04799807	0.18891721	0.12182014	-0.07949945	-0.10954387	0.16797256	0.17336014	0.07918675	-0.05719713	0.24724416	0.16149726	0.13295586	0.29677254	0.19298682	0.17739678	0.17166520	0.26743989	0.23960581	0.16784576	0.11450067	0.06709197	0.00025006	-0.02452370	0.07009852	0.09601827	0.08855988	0.16495760	0.04757715	0.16336828	0.03523636	-0.10633930	-0.16017246	-0.14221187	-0.00429187	0.11607752	-0.15175353	-0.04922978	0.03420537	0.01899964	0.09574108	-0.12925887	0.10218634	0.04866498	0.09898671	-0.09750347	0.10477795	-0.00600084	-0.13095572	-0.13231704	0.04003638	0.00635373	0.13836015	0.10645784	0.18525930	0.46567449	0.38685890	0.12981383	0.20445615	0.28181071	0.12706891	0.03276125	0.20892114	0.01136656	0.13699041	0.00200461	0.00965250	0.08761357	0.08882465	-0.03692279	0.12407772	0.07922928	0.19464962	-0.07895218	-0.16400938	0.08922605	0.21294865	0.02726732	-0.01679136	-0.16636667	0.06122070	0.09730878	0.15259704	0.07868267	0.15160554	0.14532401	0.18733700	0.14163949	-0.19266298	-0.00019230	0.02299190	-0.01674890	-0.07258264	-0.15635317	-0.08277158	0.00082572	-0.06737022	-0.25253609	-0.24827624	0.05842935	0.02089244	0.03339687	-0.13672798	-0.02435689	-0.05449182	-0.28785125	-0.15246555	-0.18964944	-0.08366507	-0.13339517	-0.03867717	-0.02352478	-0.05728086	0.10178184	0.05790538	-0.17735005	-0.23890142	-0.18828653	-0.13122723	-0.22136038	-0.10647832	-0.25037964	-0.12201470	-0.04037919	-0.12098483	-0.25276923	-0.11388437	-0.22332032	-0.09470996	-0.14178592	-0.10663569	-0.21975953	-0.08145574	0.13497014	-0.02890191	-0.08855018	-0.00958182	-0.00351091	0.13632856	-0.02851520	-0.01563643	-0.14175707	-0.02456572	-0.00167425	0.02139110	-0.16889947	-0.17101276	-0.06337635	-0.19462310	0.15620069	-0.03307540	0.00063106	0.11556460	-0.05471748	-0.19859817	0.09161011	-0.12108219	-0.06706448	-0.02027780	0.05515903	0.09309272	0.21482281	0.27892366	0.11101911	0.20156805	0.04807918	0.25187433	0.02873827	-0.02524467	0.03463968	-0.05989719	-0.02978629	-0.13586280	0.03422807	0.19221053	0.29492558	0.18320591	0.12700329	0.02808150	0.24746317	0.14934551	0.15236332	0.17005522	0.11476574	0.04708154	0.27950630	0.03198448	0.01997343	-0.05246607	0.02362793	0.07395043	0.13514286	0.21176721	0.05099252	0.17097493	0.02057542	0.07679348	0.20318385	0.08366198	0.08314730	0.00531653	0.14668596	0.04853810	0.05545990	0.09373110	0.15686269	0.09419981	0.02647919	0.09718847	0.00173231	0.32553479	0.27564779	0.24749576	0.21677671	0.13515713	0.18840809	0.06310794	0.07898196	0.20526037	0.25725293	0.08305586	0.19361291	0.10742650	0.04615624	0.10564170	0.09046320	0.01916751	0.13953806	0.14364250	0.02040680	-0.17838607	-0.04379864	-0.00024981	0.10953251	0.09737932	-0.00751317	0.09623337	0.16791529	0.01258346	0.04365560	0.13018451	0.09760397	0.00206201	0.12518533	0.24441175	0.05370981	0.11410636	0.10418988	0.06974598	-0.02703800	0.07543438	0.22359847	0.15899002	0.18826643	0.17539340	1.06725190	0.48572913	0.38626184	0.38988045	0.26168711	0.42091782	0.26310992	0.21852755	0.08316420	0.19402547	0.15377717	0.28247129	0.09436874	0.23636200	0.02908022	0.23770377	0.06785661	-0.07739273	0.04327179	-0.01503451	0.10101901	0.31727857	0.11524010	0.11872640	0.11231641	0.20326003	0.09706574	0.10054050	0.01719438	-0.14516202	0.22342512	0.10063088	0.26113138	0.16934607	0.19425788	0.01788503	-0.06672603	0.02755922	-0.00548980	0.00204136	-0.18292630	-0.03847570	0.14748263	-0.04185779	0.02413291	0.01098119	-0.03772704	0.07969923	0.08872558	0.18214314	0.04762666	0.11436736	0.09523391	-0.02619635	0.05499013	-0.08239284	-0.11631820	0.08232044	-0.02619224	0.10364937	0.00037058	0.07746439	-0.04986361	0.12152762	-0.17866092	-0.05621829	-0.01346022	0.06861572	0.06338768	-0.00946212	0.01627164	-0.12779490	-0.06145951	-0.04684396	-0.06422732	-0.17460328	0.14517051	0.09400890	-0.08783143	-0.07550826	-0.02459733	-0.00674343	-0.07359353	0.00254555	0.16240062	0.14853640	0.13543899	0.04790648	0.12504190	-0.06139555	-0.07176065	0.06898599	0.03261985	0.25057045	0.28913780	0.22955534	-0.20954962	-0.18996143	-0.05739128	-0.04388297	0.01863108	0.14023220	0.28793072	0.11756672	0.07048134	0.29051473	0.18358901	0.26370601	0.44394755	0.36744521	0.09707391	0.19866837	0.11684983	0.10839885	0.17691579	0.19743161	0.04612021	0.06648139	-0.01888743	0.03545390	0.06099009	0.01167516	0.08959713	0.02296159	0.14880959	0.18152396	-0.09477857	-0.00941839	0.12276065	0.19305759	0.08504623	0.12776919	0.15774577	0.04438301	0.01153807	0.03209682	0.01429727	0.01216027	0.00602458	-0.01077385	0.20531760	0.12329917	-0.02651465	0.04680296	0.24752816	0.07089243	0.12440078	0.16596420	0.14204506	0.21476636	0.18075303	0.19647418	0.10657086	0.02793394	0.18654447	0.09826682	0.13566434	0.16632635	0.08859840	0.09908623	0.11365791	0.26228496	0.35942988	0.10701400	0.10476105	0.18387647	0.09046567	-0.05327318	0.02870839	-0.01620903	-0.02900579	-0.11167674	-0.02877027	0.07119972	-0.04976234	0.02235256
17Networks_RH_SalVentAttnA_Ins_2	-0.00049754	-0.01824258	-0.18177641	-0.10493836	0.07931836	0.17870429	0.06723541	0.14112229	0.16622305	0.12828973	0.11307052	0.02491537	0.08881467	0.20055775	0.01670882	0.12492337	0.14250462	0.11170255	0.04576804	0.29456914	0.06735050	0.17974003	0.09333499	0.01518372	0.17814886	0.03215089	0.11330186	0.10078124	0.10431885	0.22471056	0.08717961	0.14092953	0.13410777	0.11244299	0.10220907	0.09455434	0.03604039	-0.16539856	-0.09076956	0.15414793	0.11258286	0.01819305	-0.01846114	0.10917038	0.15667306	0.22959088	0.43739191	0.13347843	0.03288406	0.24530717	0.25234284	0.15967183	0.18411022	0.06446908	-0.00299043	0.07989027	-0.10788023	0.14774606	0.01173733	0.01680896	0.11551858	-0.05765316	0.04602580	-0.04146007	-0.09027772	-0.17555950	-0.01924016	-0.13918195	0.17359473	-0.00904588	-0.04776079	-0.00974136	0.00073846	-0.04251060	-0.13724443	-0.07117227	0.02650705	0.12049999	0.02735349	0.20143281	-0.08033495	-0.05589766	-0.04870285	0.13908888	0.06526830	0.14286385	0.18979998	0.24453247	0.59775642	0.29049471	0.31256278	0.18809960	0.29894156	0.32300492	-0.01809339	0.28528254	0.04930171	0.11796085	0.17110424	-0.06124506	0.11213100	0.23094357	0.13796131	0.35818931	0.33758473	0.26558206	-0.02659255	0.03616909	0.06490694	0.16811248	-0.10670846	-0.23001484	-0.15705898	-0.17544344	-0.12828474	-0.07573228	-0.11114649	-0.06679602	-0.03870002	0.07344955	0.14359787	-0.13129108	0.10538105	0.01830415	0.06167528	-0.02836851	-0.02087451	0.14934944	0.18019618	0.01893501	-0.06059949	-0.12190564	0.16381392	-0.08765495	-0.08727782	-0.11521493	0.03476856	0.02362463	-0.19386413	-0.03918812	-0.13337981	-0.00235266	-0.10201426	-0.01777427	0.09392502	-0.09181893	0.04701306	0.01123979	-0.20568811	-0.23150467	-0.20450837	-0.04740363	-0.14988365	-0.26101544	-0.30440214	-0.23023780	-0.10364156	-0.15283784	-0.21506468	-0.17691589	-0.14684813	-0.06420737	0.02074491	0.06704033	-0.21642505	0.06398469	-0.02111978	-0.14423808	-0.19304717	-0.00826164	-0.05661495	0.07389540	-0.10935370	-0.02063272	-0.14935168	-0.00622337	0.18202595	0.09893317	-0.07282812	-0.05254731	0.13314217	-0.14808033	0.19056457	0.09615463	-0.10457840	0.21135148	0.18441528	-0.27316492	0.14698732	-0.14654759	-0.05738549	0.00566873	-0.04803502	0.12191326	0.23803873	0.16525340	0.08612653	0.16525009	0.12319624	0.21702550	-0.02073965	-0.14182402	-0.05729669	-0.04088558	0.03702259	-0.15335539	0.02428946	0.03942639	0.16924135	0.10791124	-0.00033753	0.00182192	0.13424656	0.02834234	0.10742215	0.12437581	0.14294124	-0.07664977	0.30049155	0.10522545	0.09160359	0.02249456	0.09381801	-0.04707488	0.03619524	0.13698184	-0.08100774	0.17124838	-0.10541918	-0.00225223	0.13494026	0.15164263	0.00575743	0.01778209	0.10948956	-0.01814294	0.02500911	0.01939713	0.06869292	0.03780031	-0.05155035	-0.02334567	-0.06861721	0.46758080	0.33874552	0.28429882	0.07291433	0.17937227	0.16896024	0.03971882	0.11742536	0.26965807	0.08589211	0.09477142	0.11784347	0.02275040	-0.10490195	-0.00234134	0.07467836	-0.11141601	-0.03804323	0.03710757	-0.00812053	-0.17431619	-0.05933926	0.03347424	0.17561466	0.04344784	0.01499595	0.13719890	0.14025169	0.05280755	0.07052668	0.05816473	0.00550408	0.00793152	-0.01931332	0.23495918	0.05375518	0.10876498	0.04293669	0.03854689	0.07941705	0.17697496	0.26440703	0.04389430	0.18972055	0.19237560	0.48572913	1.17494984	0.40401773	0.50120730	0.21241373	0.46632651	0.45531143	0.17116680	0.01562544	0.04059242	0.19291796	0.30253941	0.04930165	0.14286953	0.12249393	0.23755584	0.21405493	0.13139752	0.16935082	0.12181708	0.45217000	0.51087071	0.22194550	0.31335107	-0.07601036	0.15019873	-0.12808390	-0.10572698	-0.13737141	-0.11571922	-0.07096983	-0.13514095	0.12464148	-0.13377678	-0.02903303	0.00773946	0.01028315	0.00200716	0.12992540	0.04732088	-0.11788364	-0.00044322	0.12175689	0.03943418	0.11874037	0.05041286	-0.01447461	-0.06859317	-0.00585360	0.16385483	0.12574801	0.24579452	0.16035287	0.17539269	0.08343488	-0.11657163	-0.02471864	0.09688662	-0.01142033	0.19673386	0.00301989	0.05775014	-0.06707663	0.17134329	-0.25017171	-0.03291660	0.10813916	-0.06715326	-0.01771316	-0.20285936	-0.05841782	-0.07783532	-0.10463221	-0.09099647	-0.18792694	-0.23132747	0.01436890	0.04064087	-0.16900151	-0.16233324	0.03427408	0.06713434	-0.08274469	0.09311467	0.24666631	0.04478061	0.09401918	-0.16718576	0.04400268	0.00098008	-0.07205966	0.10979255	-0.10562798	0.37190168	0.28392591	0.36814924	-0.30730810	-0.25233069	-0.03151056	-0.13951916	0.21027048	-0.05174781	0.03089346	-0.08974760	0.05839565	0.14321619	0.11378021	0.23734993	0.35734425	0.32289857	0.00103806	0.16390298	-0.10120005	0.08557617	-0.11934033	0.04870685	0.01408567	0.10737137	0.02339379	0.01136661	0.17898606	0.15024318	0.15832492	0.01070002	0.23839594	0.18346809	-0.09614313	-0.01159100	-0.12018591	0.03629834	-0.00576555	0.09223988	0.05177901	0.02319496	0.09954951	0.01330150	0.13851260	0.18578147	0.00425643	0.07247624	0.39089035	0.11087667	0.08177738	0.16935503	0.08062962	0.09691536	0.06689647	0.02505612	0.12609750	-0.00810788	0.04898592	0.11769997	-0.01337258	-0.11912386	0.10694577	0.00490597	-0.02253574	0.02130362	0.18651177	0.19516203	0.03697919	0.04643751	0.13875853	-0.02038436	0.09017625	-0.03367095	-0.06300366	-0.06736627	0.01258871	-0.13961248	-0.15072261	-0.25763539	-0.20655352	-0.04759553	-0.13288016	-0.06708492
17Networks_RH_SalVentAttnA_Ins_3	0.13485070	0.11503559	0.01353712	0.04914304	0.19813602	0.35570607	0.20648742	0.27228138	0.24241412	0.16115917	0.13709392	0.08040847	0.38932570	0.40530911	0.16845112	0.32427757	0.15462471	0.23764282	0.15167457	0.41781322	0.06696792	0.28679386	0.04895818	0.11630331	0.35551084	0.13586960	0.12084186	0.04457860	0.20296027	0.26978195	0.29473186	0.30389568	0.17706078	0.20015170	0.03226116	0.30108478	0.22276865	-0.07496107	0.02469615	0.30731241	0.26464689	0.18138322	0.07931246	0.16715178	0.35480216	0.23997858	0.46689957	0.33781827	0.08386439	0.37461702	0.34631440	0.35638376	0.35456727	0.32814733	0.04679247	-0.09591333	0.01793931	0.07400100	0.16731989	0.05884434	0.32652778	0.00529929	0.25448283	0.02298919	-0.06489144	0.02823631	-0.11698232	-0.02228668	0.07626706	-0.09468155	0.00824479	0.00406384	0.13017561	0.12250228	-0.06373760	0.09588765	0.16121614	0.15219930	0.11861706	0.16852014	0.06229338	0.07866169	-0.03517133	0.14868642	0.17825373	0.37721497	0.27920160	0.30898954	0.58720898	0.55721987	0.32581565	0.33921055	0.40161349	0.30120388	0.18306936	0.28316618	0.04359031	0.32508650	0.25719677	0.13778046	0.19034427	0.14851391	-0.08769237	0.26596027	0.48946404	0.14911715	-0.06196405	0.11759964	0.05067895	0.19093486	0.03349799	0.06362900	-0.01655145	0.09511217	0.13729618	0.15912115	0.08534176	0.06867703	0.17159118	0.31318742	0.15209779	-0.17262343	0.10822312	0.01209409	0.05559462	0.01552760	-0.01484123	0.12732537	0.05115957	0.09059626	-0.01050742	0.00731037	0.25777904	-0.10224117	0.06086165	-0.05990717	0.02403254	-0.04970365	-0.23200481	-0.02087270	-0.07049742	-0.05185690	0.08434974	0.08378193	0.13167168	-0.12026018	0.07862728	0.08741113	-0.11480976	-0.18106103	-0.13639686	-0.09983364	-0.20251195	-0.19986567	-0.20995168	-0.12904656	0.00025809	0.01753716	-0.11907668	-0.06215994	-0.02061300	0.00283203	0.08751101	0.17247451	-0.17806849	0.19065348	0.20010640	0.09567143	0.04869593	0.07273790	0.02353152	0.21228321	0.03338481	0.02821909	0.00923344	-0.12779079	0.06184889	-0.06588811	-0.15760596	0.03114085	-0.10820368	-0.10657675	0.29092387	0.06522007	0.07191427	0.17856015	0.19092645	-0.16880957	0.32601401	-0.05832881	0.10102998	0.12246798	0.21337099	0.38333699	0.37268088	0.27019922	0.23210818	0.38305795	0.11514331	0.32483666	0.10662139	-0.08200761	0.05579795	0.02116493	0.09849456	-0.27745997	0.18852680	0.17650930	0.21088374	0.25909494	0.08975342	-0.00404461	0.28964423	0.28138865	0.28843744	0.21536791	0.24966617	-0.09491103	0.29085622	0.18404326	0.09906662	0.05588432	0.10052326	0.17485110	0.07019940	0.29977631	0.12030410	0.35139208	0.14469358	0.20435995	0.23520078	0.20149643	0.23409935	0.18694088	0.30978529	0.12222390	0.15168512	0.24437869	0.14768957	0.16263109	0.14315725	0.08660545	0.02664880	0.43171401	0.52241507	0.46473480	0.21322492	0.28978029	0.41410208	0.07865145	0.33264093	0.32488331	0.33171785	0.28312416	0.38067442	0.12745996	0.05741813	0.17870531	0.20496882	-0.12047242	-0.04704944	0.26980899	-0.00644425	-0.07713544	0.00846901	-0.01778269	0.21286671	0.00446478	0.08071461	0.20574517	0.25887806	0.15004001	0.11959773	0.23048507	0.24633119	0.14375208	0.27156201	0.36560459	0.14059167	0.25323782	0.24182822	0.12599884	0.23203010	0.22986479	0.42006443	0.30761580	0.36968106	0.24920239	0.38626184	0.40401773	0.94569743	0.46694946	0.19977817	0.42972492	0.42887272	0.37288891	0.26644010	0.24972534	0.18407308	0.35113024	0.18411235	0.30613912	0.05856044	0.38805769	0.24140760	-0.00174593	0.12703933	0.01265480	0.14609048	0.40686023	0.22137399	0.33502993	0.06447641	0.23225427	0.05093182	0.01807642	0.23193038	-0.12788621	0.04552172	0.16732700	0.17246803	0.15699906	0.18543120	0.02824565	-0.13896667	0.19448594	0.13162674	0.16087084	-0.09936443	0.08238700	0.15806325	0.05227367	0.19746776	0.10692225	0.04667828	0.09250289	0.14622421	0.21912117	0.12520888	0.32092037	0.14357942	-0.02125107	0.05833578	-0.01472740	-0.18153626	0.04026035	0.03649639	0.21270261	0.16402725	0.09812839	0.05911397	0.21382950	-0.19292222	0.06672196	0.00362345	0.01824572	0.05933657	-0.00923458	-0.00421753	-0.13215293	-0.03860644	-0.10253953	-0.16880808	-0.17083514	0.03079221	0.13897018	-0.08065436	-0.04549357	0.07197455	0.16566250	0.07302375	0.06288778	0.25354906	0.16843444	0.22285549	0.15423824	0.05984282	-0.13030520	0.05800425	-0.06520866	-0.04280530	0.22698154	0.29195239	0.29000814	-0.20687809	-0.15645341	0.18172131	0.01463724	0.07573406	0.25240047	0.23065376	0.11909453	0.14674701	0.39264346	0.24420465	0.24717057	0.34321536	0.40169941	0.08812203	0.25492782	0.20479036	0.28761428	0.17938230	0.24534329	0.21509495	0.12662397	0.03546695	0.16474141	0.12101048	0.04496677	0.08846252	0.18988007	0.25377377	0.28432517	0.05411243	0.11720029	0.20469980	0.19124192	0.20424610	0.25953118	0.14002011	0.10786556	0.02763020	0.08779446	0.03842999	0.10318668	0.11279983	0.02566119	0.29790648	0.14025856	0.14267752	0.09582283	0.19817324	0.18528127	0.17246328	0.09445372	0.16554527	0.20110262	0.13535787	0.14146380	0.17069727	-0.00356030	0.22852808	0.08876395	0.05077136	0.14048192	0.04793267	0.07887787	0.11656644	0.21552917	0.26338255	0.12737893	-0.02465032	0.12553901	0.06276949	0.05920609	0.22133491	-0.05060517	0.15710646	-0.02133113	0.09380101	0.07638227	0.01079232	-0.00025605
17Networks_RH_SalVentAttnA_Ins_4	0.08677157	0.13698875	-0.14012149	-0.05385665	0.14517041	0.33674568	0.12256851	0.31390360	0.33939087	0.22443801	0.19988471	0.08896991	0.22658705	0.29260963	0.12282047	0.24889245	0.13371718	0.26499979	0.12900431	0.46038125	0.07077270	0.31957496	0.12767975	0.02973981	0.47476515	0.29697214	0.30333588	0.19274007	0.34317578	0.31323348	0.30830158	0.36496429	0.29939733	0.24307698	0.09928733	0.31929569	0.25893317	-0.02177901	-0.00222451	0.30709281	0.37406232	0.17139999	0.13446740	0.33824275	0.34883287	0.15886911	0.63133401	0.40686265	0.06176736	0.27079122	0.59714612	0.53715209	0.37093721	0.26725073	0.28993674	0.16911332	0.24563471	0.24912670	0.30087131	-0.02655813	0.23301734	-0.10246601	0.14981034	0.00151611	-0.15699671	0.02355773	-0.10890665	-0.05738033	0.19857385	0.03448988	0.07779142	0.09193199	0.16414230	0.14704032	-0.13177851	0.07780206	0.15056931	0.20711568	0.04448303	0.24992715	0.12939388	0.19737877	-0.00959250	0.14429006	0.16613724	0.23777579	0.31820520	0.23523099	0.57311426	0.39564745	0.49379421	0.45594388	0.52617587	0.45745967	0.13170310	0.26248955	0.07199835	0.35040721	0.36014782	0.17192198	0.17741061	0.14949868	-0.05118492	0.35419515	0.48391972	0.35666588	-0.04310193	0.12519299	0.14704070	0.25370352	0.05789632	0.04377156	0.09848350	0.08389302	0.12571155	0.16371508	0.08703448	0.10923263	0.14118104	0.11179386	0.26917582	-0.18171041	0.11184571	0.11076669	0.03598058	0.02341428	-0.16643797	0.19313262	0.06893759	0.12240125	0.02496117	0.02438675	0.24200410	-0.07311386	0.02626289	-0.05461543	0.11262272	0.02687979	-0.23577663	0.06326237	-0.06169232	0.04750369	0.23550606	-0.00608899	0.13742570	-0.17513309	0.11070844	0.10187582	-0.02375655	-0.15497607	-0.30440080	-0.05015270	-0.15093049	-0.35674108	-0.32617949	-0.19525720	-0.01437602	-0.03084053	-0.29136539	-0.25134930	-0.12083891	-0.07966978	0.12295945	0.11913365	-0.14074683	0.17233657	0.24272421	0.17581018	0.01049623	-0.01657499	0.08591190	0.31976316	-0.15136685	0.06932063	0.03868830	-0.05669467	0.13266889	0.08547662	-0.07543148	0.05005498	0.00023935	-0.02701163	0.28375177	0.19532476	0.14014017	0.27977877	0.27359189	-0.26794760	0.12538940	-0.18475357	-0.02257515	0.03227632	0.08180006	0.20207215	0.38316191	0.21392594	0.29302593	0.33325288	0.14763333	0.27720444	0.01446876	-0.13434880	0.03583070	-0.05706313	0.09857534	-0.16492194	0.16324529	0.27390459	0.29700655	0.34067663	0.04982296	0.13500320	0.23071814	0.19000725	0.19150530	0.24935231	0.16897634	-0.08201951	0.34459260	0.32224507	0.11680618	0.16832258	0.19851494	0.20459073	0.22708561	0.45622231	0.17458747	0.50891485	0.25439068	0.20414122	0.32929329	0.27089341	0.24306304	0.21712325	0.32384626	0.22979869	0.21258156	0.27890431	0.23725079	0.19895953	0.08751159	0.09164581	0.04695941	0.29938019	0.56487146	0.56398244	0.52384828	0.48643119	0.32725620	0.22065719	0.32828564	0.66332688	0.54329265	0.29343508	0.42687857	0.32488490	0.29617763	0.35065521	0.09659501	-0.16339093	-0.07323792	0.26285581	-0.01628112	-0.14148701	0.05373968	0.07189443	0.26731121	0.16314235	0.20704764	0.27757471	0.33711397	0.21669343	0.12717739	0.35436275	0.18854439	0.14379821	0.15673865	0.30743085	0.10134490	0.25452962	0.18958949	0.13007979	0.18935866	0.23551149	0.41519550	0.33836065	0.30548365	0.41580882	0.38988045	0.50120730	0.46694946	1.11153623	0.48192370	0.65860185	0.48308900	0.40540868	0.34209979	0.10352453	0.30362253	0.25404858	0.17388846	0.26581796	0.02757851	0.30748764	0.20798915	0.04899520	0.11757226	0.00682328	0.27768682	0.57979608	0.30098452	0.39531421	0.07592864	0.20264170	0.07143823	0.01251448	0.16029039	-0.07079910	0.06670910	0.16223243	0.18721606	0.14739701	0.11348493	0.05070331	-0.02496691	0.10997525	0.15777728	0.09995393	-0.24665885	0.14542960	0.24499019	0.00654537	0.27898618	0.11540946	0.03633631	0.04328295	0.02029094	0.15547413	0.08626099	0.16345640	0.17099227	0.02022430	0.09979010	0.04404816	-0.05820621	0.04900778	-0.02698736	0.15724565	0.07827309	0.20661680	0.02435288	0.14555908	-0.42305472	-0.10586594	0.05098980	-0.04401062	0.15395885	-0.01613627	-0.05817937	-0.07193717	-0.14973560	-0.14956877	-0.35206200	-0.36867892	-0.00127213	0.09035759	-0.20567120	-0.19416069	0.08184078	0.06104652	-0.03211978	0.08841549	0.25205371	0.06311849	0.20531586	0.04396135	0.11317243	0.01935236	0.05235996	0.02194620	0.01765269	0.27811452	0.30582698	0.35228956	-0.28135516	-0.32389712	0.02779450	-0.20865211	0.06016088	0.03422081	0.11167541	-0.03328770	-0.07639230	0.22080427	0.24492233	0.31723629	0.42474557	0.49806330	0.07827456	0.25804577	0.18861135	0.19298780	0.11931277	0.22924069	0.16113298	0.14630430	0.15382345	0.30880625	0.14494406	0.05655340	0.22692365	0.09632217	0.31403573	0.42312914	0.09734350	0.11524415	0.06248085	0.03998344	0.15576554	0.11267188	0.16857726	0.19218498	0.24300571	0.19121013	0.05196326	0.10493990	0.16226043	0.08368805	0.39433076	0.42017445	0.18424511	0.17456723	0.15915302	0.14905401	0.14971401	0.14729775	0.14951581	0.18671030	0.24497932	0.11513820	0.15086008	-0.10525211	0.16551148	0.04894159	0.05764589	0.12565162	0.02376932	0.10669913	0.01861345	0.08446180	0.22219823	0.12657796	-0.03147486	0.14140543	0.05309107	0.00689650	0.10893202	-0.05510485	0.00222243	-0.10982003	0.01915008	0.02560674	0.01131556	0.00826672
17Networks_RH_SalVentAttnA_FrOper_1	-0.15994682	0.01250814	-0.24538958	-0.10214394	-0.02615523	0.12290210	-0.02800289	0.28039742	0.16246595	0.18086341	0.14681002	0.10229748	0.17490718	0.06733351	-0.07343076	0.01602356	0.14855362	0.13542358	0.11965438	0.20688954	0.01764233	0.10461234	0.06909944	0.02190930	0.37262433	0.23077009	0.29725480	0.32924185	0.28869603	0.24238601	0.24631765	0.26982665	0.23534248	0.16615706	0.12274073	0.20098992	0.22589436	-0.21200648	-0.15188311	0.17296015	0.30325403	-0.01477726	0.07761733	0.21977118	0.24970779	0.00262255	0.45414545	0.37158795	0.19663220	0.23657903	0.32449431	0.40041784	0.31477501	0.20430129	0.21265591	0.22499567	0.13814550	0.22332791	0.16997983	-0.13682304	0.03686968	-0.24367778	-0.04225496	-0.03538384	-0.17602261	0.02564416	-0.20016841	0.05785716	0.08640876	-0.06443249	-0.00989577	0.02392940	0.30897288	0.23449718	0.00953409	0.17176149	0.21525282	0.16629005	0.02248264	0.16130270	-0.05468268	0.06760925	-0.16559185	-0.08597382	0.10004785	0.27406004	0.20762823	0.27898790	0.30456042	0.22576877	0.40378482	0.52900753	0.43535678	0.22001606	0.26134863	0.15966087	-0.06207883	0.25372083	0.11871589	0.10659766	0.12877375	-0.06084101	-0.23618419	0.23035167	0.19086918	0.00803429	-0.02782419	-0.14657408	0.05562516	0.15056031	0.14270450	0.00721517	-0.08518106	0.08056678	0.09210824	0.12253326	0.05897444	0.16315724	0.06800709	0.14628618	-0.00725552	-0.30029818	0.05580952	-0.13054492	-0.08476439	-0.00464925	-0.13166757	0.00131323	0.03481499	0.07315184	-0.15760099	-0.16626826	0.18727134	-0.16114846	-0.20893803	-0.17397431	-0.03337251	-0.20228981	-0.36088645	-0.11848624	-0.18462358	-0.10119614	0.12000815	-0.03216201	0.10227128	-0.23205637	-0.00360339	0.11190255	-0.15138096	-0.25288821	-0.38929020	-0.24217056	-0.30459487	-0.26536974	-0.22877965	-0.27038164	-0.19583424	-0.13185773	-0.37532300	-0.26786812	-0.19858469	-0.05402172	0.01512750	0.00994947	-0.27234550	0.03598528	0.18207506	0.04262060	-0.03928345	-0.16237360	-0.17107901	0.07919809	-0.18690052	-0.00918387	-0.13726023	-0.30425148	-0.15984524	0.04030924	-0.25654123	0.00821427	-0.15139900	-0.18781507	0.13924359	0.09509841	0.05686409	0.07628360	-0.01781988	-0.34618855	0.00260956	-0.04946249	-0.09221974	-0.06154100	-0.06623087	0.03655689	0.26366314	0.17312623	0.21741212	0.14770019	-0.05783223	0.21864680	-0.14982088	-0.20405274	-0.10487745	-0.13798563	-0.09375813	-0.20704031	-0.09746600	0.24811138	0.11840138	0.26149331	0.05839997	0.17172348	0.14325514	0.04039911	-0.09436433	0.16294815	0.15677050	0.06822182	0.16939575	0.27622954	0.03942388	0.17423244	0.13434452	0.21223463	0.22996899	0.39368419	0.19885760	0.36685741	0.12898996	0.16454009	0.13909355	0.00562373	0.08661012	0.10767882	0.17360318	0.00527086	0.13821957	0.15025428	0.09804826	0.18181729	-0.08060038	0.09294459	-0.13686561	0.08444007	0.22851799	0.33698538	0.42153816	0.28027934	0.27656436	0.26531875	0.20053076	0.42497133	0.44203998	0.27569153	0.40573485	0.29532264	0.16395349	0.23069971	0.05156601	-0.24653846	-0.22617669	0.13037474	-0.06953241	-0.27664644	-0.03801478	-0.02007445	0.13560384	0.14916972	0.10487076	0.09869371	0.20158268	0.05418636	-0.16325988	0.21209379	0.19633815	0.06247109	0.19837091	0.12612535	0.03829167	0.17268788	-0.04930530	-0.01220299	-0.02139529	0.16019161	0.42254905	0.35607974	0.32658882	0.23126332	0.26168711	0.21241373	0.19977817	0.48192370	1.09422101	0.52873348	0.29019897	0.32387453	0.32366888	0.11004038	0.18166991	0.13940009	0.18700376	0.22135479	0.06637923	0.22985836	0.03561113	-0.02753721	0.01656721	0.00659980	0.14060786	0.48780605	0.16288298	0.20953620	0.13847295	0.10983161	0.16196675	0.19957853	0.03317916	-0.19490654	0.07908795	0.11042885	0.19921485	0.14751485	0.10450043	-0.10385405	-0.11466476	0.00439930	-0.06197655	-0.10820986	-0.15816440	0.05204880	0.13864891	0.00783595	0.17570763	-0.04011976	-0.01806458	-0.09794320	-0.22805768	0.03732383	-0.01729275	0.12448157	-0.03058298	-0.07143346	0.06068347	-0.14099577	-0.13638308	-0.08218102	0.03774391	0.06110262	-0.04658033	0.22569965	0.03716039	0.12380357	-0.38871439	-0.07372654	-0.05773875	-0.00377095	0.21279582	-0.01773288	-0.08840281	-0.17036170	-0.15693200	-0.10490444	-0.22339289	-0.29728465	-0.04352038	-0.08345600	-0.16853482	-0.16297143	-0.06991957	-0.01461056	-0.07519179	0.05304756	0.18457836	-0.06900418	0.04375013	0.15289697	0.04556021	-0.17235378	0.00482976	-0.05832168	-0.07343096	0.10065475	0.12778122	0.19485047	-0.26439494	-0.34810805	-0.04716683	-0.16627148	-0.04966551	-0.01494748	0.15151243	-0.07440462	-0.01224624	0.15053830	0.21073470	0.22380165	0.41037288	0.43107688	-0.01933714	0.33236012	0.14842650	-0.01564206	0.10065165	0.08899363	0.02810566	0.08121585	0.20651386	0.17675594	0.13125781	0.04702265	0.08471127	0.07228856	0.26859730	0.30266026	0.16994912	0.07492636	0.05887182	-0.07845682	0.09051499	0.08682803	0.03692818	0.09943638	0.25510623	0.21099264	0.07146424	0.13691061	0.17295046	0.06666888	0.31383967	0.35268953	0.15574015	0.11833503	-0.01554798	-0.02147313	0.00933679	0.04750341	0.14438784	0.07723092	0.10071058	0.03088984	-0.03227826	-0.09687099	-0.03432222	-0.05077322	0.02620012	0.08253605	-0.07065702	-0.04469030	-0.13570870	-0.02013252	0.19661007	0.03091280	-0.12325930	0.14027459	0.10126577	-0.07106427	-0.19885872	-0.16669589	-0.23247589	-0.29611508	-0.22380623	-0.17160957	-0.12170602	-0.09175980
17Networks_RH_SalVentAttnA_FrOper_2	0.13811149	0.14314509	-0.07164117	0.10134075	0.21114347	0.44249593	0.21536472	0.42035140	0.41256148	0.21939230	0.19613305	0.08940412	0.35837292	0.31724011	0.09429587	0.30271898	0.13451516	0.24956223	0.12948109	0.36204272	0.03344381	0.27411063	0.20665064	0.12073765	0.58375465	0.40488929	0.39118389	0.19307742	0.50103112	0.54142136	0.41123566	0.56962926	0.46660907	0.40950180	0.13279853	0.48284661	0.30610611	0.04594681	0.09611261	0.44104638	0.50358519	0.26710946	0.21906392	0.36590360	0.37095309	0.26174672	0.65714688	0.55360199	0.18544416	0.32456801	0.47186648	0.57385373	0.46755499	0.32800509	0.26976174	0.08363453	0.14901463	0.24592089	0.28482933	0.12810716	0.30073659	0.13539988	0.17671440	0.05755739	-0.13581319	0.00881918	-0.06764172	0.08025047	0.29464342	0.05365488	0.08277014	0.16687335	0.24240281	0.22736470	0.03421088	0.23422832	0.26369105	0.24275743	0.01751044	0.27375455	0.07931476	0.32077883	0.15876701	0.27011967	0.38383657	0.41799067	0.34585865	0.37195786	0.57564656	0.41882933	0.57224971	0.58743994	0.74852028	0.52999562	0.29289442	0.42440084	0.12488538	0.57197794	0.45877239	0.33666927	0.28329343	0.25594237	0.02149484	0.34989564	0.50230232	0.35997323	0.00441433	0.27304089	0.11272453	0.13830138	0.03804214	0.01868383	0.19516876	0.08484026	0.04697611	0.06021819	0.10406508	0.13810235	0.00012871	0.10354090	0.19158953	-0.14020204	0.17641137	0.12711945	0.14253136	0.07773478	0.00899607	0.11898224	0.04535430	0.17847375	0.09892101	0.12166562	0.35866698	0.05805308	0.04049013	0.03011482	0.19437809	0.03239194	-0.09099622	0.14717217	0.03648982	0.09692690	0.30149212	0.11025565	0.14931157	-0.14399886	0.15065359	0.18056597	0.01345171	-0.05962020	-0.13154587	-0.01374022	-0.12840979	-0.16989710	-0.22267445	-0.12549108	0.05646119	0.12672851	-0.22292878	-0.15019266	-0.04520029	0.09474471	0.21594616	0.23906749	-0.05591082	0.25014404	0.15623567	0.18118872	0.14506252	0.09948037	0.18153031	0.27883643	0.03283834	0.13955142	0.16897477	-0.00024232	0.16679933	-0.06807895	-0.12298529	0.15254656	0.02486144	0.08570756	0.31665310	0.13021643	0.19945890	0.24226828	0.29665168	-0.19407919	0.11416579	-0.06397133	-0.07238526	0.06973518	0.06507692	0.20074038	0.34890787	0.31674511	0.32645000	0.36528182	0.16392062	0.36316312	0.16137736	0.10197612	0.18833235	0.08552580	0.04896744	-0.01418269	0.28833231	0.40504676	0.35565895	0.39564846	0.21702937	0.20652138	0.30670250	0.20532501	0.18082354	0.22338599	0.25159643	-0.00608336	0.26905136	0.23232511	0.15997181	0.10824209	0.21406622	0.21940895	0.33915557	0.64987972	0.23178429	0.63257508	0.29834121	0.26758804	0.35240372	0.33762082	0.30561137	0.21477831	0.42100131	0.27681335	0.21109680	0.40278635	0.27876288	0.24013747	0.08859221	0.05557969	0.06074592	0.25057883	0.43499635	0.52573194	0.38113106	0.29933756	0.43960810	0.32732973	0.35237655	0.47798317	0.64189205	0.31320267	0.38300007	0.32989815	0.22066762	0.38648819	0.29946023	-0.00261094	0.05339732	0.30530824	-0.03303564	-0.06548232	0.07721008	0.01802319	0.29776633	0.28027182	0.20675618	0.33908240	0.41742878	0.16766114	0.19094805	0.29584164	0.28631242	0.22149711	0.25081750	0.34683387	0.10745349	0.30924501	0.27752481	0.29305257	0.24568590	0.29300122	0.55233788	0.50461071	0.39735597	0.46963440	0.42091782	0.46632651	0.42972492	0.65860185	0.52873348	1.22840154	0.43531351	0.62875493	0.35085094	0.17085000	0.35409433	0.38396663	0.23478026	0.41297968	0.12805307	0.35570477	0.19728490	0.01223273	0.27836329	0.11283782	0.24952765	0.61496152	0.35046883	0.51436363	0.03227605	0.00704999	0.03745928	-0.07060773	0.01197004	-0.08919139	0.05419242	0.19652848	0.15379351	0.13651960	0.06205181	0.00144182	0.01671868	0.19856394	0.14048650	0.10918673	-0.20393400	0.11851858	0.31782036	0.13146975	0.27344443	0.21988297	0.12203076	0.08609553	0.02634716	0.14244777	0.10467642	0.30821520	0.21497540	0.01423220	0.12585173	0.09069005	-0.09945323	0.03020423	-0.05729275	0.18335977	0.15550885	0.28515547	0.06851144	0.26556498	-0.34027624	-0.06518140	0.08635922	0.04356936	0.25397690	0.06947447	-0.05147441	-0.03733330	-0.09634413	-0.16937668	-0.20689626	-0.22398435	0.08945885	0.20717425	-0.11372833	-0.06754915	0.06921936	0.11096241	0.11102350	0.11155330	0.26377590	0.10527242	0.20781501	0.08115895	0.28497454	0.07798071	0.13303196	-0.01779577	0.08800313	0.19441164	0.28629593	0.39668426	-0.25949201	-0.24325359	0.04209292	-0.12471323	0.06685231	0.18296326	0.13366004	0.07350434	-0.01003626	0.35479321	0.24167600	0.26894065	0.44786415	0.47663767	0.02069817	0.31982006	0.16068259	0.22403579	0.07767421	0.10294337	0.31659822	0.22422949	0.36540145	0.42934404	0.16208683	0.01837369	0.29051818	0.02720970	0.44764769	0.60005786	0.11066720	0.17547164	0.06766141	0.12769336	0.12953062	0.11149734	0.18591092	0.27636144	0.33993184	0.33898889	0.10948602	0.11233169	0.15690650	0.11703387	0.53621005	0.48516137	0.18119392	0.28549559	0.27198390	0.19042883	0.23099032	0.19680476	0.13628312	0.26418514	0.30531545	0.25788708	0.15381379	-0.02987293	0.17011679	0.15261501	0.12470565	0.13428703	0.05264532	0.12438549	0.19111721	0.24818859	0.39084193	0.12004037	0.08757641	0.24765751	0.13949871	0.12845590	0.17382419	0.04401178	0.15257025	-0.02398022	0.08981142	0.17289388	0.16275894	0.11270043
17Networks_RH_SalVentAttnA_FrOper_3	0.07736305	0.07774694	-0.05693151	-0.01714867	0.09822427	0.30287476	0.11663430	0.25640949	0.21149421	0.07304437	0.04360994	0.01205126	0.17235200	0.19661044	0.08228147	0.05691773	0.02618803	0.04415115	0.07013307	0.35203482	-0.07073171	0.20052211	0.05773319	0.03741984	0.29998472	0.07369732	0.27667404	0.32958734	0.19026525	0.24234556	0.19536574	0.21982199	0.21112766	0.13942641	0.13252934	0.31708482	0.17324995	-0.21796008	0.06669685	0.35143364	0.20980433	-0.08366201	0.11461752	0.02858943	0.27846643	0.26120452	0.42827452	0.32235958	0.04752773	0.34387741	0.25495551	0.25561563	0.32467005	0.27280727	-0.00540239	-0.00087204	-0.00022263	0.13919795	0.10932933	0.02430782	0.12037309	-0.01126818	0.19182205	0.02173170	-0.05264019	0.09896401	0.17779960	-0.05594989	0.23566691	0.26113100	0.17657014	0.10192791	0.27161473	0.16639785	0.13945448	0.14824393	0.23961586	0.05759823	0.09678822	0.06894738	0.01648407	0.16810341	0.02950095	0.09280258	0.38912435	0.33839923	0.28499680	0.28997656	0.51406316	0.32798826	0.40655128	0.30834395	0.34141486	0.47422912	0.26460483	0.10625599	0.07480880	0.34367495	0.34224137	0.02772684	0.17075366	0.11030478	-0.01585378	0.40021271	0.51716366	0.23861520	-0.03514413	0.12121258	0.16405158	0.09831775	0.00880988	0.00337427	-0.11839411	-0.15372790	0.03624808	0.06098526	-0.00398571	0.16294724	0.11509824	0.32309819	0.14804793	-0.08647593	0.31114047	0.09011863	0.33323924	0.18125094	0.22513018	0.39022729	0.19928379	0.39507600	0.09304366	0.09718293	0.37511241	-0.00361200	0.02963794	-0.13827786	0.12107391	0.14061930	-0.12225790	0.07139129	-0.15675229	-0.07499541	0.10113038	-0.11749179	0.16482882	-0.24570913	0.04786909	0.10806043	-0.17442545	-0.31997542	-0.31179315	0.03613243	-0.13215096	-0.45131135	-0.52157015	-0.22880982	-0.04992256	-0.03609529	-0.37670191	-0.33758042	-0.16563330	-0.13618073	-0.05449667	0.00382667	-0.28620896	0.06624138	0.14101774	-0.15267894	-0.10399766	-0.12540001	-0.01855970	-0.00455553	-0.10016887	-0.15624675	-0.13014989	-0.21019230	0.04531191	0.12630898	-0.06166889	0.11568797	-0.02493283	-0.07948996	0.14486584	0.20871793	0.01873158	0.19033677	0.31376071	-0.33445848	0.13921351	-0.25234361	-0.22224895	0.03156252	-0.01464032	0.24130419	0.36252239	0.17440094	0.19733561	0.38685848	0.26937865	0.24696756	0.03319279	-0.06933303	0.05337112	0.01145412	0.14946748	-0.20705685	0.01378225	0.14068201	0.10277252	0.15481608	-0.07245373	-0.00113030	0.17327096	0.09763182	0.20380502	0.06679386	0.03146473	-0.15630144	0.28049794	0.27465499	-0.04954524	0.09206266	0.06345352	0.18985448	0.10216407	0.35213884	-0.00663948	0.32226803	0.04317474	0.12845583	0.12976493	0.19883825	0.02984188	0.10769056	0.34183829	0.03184354	0.08965117	0.10710988	0.08222254	0.09043259	0.09414331	0.14977854	0.00077068	0.26716360	0.43536818	0.32959956	0.16766826	0.30293796	0.29030543	0.00808683	0.29049807	0.34707544	0.29650982	0.29672693	0.37154760	0.20616589	0.01215226	0.12701360	0.14563005	-0.03391486	-0.22855636	0.19591462	0.07624643	-0.13805920	0.15586416	0.14817872	0.14564058	0.16851573	0.10892409	0.34329475	0.09431098	0.12241992	0.28204375	0.26811733	0.23434526	0.29334558	0.12805799	0.30081647	0.09256773	0.12881600	-0.01950179	0.29026822	0.34397726	0.33823751	0.38853275	0.25133873	0.31984991	0.41361666	0.26310992	0.45531143	0.42887272	0.48308900	0.29019897	0.43531351	1.14906777	0.42980394	0.28256517	0.05091646	0.12490592	0.24494759	0.08276326	0.29657064	0.20605584	0.31539000	0.55506232	0.36265758	0.12707498	0.02048786	0.40011425	0.65538620	0.24451140	0.62114255	0.02667985	0.10472384	-0.02194148	0.08330869	0.03733189	-0.12141734	-0.05848526	-0.02201304	0.17543963	0.01204194	0.06079211	0.09310948	0.10038088	0.16816938	0.36622559	0.25649965	-0.13949689	0.23822438	0.42544921	0.24380845	0.56558280	0.24662444	0.21556931	0.10683981	0.23660701	0.31014337	0.26517088	0.39458101	0.32767513	0.20967809	0.08487835	-0.02257106	0.06276792	0.15756122	0.14236184	0.43820618	0.06796427	0.19521122	-0.02815262	0.20369261	-0.53102584	0.03416593	0.15711864	-0.21030166	0.07360774	-0.19737158	-0.15963446	-0.05439620	-0.05094393	-0.26853880	-0.45502714	-0.46877738	-0.10773446	0.20194623	-0.33898760	-0.20698814	0.08462793	-0.02692315	-0.19221480	0.11498160	0.24438354	0.09390117	0.15398371	0.00161167	-0.07765226	-0.05071534	0.10695560	0.00042878	0.05948128	0.13315545	0.34390588	0.57323095	-0.39499915	-0.39689364	-0.03989268	-0.29269722	0.09866184	0.00921879	0.13627916	-0.20093100	-0.12931296	0.20114809	0.13040833	0.32185506	0.36227683	0.44628823	-0.02866109	0.31898169	0.03004462	0.02642246	0.09628191	0.20695839	0.15309448	0.14927276	0.15808527	0.15229010	0.09639224	0.10479296	0.12343473	0.17025286	0.41908843	0.35423756	0.13271386	0.22729149	0.02053427	0.01454693	0.17280742	0.20976694	0.16292776	0.14697279	0.18120087	0.10000402	0.04681212	-0.00474481	0.02317589	0.13341862	0.44692326	0.20658820	0.21398780	0.10898322	0.11781748	0.06103508	0.07457647	-0.00435752	0.14635645	0.02655572	0.11614168	0.11736672	0.06074194	-0.18182741	0.07643760	0.02434464	-0.10747504	0.00423927	0.02818335	0.05713059	0.01576841	0.04387100	0.13996974	0.13666008	0.02559350	0.00846965	-0.02303929	0.03460229	-0.05168286	-0.13822289	-0.10430070	-0.18682315	-0.22748633	-0.12105281	-0.13184186	-0.14656971
17Networks_RH_SalVentAttnA_FrMed_1	0.32597568	0.32704446	0.19766474	0.30392223	0.24704082	0.41147088	0.33658360	0.39169211	0.41450387	0.25375554	0.31265537	0.15394334	0.42429098	0.33463845	0.33444790	0.28863193	0.02418587	0.28427391	0.19341198	0.33204732	0.11825333	0.29564448	0.28545904	0.28935661	0.67222367	0.43567128	0.44493690	0.24669376	0.59996364	0.48181974	0.49161630	0.59934224	0.54564991	0.50403647	0.28680294	0.53786489	0.32948086	0.23186526	0.40326381	0.64040851	0.56347087	0.25049964	0.46491930	0.27027662	0.49015228	0.38744517	0.35861140	0.58834341	0.16497769	0.26296622	0.40430997	0.55961099	0.58101085	0.52724939	0.28727482	0.09075039	0.28561313	0.26728778	0.41779883	0.17079703	0.31857758	0.28578321	0.34268878	0.04443988	-0.07815468	0.13290837	-0.02352037	0.08987277	0.15948606	0.13673045	0.18608001	0.25871702	0.28215562	0.46644696	0.23476577	0.50313656	0.35218333	0.33083299	0.13862344	0.33953588	0.21653053	0.49896441	0.26078344	0.36907159	0.54452081	0.56618418	0.39589381	0.34515318	0.34447500	0.40479467	0.42130203	0.43650873	0.65736101	0.48088403	0.55205696	0.39934199	0.26711514	0.83997675	0.67477777	0.39041262	0.29424590	0.34133935	0.01332854	0.23159430	0.46623650	0.04284715	-0.11310756	0.42869690	0.23107037	-0.01715131	0.01306017	0.25140950	0.43989047	0.13748649	0.03759769	0.09752179	0.15608982	0.05322418	-0.03303515	0.05980459	0.05939701	-0.13235269	0.20062919	0.10026921	0.13396756	0.10436546	0.22246255	0.02543195	-0.06756080	0.21510057	0.18651811	0.26020486	0.42505626	0.11902667	0.09116232	0.21433192	0.19277933	-0.09085823	-0.00825510	0.10223660	0.18094060	0.22657435	0.56111857	0.14464500	0.13842205	-0.10957486	0.21763229	0.17522543	0.23998633	0.12501337	0.08970448	0.14876889	0.01385717	0.03976222	-0.00012493	0.03821408	0.26924286	0.45237906	0.00617514	0.22990488	0.26106058	0.30006992	0.44640097	0.41516826	0.20007538	0.42842569	0.15014573	0.32568527	0.32305113	0.23618840	0.22830087	0.33374964	0.10552746	0.24504540	0.45881925	0.12624307	0.34550796	0.01765156	-0.04090201	0.36581518	0.09052841	0.25069636	0.37856301	0.05481309	0.33965031	0.33586943	0.27399513	-0.05990314	0.19597678	0.08543166	0.03974558	0.16739742	0.06975061	0.24451889	0.22208268	0.33917361	0.35629487	0.34563810	0.01402579	0.37696045	0.31754560	0.16883718	0.43940572	0.13683445	0.13647074	0.14344068	0.31530416	0.49632993	0.30004574	0.43374447	0.29949104	0.29939749	0.36493295	0.15919990	0.29588661	0.28369753	0.09726168	0.00836085	0.28708134	0.31417507	0.18099863	0.29841106	0.30164789	0.38015323	0.45766582	0.73629384	0.22141948	0.74422990	0.42639428	0.39519094	0.35713724	0.39238874	0.41522629	0.36787057	0.49783960	0.39289627	0.25641439	0.53159685	0.43531862	0.15828040	0.33344770	0.30077627	0.35099185	0.21557959	0.42358444	0.35851102	0.27091628	0.21315512	0.39147641	0.23652344	0.43919732	0.37655989	0.62574088	0.28590140	0.46777612	0.39143844	0.31576470	0.40836740	0.37621429	0.11238851	0.18816758	0.36442631	-0.00290366	0.10022413	0.30609341	0.07913108	0.25368221	0.15523609	0.21664444	0.38075243	0.38704866	0.21425312	0.13085923	0.37715836	0.44215778	0.34228899	0.33413269	0.43562926	0.22884951	0.42327570	0.40912573	0.49337239	0.34253731	0.36296964	0.55818113	0.53621548	0.37280368	0.62667876	0.21852755	0.17116680	0.37288891	0.40540868	0.32387453	0.62875493	0.42980394	1.18176325	0.48820856	0.38304797	0.43184635	0.41694506	0.17923108	0.62503989	0.26397392	0.42833558	0.07596121	0.02043748	0.42586991	0.32647196	0.11912865	0.46941913	0.44642705	0.65581946	0.11474190	0.01196157	0.07650624	-0.19656399	0.15633933	0.11337703	0.01386574	0.27778768	0.09093512	0.17795101	0.06703328	0.10043503	0.03617523	0.20467572	0.13479079	0.25509921	-0.09646208	0.19067800	0.39330696	0.19525309	0.33132580	0.33004973	0.27248599	0.20763524	0.08595973	0.14267744	0.19290344	0.33459365	0.16027697	0.09737163	0.26909893	0.26941039	-0.02030328	-0.11975803	-0.08764927	0.17121938	0.33663913	0.51946386	0.14455368	0.34738418	-0.09709525	0.24551848	0.06664028	0.09257710	0.21760412	0.23912578	0.12551019	0.13502712	0.11048294	-0.03580215	-0.01015852	-0.07016058	0.15629449	0.44636327	0.15295373	0.16872453	0.25576779	0.28417373	0.38228452	0.26239555	0.42027879	0.24076537	0.21278310	0.13887661	0.42679838	0.17776936	0.47287054	0.06359256	0.22814553	0.06081553	0.37571481	0.39534122	0.01904582	-0.01804708	0.21000667	0.04851828	-0.01111873	0.17289305	0.00730406	0.20227038	0.09877932	0.44125271	0.30572748	0.18185627	0.48497069	0.47172738	0.21109548	0.41677098	0.11739701	0.20531301	0.06857239	0.04070620	0.32203805	0.06581766	0.25393560	0.40340869	0.09309228	-0.08648015	0.15539207	0.04499678	0.39125926	0.47382962	0.06264381	0.37652734	0.08451527	0.24647318	0.06522674	0.01998862	0.23651784	0.17892732	0.25532052	0.34313473	-0.00990458	-0.08092739	0.11014255	0.04213958	0.38263875	0.32466382	0.22512444	0.30008033	0.26800575	0.23749919	0.35210195	0.13555072	0.06614443	0.32908990	0.33677785	0.08113946	0.24641174	0.07436958	0.28215757	0.23274060	0.11273761	0.15513033	-0.00410974	0.01690441	0.23118815	0.26752523	0.36615154	0.14797340	0.17939294	0.24222728	0.09405950	0.26614331	0.19734744	0.14598881	0.33365613	0.14996264	0.20203400	0.28787891	0.25993937	0.20954443
17Networks_RH_SalVentAttnA_ParMed_1	0.06974540	0.11866714	0.01957317	0.01954018	0.07237040	0.21677575	0.08945238	0.28319319	0.25540181	0.13062267	0.17334630	0.10985157	0.17809431	0.10661235	0.14227641	0.11620160	0.15827412	0.14749799	0.11937876	0.30414405	0.07813412	0.20769956	0.21410198	0.18044703	0.44844013	0.32964360	0.29308163	0.29072771	0.40580631	0.26778734	0.47490960	0.44834685	0.24333985	0.22386389	0.13686157	0.28632867	0.26329967	0.11618320	0.26665166	0.27391235	0.39738355	0.14354870	0.30718933	0.12257227	0.30641281	0.32088018	0.26831042	0.35728129	0.15893348	0.19879252	0.25266886	0.38644252	0.37946467	0.28134437	0.24261603	0.10485758	0.28076341	0.26271990	0.29342076	-0.12560699	0.15139300	-0.08656520	0.20532626	-0.15133235	-0.05482903	0.05085295	0.03850914	0.10966412	0.12681611	0.08456721	0.13818392	0.13320797	0.19485941	0.24479223	0.08754206	0.26139206	0.29396483	0.16418409	0.06114425	0.08002199	0.13256139	0.36042600	0.03192137	0.13788057	0.24830413	0.27223789	0.20223848	0.07988111	0.20889483	0.29666509	0.21785529	0.37640056	0.38872235	0.31024215	0.46793334	0.06148950	0.16045536	0.34928810	0.41999948	0.20618409	0.13547586	-0.00785086	-0.14804506	0.23307305	0.31157316	0.04887380	-0.13131166	0.11587592	-0.02784878	0.04379951	0.06699627	0.16096638	0.16731517	0.23456923	0.19895926	0.12509365	0.16913509	0.09047783	0.09675597	0.13172408	0.09068616	-0.11074626	0.09119097	0.03051200	0.09190251	0.07568403	-0.02390436	0.12966135	-0.02157918	0.13855136	0.09095428	0.12261504	0.19715347	-0.09440272	0.02303291	0.08647144	0.17900441	0.04013101	-0.13022787	0.02295412	-0.01152145	-0.00663274	0.35262655	-0.01567612	0.13731261	-0.09657961	0.05072226	0.11092096	0.08754800	0.00618324	-0.04734415	0.03151612	0.01624625	-0.09156096	-0.10935680	0.00229894	0.06909493	0.08007542	-0.11448531	0.03256788	0.08212323	0.15398141	0.19581179	0.18569525	-0.02473912	0.19344824	0.23935216	0.23085179	0.11299758	0.10510426	0.09105877	0.18496620	-0.12884148	0.09142303	0.16387977	-0.01516591	0.01079238	-0.08269620	-0.08755709	0.25100622	-0.09753624	0.08270990	0.24511948	0.02636117	0.19526539	0.20906475	0.15572274	-0.05271115	0.07505165	-0.04494352	-0.00240207	0.10856876	0.14934948	0.14888112	0.25171602	0.15439746	0.30573514	0.21335186	-0.05316542	0.13437647	0.05046928	-0.06922615	0.10688348	-0.07470035	0.03054539	-0.02815128	0.04249158	0.29787342	0.07870400	0.22792715	0.09960068	0.13892050	0.21806105	0.12320219	-0.01738435	0.09119705	0.06241074	-0.04408791	0.10502612	0.22442440	0.08178929	0.24511139	0.29007771	0.38264245	0.34248734	0.57113639	0.25136105	0.62488973	0.38551563	0.29025021	0.16619380	0.15537872	0.32404713	0.41196514	0.35656626	0.31971597	0.24444603	0.36915411	0.22600732	0.15881687	0.16516171	0.19081310	0.11757864	0.08549856	0.28719925	0.35388487	0.23362186	0.18518265	0.23724625	0.16692503	0.21008013	0.33727138	0.52611130	0.27739116	0.31276781	0.35647390	0.27079900	0.36233469	0.17770014	-0.11617523	-0.09607391	0.18293407	-0.08430812	-0.03996377	0.23420772	0.05515668	0.18042994	0.15606048	0.21696945	0.18526318	0.21582705	0.13193194	0.02990195	0.34344774	0.40089509	0.27770131	0.30764144	0.25524371	0.11276074	0.17889598	0.17982113	0.15958512	0.12924090	0.12277067	0.33648727	0.40049497	0.36385012	0.39737571	0.08316420	0.01562544	0.26644010	0.34209979	0.32366888	0.35085094	0.28256517	0.48820856	1.06732534	0.19126939	0.36559976	0.18964754	0.14756514	0.25008053	0.06207193	0.26684363	0.07255296	-0.03631897	0.08759765	0.07314315	0.02625261	0.31096145	0.19895518	0.33994953	0.02729629	0.02817564	0.12297210	-0.02768984	0.16990888	0.02881544	-0.03067884	0.29652658	0.06236901	0.17448250	0.14757520	-0.04558220	0.10995284	0.13763823	0.14617061	0.15357156	-0.09380461	0.14469130	0.28376304	0.13758978	0.25727061	0.19820620	0.17688519	0.08506306	0.05505099	0.08987446	0.13125986	0.06592927	0.10168461	-0.06374426	0.15456001	0.16329954	-0.01052124	-0.03258241	-0.07169456	0.05067829	0.13057267	0.30936308	0.10781051	0.13066799	-0.14715907	0.17841277	0.01823313	-0.04405756	0.26129212	0.13707708	-0.00035287	0.10826387	0.00836280	-0.06432130	-0.05815717	-0.14531103	0.05909243	0.14067636	0.01907428	0.05194113	0.08463019	0.12115696	0.15293665	0.10199969	0.16565125	0.14822320	0.15440808	0.12505959	0.19371735	0.07135128	0.17054073	-0.09570924	0.00598944	0.03585759	0.14584276	0.22907064	-0.01653525	-0.02644860	0.10427599	-0.03546746	0.06544648	0.17622724	0.07210362	0.19770343	0.02125550	0.28976840	0.24329436	0.16836737	0.15963120	0.31986888	0.03069305	0.15941381	0.21462195	0.24769081	0.16341821	0.15042753	0.13329043	0.10298140	0.16067388	0.11368922	-0.01789928	-0.09923479	0.12527555	0.08813163	0.32831756	0.36140760	-0.01744413	0.08582192	0.16542068	0.21840149	0.13744918	0.05882718	0.09538678	0.19874379	0.18651800	0.13920906	-0.10914319	-0.04414245	0.13576306	-0.05475019	0.33928460	0.37034782	0.03433428	0.05408538	0.11600075	0.20492878	0.24432680	0.14001571	0.08241901	0.22371270	0.09751319	0.01971850	0.15916492	0.01456432	0.10699260	0.06840496	0.03017178	0.12629372	-0.08832748	-0.09761860	0.07082032	0.19677964	0.25466906	0.19431512	-0.04342866	0.25298863	0.08797467	0.16494138	0.12507294	0.01697359	0.14918750	0.04429802	0.14381769	0.07216076	-0.03018680	0.08310714
17Networks_RH_SalVentAttnA_ParMed_2	0.12835767	0.11207070	0.18427148	0.23121982	0.17481881	0.18040338	0.26302768	0.17337537	0.23733047	0.26379487	0.19169303	0.18734234	0.18674453	0.19551461	0.25872487	0.08884923	0.03021019	0.24865001	0.12862438	0.14184906	0.13234824	0.16341675	0.11346562	0.26347053	0.32443869	0.19689983	0.10926931	0.07078154	0.23838604	0.21237978	0.24237471	0.25076376	0.29084417	0.32897769	0.17775721	0.27883992	0.15656583	0.07877138	0.26479486	0.32594240	0.27908831	0.21245252	0.12589814	0.10476531	0.10409008	0.04585369	0.05987848	0.24841568	0.09640541	0.12357537	0.07871791	0.18553953	0.24180423	0.25638642	0.11313661	-0.00646457	0.08680563	0.04532520	0.22483735	0.11252110	0.16481652	0.15700018	0.15626878	-0.01943619	-0.02242254	0.06889825	-0.00428422	0.20989600	0.16472916	0.05468520	0.08584214	0.10838493	0.08672854	0.30300128	0.15704891	0.35219213	0.16225632	0.31633880	0.18507063	0.29577244	0.08808049	0.20117038	0.19903900	0.12920614	0.12778612	0.22516249	0.18091687	0.15978376	0.16099576	0.10617633	0.09704097	0.08745716	0.22733291	0.06765188	0.30681459	0.30142533	0.16242352	0.31393681	0.19879666	0.20593557	0.22643898	0.19101537	-0.04895190	0.05248331	0.11088174	-0.06509986	-0.00567545	0.13037975	0.06962957	0.02402695	-0.06196826	0.15962648	0.14462123	0.11880041	0.01053470	0.10393402	0.08524480	0.01820570	-0.05678900	0.02427149	-0.00554288	0.04387187	0.16617318	0.11953644	0.13109213	0.15279605	0.16416868	-0.07580653	0.07392892	-0.02285696	0.01439440	-0.01152973	0.16445251	0.14801904	0.01334486	0.15396387	0.14413196	0.04863216	-0.03081363	-0.04988930	-0.00893351	0.14542045	0.11428986	0.24381230	0.23092628	0.15020468	0.20273618	0.21225000	0.04818888	0.02472315	0.02023033	0.03008939	-0.05257786	0.12308787	0.07558056	0.12692674	0.21717785	0.12339195	0.20516904	0.35150707	0.02999032	0.03638012	0.09971420	0.03189232	0.09423325	0.16360249	-0.03012747	0.09704726	0.11729792	0.09692914	0.10740028	0.21529941	0.05768118	0.14936742	0.04789622	0.07188434	0.14628846	-0.12662523	-0.08330817	0.03294292	-0.06073094	0.10278588	0.11693644	-0.06257945	0.08142243	0.05230467	0.02620460	-0.00541636	0.07669835	0.05815299	0.08951826	0.11874475	0.01792327	0.11864343	0.05913733	0.16645822	0.16998093	0.12298608	0.00621710	0.20409098	0.17938629	0.09409408	0.25071220	0.01742576	0.00224585	0.02683794	0.14988876	0.28051551	0.26343646	0.19357080	0.19427428	0.18200223	0.13250395	0.10231522	0.10586555	0.20417738	0.04798093	0.06823359	0.20722867	0.15239909	0.15439592	0.24777601	0.17278191	0.17370759	0.16780168	0.20306952	0.12332944	0.26518439	0.22938202	0.24287510	0.18962982	0.30434603	0.28298597	0.20302427	0.27314522	0.08727784	0.15211804	0.27223883	0.20348291	0.09325666	0.24418860	0.18734441	0.24363732	0.11088157	0.10653325	-0.03101008	0.08026056	-0.06781668	0.15780251	-0.01655899	0.12524943	0.03438314	0.18310959	0.08731661	0.13641566	0.05753459	0.07226839	0.10455815	0.21230811	0.11182605	0.22399770	0.21786833	0.13037561	0.17191177	0.19713680	0.24258041	0.18389198	0.13076153	0.18290354	0.26474966	0.15739228	0.12601355	0.04318829	0.10454134	0.28100303	0.25935763	0.24465632	0.34365858	0.23192855	0.27364253	0.27718271	0.29241861	0.19854192	0.11333835	0.24062474	0.21992223	0.14884656	0.23907119	0.19402547	0.04059242	0.24972534	0.10352453	0.11004038	0.17085000	0.05091646	0.38304797	0.19126939	0.94497838	0.16341643	0.38875255	0.16655360	0.30645642	0.15673630	0.28965893	0.00088108	0.03840336	0.20022320	0.22751433	0.01531233	0.21175854	0.17265810	0.20770802	0.06102712	0.02075694	0.03967802	-0.02418623	0.07648713	-0.01323469	0.08218553	0.11712055	0.03045572	0.13051991	0.13728262	-0.02244475	0.06945770	0.14043217	0.16981178	0.27385746	0.07754228	0.01407841	0.00769173	0.08552454	0.05065333	0.14701397	0.05537788	0.15017864	0.05261439	0.19586378	0.25810455	0.23068035	0.25945197	0.08035677	0.04343821	0.13577666	-0.04079848	-0.08541857	-0.03346250	0.08367446	0.17505441	0.16484447	0.24788464	0.35391248	0.18842995	0.23794365	0.22635010	0.28539586	0.11165660	0.14068816	0.14244393	0.15295672	0.08178659	0.02900329	0.10795395	0.09873723	0.22012314	0.17669071	0.18416488	0.03005154	0.04892836	0.07068500	0.14800412	0.15677056	0.12123358	0.12665017	0.10995978	0.08768813	0.24768065	-0.00743121	0.14265885	0.04906595	-0.04923103	0.02598782	0.20976740	0.12295487	0.05295604	0.14905357	0.16630622	0.16732828	-0.01884538	0.23535684	0.08177543	0.15798921	0.15005860	0.24890213	0.13778325	0.17894110	0.28733550	0.24695995	0.17466180	0.25784685	0.05603861	0.10990954	0.08868262	0.03737152	0.11597484	-0.09841944	-0.01061693	0.18046049	-0.05981364	-0.10083378	-0.12819510	0.02413707	0.06674442	0.02873842	0.05458636	0.22188086	0.10228803	0.20319650	0.14178452	0.06359114	0.19882123	-0.06874227	0.06267740	0.11055220	-0.03456685	-0.00588394	0.03416361	-0.07095926	0.09585529	-0.00097835	0.01631549	0.25587427	0.12904667	0.08655181	0.09644871	0.11606259	0.10033414	0.25126442	0.13875501	0.00008138	0.08353388	0.11399044	0.16345960	0.13806349	0.10965336	0.07675793	0.00507968	-0.13332762	0.14275768	0.18630071	0.21494635	0.10127117	0.08299522	0.15281406	0.12924251	0.14872483	0.14961409	0.15291120	0.19935395	0.04194402	0.08100174	0.14179982	0.09355246	0.14137584
17Networks_RH_SalVentAttnA_FrMed_2	0.07499641	0.15447520	0.05836146	0.12782722	0.11904207	0.25996728	0.21020242	0.20088840	0.34472749	0.15896428	0.24990489	0.08017021	0.16070839	0.14043582	0.09026581	0.23851961	0.10787505	0.18036865	0.08827546	0.19310903	0.11640729	0.23335217	0.20520533	0.16152901	0.40931554	0.37753376	0.29782925	0.18685961	0.39985463	0.25994572	0.35412865	0.44502406	0.27932054	0.27968055	0.19016774	0.30234566	0.17346069	0.25081443	0.20341068	0.31917318	0.32229244	0.20315279	0.25914271	0.18340614	0.22191104	0.25221976	0.15045475	0.35628653	0.04974305	0.14161893	0.29655999	0.32539556	0.28979480	0.20968304	0.26006801	0.13848615	0.17571271	0.32403231	0.26589615	0.04247965	0.17295100	-0.02059083	0.16391131	-0.05925126	-0.08947779	-0.04843473	-0.02954451	-0.04930900	-0.01991902	-0.01284520	0.13385982	0.20277807	0.06039427	0.16248544	-0.01798865	0.22726086	0.07976016	0.20734330	0.04368634	0.19527770	0.24567993	0.22198542	0.12011352	0.27845046	0.23864056	0.20188363	0.18742348	0.13371625	0.17865588	0.13910363	0.25829417	0.17213682	0.45635549	0.28351826	0.29632647	0.22344585	0.34085642	0.32487752	0.45059067	0.23530112	0.15133738	0.17546689	0.02082291	0.22354432	0.29984557	0.04163245	-0.01964380	0.20567359	0.06321683	-0.01891324	-0.07659236	0.17041961	0.18390261	0.06062805	0.01482861	-0.01261272	0.02723382	0.01282549	-0.01060248	-0.15235120	0.07929204	-0.14441664	-0.01178793	-0.04202762	-0.09788460	-0.06238241	0.01996556	-0.02068441	-0.04999113	-0.00396826	0.01234407	0.08697050	0.19966265	-0.04924824	-0.00728457	0.06430022	0.01604131	-0.14537211	-0.12117353	-0.03793545	0.00306161	0.06718202	0.36063640	0.02851493	0.03521363	0.00612561	0.08154945	0.08697607	0.10104067	0.07541067	0.09492747	0.07919083	0.03002765	0.09276299	0.03124713	-0.03215968	0.01920340	0.12606611	-0.05052545	0.14527252	0.21195079	0.28305502	0.32998791	0.32433686	0.10130213	0.32314365	0.12313826	0.17944117	0.13401888	0.21891884	0.07668212	0.15785753	-0.04778208	0.10673987	0.30935003	0.16852095	0.19231238	0.01437158	-0.13195595	0.21776567	0.06224856	0.04301195	0.27925046	0.09085964	0.19392565	0.27598265	0.06223300	-0.03502974	0.15100946	0.09347972	0.14657894	0.12235104	0.12664969	0.06895452	0.16448159	0.06023168	0.15831717	0.05372518	-0.10746060	0.18853393	0.08780452	-0.15367609	0.13661637	-0.11623233	-0.08711668	0.04151909	0.08292983	0.27908517	0.13959134	0.25205905	0.15813691	0.14136045	0.17925033	0.07981406	0.07015500	0.17815111	0.10115535	-0.05234822	0.20200156	0.26336941	0.14791084	0.18371756	0.29458838	0.26184553	0.42542292	0.52439616	0.21423415	0.56689980	0.32736887	0.21340586	0.24432590	0.20369197	0.32032699	0.32830255	0.23933406	0.30102100	0.25083541	0.35103986	0.24293052	0.15835642	0.20304025	0.24402806	0.16025197	0.12520743	0.21142836	0.30738855	0.17257191	0.10679812	0.15483639	0.18930858	0.18604238	0.29257640	0.35738515	0.11853529	0.19596914	0.34986415	0.21864668	0.30690070	0.15641527	-0.03538364	0.15426234	0.13799679	-0.13383842	-0.00232363	0.10516244	-0.06528041	0.14266131	0.11490210	0.16181948	0.07498355	0.24938471	0.07816314	-0.02294415	0.16954222	0.24970654	0.15783241	0.24185590	0.23278268	0.18007794	0.26891571	0.23633224	0.14832956	0.07034403	0.06422903	0.30094689	0.25882170	0.19929943	0.34276143	0.15377717	0.19291796	0.18407308	0.30362253	0.18166991	0.35409433	0.12490592	0.43184635	0.36559976	0.16341643	0.89379773	0.22892512	0.13000569	0.27127399	0.04904194	0.19974063	0.02636773	-0.14708872	0.12872366	0.22544559	0.11311917	0.24588922	0.30568548	0.25915856	0.03842649	0.10775482	0.06702153	-0.10673906	0.11476393	0.06411218	-0.01836325	0.14012789	0.15674509	0.12460999	0.07774643	0.07054456	0.07159735	0.09212896	-0.02464821	0.01467045	-0.04419094	0.07353215	0.27328570	0.12226593	0.09092033	0.18095684	0.09001371	0.01743346	-0.08615074	-0.04527145	-0.01691299	0.00905709	-0.02497067	0.02859333	0.21656380	0.13737124	-0.05570497	0.01017152	-0.06497540	0.00630728	0.12301766	0.38244973	0.05380478	0.13567479	0.04691777	0.19100108	0.00952404	0.01550771	0.08824734	0.14027277	0.01390812	0.07610865	0.01395959	0.03990238	0.13647888	0.09265282	0.07358588	0.07371042	0.12742000	0.10792628	0.04271696	0.22328699	0.34047445	0.07092445	0.23166067	0.08304687	0.04826898	0.07198500	0.42088516	0.21076192	0.21561634	0.02401288	-0.01910869	0.10677249	0.27599306	0.23601678	0.10669809	0.04831072	0.10326673	0.15130049	-0.00448701	0.08204477	-0.10242189	0.25771658	0.15816680	0.26810321	0.13648634	0.04341943	0.26818140	0.29576928	0.07280916	0.11788567	0.01320509	0.18608608	-0.05176321	-0.06019576	0.05369081	0.01118973	0.03764666	0.16469741	0.04999865	-0.08940265	0.16275251	-0.01852690	0.18065916	0.25581655	-0.04176134	0.06379025	0.02464549	0.09808851	0.01694206	-0.00614450	0.04942541	-0.00038143	0.09837676	0.11532759	-0.03048033	-0.10743776	0.06375131	-0.03013036	0.18588914	0.19378819	0.00865999	0.10897245	0.10254177	0.17476946	0.25270029	0.13944944	0.08947560	0.21046616	0.22779106	0.07744461	0.15218621	0.05036859	0.14861789	0.11678783	0.12453127	0.15815025	-0.01278466	0.03411683	0.10237921	0.21419137	0.22741160	0.08786834	0.07932289	0.23612196	0.14108982	0.15563399	0.08941424	0.15142740	0.16166595	0.05226615	0.18026366	0.17830765	0.06665487	0.15723550
17Networks_RH_SalVentAttnA_ParMed_3	0.10038900	0.06797660	0.05904101	0.13297666	0.22823250	0.21148711	0.28199124	0.33207718	0.31231416	0.28204327	0.33924106	0.26346351	0.18697349	0.22267875	0.13907245	0.09416283	0.10083071	0.31093528	0.18691411	0.24830744	0.20302472	0.27759187	0.31079488	0.24812580	0.37680132	0.22526096	0.26188454	0.18357113	0.40462763	0.34294998	0.30442522	0.31779383	0.36419319	0.41655875	0.31202005	0.40118044	0.28866866	-0.09181439	0.12577102	0.47006765	0.41955236	0.25696768	0.14323475	0.09253516	0.19499179	0.19942212	0.18663701	0.28651109	0.03361192	0.22009915	0.15248632	0.24047176	0.34634634	0.36286055	0.07268910	0.03354707	-0.00378834	0.08457247	0.20884360	0.10102844	0.18994284	0.10229100	0.19820719	0.15207964	0.22015650	0.12989536	0.03784387	0.14552498	0.40264750	0.17404485	0.31533061	0.33406283	0.10865486	0.25538433	0.20420180	0.26820174	0.27890881	0.40324038	0.42141893	0.46245106	0.00690640	0.15177285	0.17023473	0.24908359	0.24545806	0.36787590	0.30523602	0.42843221	0.28668668	0.22648516	0.24020222	0.20823612	0.39475643	0.18187781	0.27865068	0.56330945	0.38027525	0.36409143	0.25052802	0.16576684	0.32155721	0.43887013	0.10779138	0.17679415	0.22734976	-0.00405938	-0.07594213	-0.02310617	-0.07156143	-0.06483613	-0.16892671	-0.12307504	0.04066856	0.01100911	-0.07683425	-0.03157645	0.01521094	-0.03681339	-0.07988567	0.10636325	0.05340595	-0.10202689	0.30391523	0.08734260	0.18655026	0.20428859	0.16384490	-0.06572632	0.16714657	0.12370333	-0.11926929	-0.11874367	0.24220986	-0.09837067	-0.14303628	0.01757605	0.06032140	0.05085516	-0.12313838	-0.14897837	-0.07976928	0.08094699	0.04394338	0.17369178	0.30762472	0.28507462	0.15806734	0.22087745	-0.13773338	-0.18409111	0.01047609	-0.10185351	-0.20907803	-0.07806622	-0.12457199	-0.10093581	0.04097136	0.08943028	0.07611934	0.21207751	-0.07003819	-0.11430723	0.08062322	0.00635598	-0.10250153	0.08255719	-0.02128821	-0.02125604	-0.10879680	-0.00722675	-0.09673359	0.09012647	0.09797168	0.09726820	-0.01282117	-0.03467313	0.23430169	-0.10540775	-0.14533435	0.03434491	-0.03705031	-0.01996145	0.11226658	-0.06955550	-0.04233772	0.05007257	-0.00715677	-0.14144926	0.03563444	-0.19233168	-0.05578627	0.05622566	-0.01040278	0.00468672	0.15778472	0.18433162	0.09368771	0.17898582	0.15098172	0.35502069	0.15736728	0.04944508	0.24772041	-0.01095730	0.06286304	0.01619191	0.16960262	0.31144627	0.36877311	0.34018734	0.42606878	0.28346496	0.13780089	0.03850571	0.09925824	0.15536163	0.09505710	0.03911792	0.26914659	0.16282623	0.25606932	0.08959873	0.21018908	0.12438691	0.15445806	0.31522243	0.07736757	0.37816957	0.22337963	0.18756174	0.23696722	0.38286013	0.27138489	0.20410449	0.36794940	0.15990532	0.25566169	0.29162625	0.36204995	0.17548207	0.11134279	0.18992992	0.19631072	0.19914654	0.20996421	0.13727654	0.10270019	0.07510800	0.24813350	0.03802091	0.21370089	0.10073673	0.22912307	0.08625596	0.20727626	-0.00212980	-0.00519622	0.12576133	0.31353178	0.03321333	0.10264618	0.35817639	0.15037785	0.29424110	0.31342268	0.23812420	0.36445891	0.31376171	0.34271825	0.42019105	0.28531557	0.27822225	0.10031237	0.07886281	0.30584840	0.32093245	0.21924777	0.43396287	0.46420277	0.32880307	0.28759324	0.25238000	0.37196242	0.30119089	0.44116587	0.26070040	0.37677530	0.20733187	0.28247129	0.30253941	0.35113024	0.25404858	0.13940009	0.38396663	0.24494759	0.41694506	0.18964754	0.38875255	0.22892512	1.03013345	0.29454678	0.36597540	0.22260197	0.47685423	0.09874743	0.07762586	0.25512831	0.33052220	0.11483175	0.41113934	0.07632453	0.32993171	0.04617367	-0.03288109	-0.13762493	-0.11150795	-0.08306577	-0.09388609	-0.04176547	0.05845912	0.05016887	-0.04044544	-0.00022408	-0.01219791	0.09719416	0.23108969	0.26776658	0.32266676	0.06120798	-0.13122928	0.02354258	0.07803970	0.17794745	0.16861746	0.06213442	0.00744935	-0.05991481	0.29476885	0.21261184	0.45261050	0.32249805	0.09184994	0.06114177	-0.02993531	-0.15233258	-0.14886476	-0.07418200	0.13701563	0.06470274	0.21769942	0.20141445	0.44117395	0.02304376	0.25109620	0.41037344	0.05883107	0.13324723	-0.04262671	0.03293325	-0.08024493	0.06239176	-0.15594971	-0.01806557	-0.03629986	0.02943728	0.23647742	0.03279401	-0.15127117	-0.07853391	-0.06009494	0.02626061	0.02510773	0.12900280	0.11491292	0.10855889	-0.07969957	0.16408554	-0.17960592	0.06352784	-0.05071592	-0.01136503	-0.03116242	0.19628014	0.19654188	-0.12828917	0.05142626	0.05430274	-0.00735354	0.10350722	0.15489700	-0.03120493	0.01412392	0.11148574	0.31185503	0.15620001	0.30056954	0.48447517	0.44678704	0.13823060	0.38935492	-0.11238547	0.01047873	0.00284663	-0.06897615	0.18404167	0.00878476	-0.01397887	0.10777014	-0.06569083	-0.10447964	-0.01479734	-0.02158945	0.20025730	0.14293123	0.01896054	0.14511252	-0.08281489	0.12613113	-0.01405813	-0.05345011	0.06392971	0.00540677	0.00909907	0.08006532	-0.07369394	0.02232951	0.07102098	0.05624536	0.17736549	0.01269474	0.05478127	0.14067601	0.20686299	0.19479773	0.16749643	0.04163442	0.13302795	0.27551189	0.14522335	0.12480246	0.12916302	0.07617281	0.22992660	0.15370659	0.19172310	0.16252223	0.15180459	-0.01655990	0.23522292	0.26838930	0.24006163	0.06831040	0.23844718	0.24638127	0.14522189	0.17429230	0.16105137	0.12857463	0.16453900	-0.02341258	0.08837078	0.20466070	0.07711812	0.10938555
17Networks_RH_SalVentAttnA_ParMed_4	-0.06863797	-0.04675184	-0.09995840	0.01237918	0.15610840	0.08674713	0.04420852	0.28164725	0.08477400	0.15366459	0.08924505	0.13384684	0.20837320	0.09740321	-0.08302256	0.11313305	0.03954486	-0.01231624	0.02707771	0.15597762	-0.00947750	0.10703026	0.06799219	0.06186951	0.17878930	0.11406225	0.19097612	0.19726510	0.15720606	0.30638861	0.25103508	0.26155090	0.17889047	0.25972752	0.12507659	0.22640796	0.18990903	0.05122634	-0.01201577	0.19052870	0.20853207	0.25396752	0.09543455	-0.00952290	0.21362008	0.01765527	0.40960820	0.25251880	0.04867687	0.26822718	0.13471748	0.24724623	0.32828316	0.22515105	0.01151450	-0.03170265	-0.02278739	0.16121317	0.07898126	-0.00859587	0.29976426	-0.06671892	0.08032292	0.12248936	0.01884169	0.02638647	-0.07183505	0.03772287	0.10889360	-0.09491042	0.06733856	0.05041081	0.14672625	0.15592336	0.01565233	0.16218124	0.16440049	0.19580133	0.15932993	0.13432744	0.07507979	0.00706079	-0.11020146	-0.01500663	0.06980734	0.27247518	0.13798436	0.22184638	0.29487982	0.22742610	0.19810098	0.28634624	0.26126095	0.06354732	0.14909809	0.20058779	0.17404059	0.12551904	0.10543301	0.22502242	0.21403068	0.11842862	-0.11929062	0.15950707	0.17272362	-0.09963201	-0.02201780	-0.05886203	-0.15150665	-0.00885776	-0.11975675	-0.01322533	-0.12429784	0.01083020	-0.01638229	0.03027024	-0.07894668	0.07368640	0.04052231	0.05628191	0.01346707	-0.18782523	0.12939369	-0.14464616	0.00044493	-0.00862546	-0.03390603	-0.03925711	0.18334930	0.15079491	-0.14975180	-0.11011656	0.13952891	-0.09956928	0.02819314	-0.11797352	-0.02886663	0.01822394	-0.19657952	-0.10322737	-0.08753536	0.00678475	0.05975630	0.05265953	0.13613937	-0.08288884	0.03054356	0.11459265	-0.11170295	-0.14492058	-0.08879371	-0.12202418	-0.17722963	-0.07344337	-0.12412801	-0.17558930	-0.10854958	-0.00353317	-0.09948545	-0.05351446	-0.21014106	-0.04332928	-0.00548161	0.06965601	-0.14367415	0.08967434	-0.05338275	0.02667204	-0.05639253	-0.05411122	-0.08189955	0.08804313	0.01481372	-0.06520375	-0.02937298	-0.13704882	-0.00308311	-0.03953856	-0.13881895	0.01525726	-0.08929942	-0.17480778	0.16423755	0.01504877	0.00238402	-0.04163727	-0.06975484	-0.15942451	-0.01897968	-0.08149188	-0.02335388	0.00407049	0.19427209	0.12046668	0.21419482	0.14668200	0.08332035	0.10241798	0.05490531	0.23203977	0.13201370	-0.09129085	-0.03726568	-0.07020023	-0.03637508	-0.20783419	-0.03993239	0.16759189	0.11398419	0.16653754	0.13737796	0.11756027	0.11183437	0.07443140	-0.13396469	-0.04752289	0.07964901	-0.07059303	-0.01457378	0.06245681	-0.05266948	-0.09030835	0.03437990	0.14099892	0.08816255	0.13167804	0.11325370	0.29880475	0.12071646	0.21881318	0.17435094	0.22634860	0.22626929	0.23624917	0.25912588	0.17791054	0.15326915	0.20085568	0.22278906	0.26276110	0.08071482	0.11211717	0.07739987	0.03829163	0.10085886	0.13715018	0.11556864	0.10357491	0.17254526	0.14935238	0.24498967	0.12174377	0.14163097	0.25915456	0.23416455	-0.02414318	-0.01789244	0.06542026	0.26131793	-0.03144132	-0.00165144	0.15661542	-0.00249202	-0.03796164	0.00166058	0.01144608	0.21161792	0.19785565	0.19257932	0.14513239	0.15622394	0.10799308	-0.05610095	0.12062835	0.23872127	0.08945650	0.20237807	0.13504048	0.17538409	0.24122524	0.25133582	-0.01444868	0.12213592	0.07700807	0.38540920	0.33298757	0.36238276	0.06784939	0.09436874	0.04930165	0.18411235	0.17388846	0.18700376	0.23478026	0.08276326	0.17923108	0.14756514	0.16655360	0.13000569	0.29454678	0.89867784	0.10716389	0.11851014	0.25936448	0.02012249	-0.00738013	0.13153562	0.06375982	-0.12185596	0.24635078	0.03819647	0.11971153	-0.00287139	0.03032885	-0.09781138	-0.02615716	0.17257967	-0.26769523	-0.08989984	0.05819871	0.08074410	0.04061156	0.10297097	-0.00365890	-0.04435691	0.07062718	0.12589654	0.00425390	-0.01785188	-0.13919105	0.05079143	-0.00621575	0.18622901	-0.04209299	0.02758566	-0.00882179	-0.01304691	0.12829182	0.06562568	0.28970028	0.07715032	0.00615870	-0.01851227	-0.11760336	-0.06965850	-0.16060689	-0.08252524	0.01221049	0.05060166	0.11878223	-0.02477450	0.15078131	-0.09408308	-0.03151382	0.08170753	-0.01324593	0.04960159	-0.00487691	-0.04303782	-0.13848013	0.00198778	-0.05094501	-0.11421861	-0.12366795	-0.10828167	-0.02121285	-0.14784725	-0.18961431	-0.15323045	-0.03949275	-0.00631797	0.11595462	0.12138662	0.03945869	0.03410879	0.02860308	0.10426392	-0.11209075	-0.01033170	-0.07698510	-0.00358732	0.00940156	0.02268222	-0.01985032	-0.13080059	-0.15406107	-0.03717456	-0.07759797	-0.12995365	0.17694516	0.06054775	0.03193904	0.02342384	0.22280432	0.14365324	0.20885758	0.33497309	0.31814096	0.08398152	0.27006649	0.11621907	0.03537628	0.10154627	0.07656308	0.05540108	0.04018390	0.13214790	0.14055928	0.00214030	-0.17526326	0.01847468	0.08221002	0.05316680	0.04613900	0.15390171	0.08617997	0.05015962	0.01192734	0.12009720	0.14951924	-0.04102390	0.02169876	0.03663859	0.10652574	-0.03177380	0.03647472	0.08709272	-0.00041453	0.06931021	-0.05012467	0.07642177	0.12110672	0.09376789	0.17775878	0.14953828	0.02079182	0.04912257	0.20075874	0.05876622	0.08158513	0.05030955	0.09594285	0.07876417	0.15336888	0.13467759	0.07907082	0.06111490	-0.09147176	-0.00280419	0.16036839	0.16028708	0.06614420	0.06038873	0.20916488	0.14404814	0.09750230	0.03193016	0.09114206	0.01642286	-0.08470559	0.06569976	-0.00483568	0.02120095	-0.02284307
17Networks_RH_SalVentAttnA_FrMed_3	0.34596094	0.29186859	0.25039877	0.44067822	0.13318393	0.34976328	0.33973758	0.38814915	0.35112342	0.21533074	0.21529739	0.16812513	0.28952727	0.21964272	0.34749331	0.20202277	0.02021614	0.20063514	0.08826519	0.18077442	-0.04585639	0.21198251	0.15081308	0.16353469	0.52186808	0.30628501	0.35229889	0.19912037	0.58867061	0.32307446	0.36986529	0.43571964	0.57653465	0.54722018	0.30281665	0.52875703	0.29031446	0.16821332	0.34087478	0.65151005	0.43521382	0.22132028	0.34978325	0.16493993	0.32326956	0.17257251	0.22457066	0.36590683	0.06079721	0.04302720	0.25460626	0.39251282	0.45702856	0.51202469	0.11454947	-0.07313516	0.09906961	0.04636675	0.19472416	0.26194177	0.25612146	0.43736600	0.46412339	0.12247522	-0.07611266	0.10147183	-0.08051077	0.05884264	0.17492480	0.22659612	0.21254428	0.23678675	0.23029280	0.41527247	0.36065234	0.45750203	0.35386083	0.32966245	0.09469136	0.31924590	0.18107948	0.26752461	0.21467964	0.26100218	0.32865588	0.41134374	0.20953332	0.34795696	0.21166984	0.16051567	0.28342391	0.31927390	0.48799359	0.22497897	0.31634738	0.31882982	0.14871405	0.64386569	0.39594687	0.33800167	0.13884036	0.27615871	-0.08754546	0.00700738	0.22900458	-0.09585184	-0.08814592	0.10212111	0.29373468	0.00321981	0.03465929	0.29630695	0.32806769	0.07898481	0.09438064	0.16991486	0.11593578	0.03633746	0.03967464	0.11485768	0.01214427	-0.11840641	0.08720226	-0.02080877	0.06160874	0.08899440	0.21383497	-0.08134856	-0.04806130	0.11598705	-0.02692847	0.02623741	0.27689601	0.25006577	0.09426129	-0.05439630	-0.07014881	-0.19347834	-0.06753692	-0.05082300	-0.01767732	-0.05414864	0.23761343	0.09606660	0.09118931	-0.15959941	0.16264603	0.04910101	0.02458874	0.00423377	-0.02620488	-0.02843146	-0.19131767	0.08750805	-0.06495769	-0.02585900	0.10355297	0.38189229	-0.07590761	0.06957554	0.24224713	0.16799373	0.20790573	0.17586986	0.03381293	0.13573109	0.09730491	0.14283311	0.36091547	0.33543923	0.08161520	0.22697118	0.07924175	0.02743481	0.28497726	0.04785716	0.17373850	-0.01326644	-0.07902878	0.13952373	-0.09392350	0.02670035	0.28429509	0.04826284	0.25029934	0.14109407	0.01097096	-0.07215367	0.26246021	0.14013147	0.04827147	0.09559021	0.02968187	0.11535629	0.17004258	0.29742046	0.22528003	0.23470313	-0.08377194	0.38935057	0.49237495	0.15585520	0.41083169	0.22356296	0.09644119	0.03761899	0.37812903	0.44533357	0.27920203	0.38882865	0.27087016	0.18616200	0.33390108	0.25540808	0.39582027	0.29377392	0.15115538	0.02890542	0.30648744	0.12859035	0.08205254	0.10616524	0.11022658	0.19037810	0.33471516	0.53335317	0.14589309	0.46653708	0.36940395	0.38007043	0.34042009	0.37968986	0.29774310	0.22946834	0.51869997	0.30444304	0.12691757	0.41806047	0.35374414	0.15268470	0.31902134	0.27477790	0.42677500	0.28535542	0.27194066	0.10525334	0.11547111	0.06535133	0.38317321	0.08616987	0.26868297	0.19119969	0.42651606	0.08657433	0.31754010	0.16051847	0.11635060	0.18405332	0.37829895	0.28194932	0.31146838	0.39280157	0.01673414	0.06313699	0.32660235	0.12606284	0.19449066	0.25087061	0.18436795	0.39761541	0.37966330	0.24444458	0.09320209	0.15599658	0.39107166	0.39022291	0.29347902	0.50378496	0.25612544	0.36705368	0.32822919	0.53732928	0.35055034	0.39119927	0.39134952	0.36046351	0.23902917	0.44266069	0.23636200	0.14286953	0.30613912	0.26581796	0.22135479	0.41297968	0.29657064	0.62503989	0.25008053	0.30645642	0.27127399	0.36597540	0.10716389	1.08447430	0.21222651	0.34346242	0.01300961	-0.04662181	0.20559070	0.17320552	0.02870446	0.26739197	0.18485143	0.28456135	0.21003196	0.14292823	0.10209188	-0.10809890	0.17159512	0.08967871	0.12931357	0.20838398	0.08028301	0.16757991	0.11614802	0.13559336	0.11698372	0.31650704	0.08408988	0.18715612	-0.13226656	-0.01256728	0.16097745	-0.02930503	0.21564875	0.09587038	0.22998454	0.19525241	0.10209062	0.11226609	0.02451196	0.39103804	0.06017140	0.01755513	0.00858380	0.13912961	-0.14653400	-0.02994550	0.00304314	0.15050077	0.20166072	0.27112090	0.02657961	0.24721205	-0.10361720	0.21903305	0.01286398	0.12555278	0.07816761	0.18546293	0.04255466	-0.02063518	0.03387022	-0.13523491	0.02183170	-0.07857027	0.13820980	0.46796341	0.05689553	0.14489706	0.18583801	0.19948676	0.22483906	0.03219475	0.31888981	0.22300604	0.17902188	0.09137923	0.21229060	0.02660134	0.31263768	0.07232588	0.35253124	0.20501177	0.35019564	0.23114439	0.03884739	-0.00550706	0.21105280	0.07675098	-0.09403225	0.14947871	-0.02302448	0.17779925	0.05901910	0.37944052	0.17404677	0.15801964	0.49772641	0.49058772	0.14339811	0.34602132	0.14160280	0.09437464	0.12441567	0.09841396	0.29936315	0.00243576	0.04674216	0.36147960	0.08481762	-0.18889970	0.03651506	-0.05237428	0.26243012	0.25438967	-0.02952551	0.33398576	0.12139270	0.18689572	0.11683822	0.24805926	0.23187540	-0.09847888	0.09250843	0.21966435	0.10454833	-0.08866203	0.02235195	0.09716380	0.24147278	0.05234430	0.09863073	0.18793884	0.23833665	0.17781602	0.20257718	0.08071114	0.01254247	0.25166787	0.17919878	-0.01318174	0.13495784	0.00015896	0.22263420	0.14153268	0.12867760	0.05670307	-0.09683481	0.06274953	0.19850608	0.23207104	0.32887959	0.12455927	0.04916320	0.27204479	0.01399319	0.11200712	0.13741834	0.10844949	0.29870583	0.14211731	0.15447409	0.29404454	0.18387228	0.10361696
17Networks_RH_SalVentAttnA_FrMed_4	0.13068146	0.10722733	0.04440218	0.22877539	0.27517817	0.23305741	0.16175626	0.15579665	0.09444599	0.14909933	0.03294925	0.08712984	0.25855854	0.17104914	0.19435704	0.05391473	0.00707804	0.01782530	0.10310200	0.13388557	0.10497086	0.16262288	0.05497001	0.24482810	0.10292938	0.00191213	0.19277271	0.21655203	0.17834790	0.19616174	-0.01239047	-0.00122644	0.33279619	0.19429401	0.22092729	0.08274003	-0.01837535	-0.09387375	0.13020316	0.37241906	0.09419364	-0.09606200	0.09459789	-0.12176904	0.18651767	0.12840889	0.14992557	0.07077986	-0.09292050	0.21124185	0.11105095	0.13624354	0.22271946	0.18292742	-0.04949321	0.05740782	-0.01892010	0.06294931	0.03797739	0.06484885	0.24493987	0.09994360	0.16809844	-0.01482734	0.04371589	0.01617260	0.06798015	0.01751891	0.04213511	0.00201632	0.11702054	0.06457094	0.22351545	0.22269598	0.21128675	0.28054537	0.08709727	0.13027771	0.22169561	-0.00395293	-0.14029910	0.21573363	-0.02446770	0.07739579	0.26272086	0.33892176	0.33997728	0.13766108	0.23922510	0.02870298	0.16445050	0.13378896	0.13771212	0.07447803	0.21058624	0.17205249	0.17327253	0.26055837	0.22939057	0.02352604	0.27341649	0.26208439	0.05089922	0.26606934	0.18499406	0.02112783	0.07425057	0.05897636	0.14430684	-0.05934147	-0.04603234	0.05145056	-0.04999195	-0.22199469	-0.11364203	-0.03736825	-0.01020713	0.12155122	-0.00957939	0.14676909	-0.15077683	-0.11625029	0.20592279	-0.05469082	0.07491987	0.00169499	0.43951168	-0.06081919	0.05484850	0.12583158	-0.03616263	-0.12425983	0.28720471	0.14666659	-0.06235082	0.08433522	0.10004482	-0.05587233	0.07397501	-0.08710478	0.00656385	0.22540502	0.08822308	0.13293256	0.22731688	0.13651761	0.20074360	0.22833422	-0.02021784	-0.06482151	0.11382986	0.04744543	0.02187595	-0.06105048	0.00406059	-0.07868953	0.12299098	0.09974238	0.15173384	0.18326652	-0.00631228	0.11616146	0.07817681	0.16374281	0.01110570	0.21325327	-0.08624351	-0.19844881	-0.08379359	-0.06552503	-0.15759928	-0.10229172	-0.01202989	0.12562083	-0.00745574	-0.03268536	0.22024137	0.03103676	0.06758045	0.36993943	0.02888831	-0.00958695	0.13888586	0.08189703	0.11013130	0.05525546	0.01177735	-0.10859118	0.10077182	0.00218814	0.00842897	0.24790838	0.03706934	0.17711617	0.13313774	0.20073131	0.14210498	0.04295917	-0.06610098	0.09874102	0.12794645	0.09339338	0.16652002	0.14924058	0.17532676	0.02661939	0.12830241	0.16620904	0.02414537	0.02969478	0.07036279	0.11340349	0.13189008	0.02424957	0.08530827	0.00161396	-0.04700570	-0.00240966	0.12983367	0.15436590	0.08990063	0.10244817	0.15048266	0.06131956	0.02742235	0.14085312	-0.00377519	0.04879383	0.04643951	0.11022444	0.02804798	0.07940121	-0.06668018	-0.05438614	0.11402420	-0.03802699	-0.11565184	0.05564549	0.07306103	-0.09353228	0.07611184	0.16233061	0.12099926	0.07681070	0.03749090	-0.10408443	-0.10635181	-0.11339273	0.06989711	-0.03658577	0.13388878	-0.02982475	-0.00132081	0.16393754	0.11670995	-0.09967141	-0.12481783	-0.10556585	0.34099513	0.05299968	-0.07846715	-0.03749752	0.05227627	0.08094463	0.10207949	0.05203277	0.19427864	0.05510458	0.12513189	0.06753670	0.04685162	0.13824931	-0.04578948	-0.01357769	0.12076624	0.08153105	0.02683530	-0.04859299	0.28836728	0.16111638	0.03419484	0.22189487	0.04870619	0.29602486	0.20518705	0.03953335	0.08359206	0.17600362	0.02908022	0.12249393	0.05856044	0.02757851	0.06637923	0.12805307	0.20605584	0.26397392	0.06207193	0.15673630	0.04904194	0.22260197	0.11851014	0.21222651	0.96771735	0.12622904	0.04977688	0.21166209	0.36771662	0.39734111	0.20433103	0.28344988	0.30385037	0.37525604	0.16355060	0.11204070	-0.00131818	0.02005516	0.07294060	0.01764169	-0.03505794	-0.12508248	0.11497766	-0.04629710	0.01435975	0.15832798	0.07401777	-0.05439510	0.03323021	-0.05544245	0.26836093	0.03614219	0.10926167	0.23036092	0.14526485	0.05021858	-0.03573077	0.03084167	0.09647539	0.32207489	0.28820026	0.15035518	0.09666585	0.37409922	0.25010405	0.06907425	0.09795280	0.00477060	0.16627419	0.25327195	0.23384594	0.30579505	0.14117052	0.34062200	0.12481591	0.29503019	0.29378047	0.12810055	0.11410477	0.05477785	0.24962594	0.10123590	0.22309687	0.08805209	-0.01319727	0.02606172	0.01458993	0.17970287	0.01563778	-0.00682340	0.12366545	0.14255782	0.09702555	0.42288362	0.28345551	0.12765494	-0.05363268	0.10740638	0.22305104	-0.01751839	0.24199682	0.10698178	0.30001455	0.15103312	0.32034135	0.28360786	0.01099789	-0.04717782	0.20655786	0.01182088	0.06731702	0.11798838	-0.00023685	0.02420449	0.16276357	0.30631629	0.08099658	0.15039306	0.33442972	0.21067008	0.33166059	0.30651205	0.00397744	-0.01721191	-0.01595049	0.04046503	0.05612176	-0.00140459	0.05686883	0.06953862	0.04690547	-0.02530114	-0.08861699	-0.07115285	0.11714152	-0.05584878	-0.00592296	0.12903032	-0.02630255	0.04191909	0.08458378	0.15388197	0.01838788	0.00583244	0.05637837	0.00176578	0.04242275	0.06814317	0.01370574	0.00781216	0.07766493	-0.21033942	0.05017908	0.07846053	0.15629751	0.01782884	0.04650772	-0.07097966	-0.03993005	0.08385766	0.08461692	0.02351029	0.00877266	0.03090315	0.13392725	0.16566440	0.10810250	0.03411790	0.07402903	0.08393564	0.00111094	-0.00854483	0.09145923	0.02468517	0.15286496	0.13020547	0.10476784	0.16116603	-0.02942252	0.11698086	-0.00349916	-0.04633618	-0.13111754	0.02579902	0.07617873	0.06152004
17Networks_RH_SalVentAttnB_IPL_1	0.10882173	0.01290483	-0.02349434	0.06964517	0.07815223	0.11951037	0.17331893	0.23769125	0.25560947	0.25857334	0.26733904	0.15828105	0.10596049	0.08789572	0.10336668	0.05652874	-0.05798415	0.22507214	0.07799334	0.19250405	0.08880344	0.20265671	0.18515796	0.21351133	0.39243920	0.08636030	0.17167705	0.11762610	0.27765591	0.29803172	0.31665998	0.32448811	0.15979137	0.27065466	0.11648626	0.32041846	0.22016904	-0.01329399	0.18047591	0.36092651	0.25264232	0.18565163	0.13738470	0.08164567	0.25396085	0.17247969	0.28819343	0.29813606	0.03282811	0.19014370	0.20169411	0.25108828	0.35980298	0.39245393	0.07288007	-0.01303916	0.07030541	0.02667253	0.14433893	0.04689748	0.10458400	0.03063096	0.12557623	0.05724979	0.01396847	0.03739163	-0.07198546	0.06767972	0.36736064	0.14750963	0.18168169	0.22241809	0.13230914	0.17658077	0.11453277	0.22548208	0.29322610	0.31646807	0.36717730	0.34720140	0.00052910	0.12070026	0.02098974	0.18816038	0.20936251	0.41453291	0.38215632	0.46874144	0.30280979	0.32456156	0.34035245	0.36238731	0.41462121	0.35040973	0.37007231	0.43723686	0.28976656	0.40476666	0.26598789	0.14220035	0.33642619	0.29577570	0.03301685	0.17936395	0.32630252	0.02544075	-0.06445322	0.04264502	-0.05474877	-0.02789522	-0.09202232	-0.02802324	0.01964083	0.11195470	0.00507777	0.04529793	0.01937299	-0.05923325	-0.03207325	0.12489557	0.05418527	-0.17062952	0.39613515	-0.02837987	0.18561676	0.14074960	0.10653206	0.11448155	0.13830781	0.13699882	-0.08379850	-0.04496735	0.26287039	-0.05304450	-0.00263556	-0.03863641	0.14633240	0.08729994	-0.25773407	0.00595680	-0.09312792	0.09576850	0.14579137	-0.01195827	0.20525501	-0.05057592	0.02533154	0.14761775	-0.09686946	-0.22812778	-0.13440681	-0.02371695	-0.24595450	-0.28853843	-0.34886278	-0.20149496	0.05524281	0.05946261	-0.18045457	0.00330393	-0.19139262	-0.16095782	0.05289661	0.01460415	-0.12006225	0.08134972	-0.02235804	0.05463109	-0.05082052	-0.08200424	0.08096402	0.11014826	0.00719806	0.01970153	-0.02359184	-0.14443895	0.11677954	-0.09779845	-0.15234187	0.08359188	-0.12913413	-0.04557783	0.14822038	-0.01967398	0.01070034	0.14919240	0.11472736	-0.20259563	-0.04329281	-0.28631223	-0.23990646	-0.06032774	-0.04904408	0.00875063	0.23736175	0.23333293	0.23075986	0.39514719	0.17721545	0.42976889	0.10881661	-0.03360086	0.10698127	-0.08702414	-0.02210696	-0.08837513	0.02213180	0.26792341	0.23156399	0.37856274	0.17015142	0.14388597	0.09774691	-0.03209753	0.03959177	0.12924868	0.01416717	-0.07069320	0.19970946	0.16502865	0.09346112	0.17764809	0.18919687	0.18970878	0.08320563	0.31901360	0.13878076	0.36195725	0.19672273	0.15911858	0.21940559	0.40395211	0.23301756	0.28529359	0.35625127	0.19717048	0.23079909	0.21497456	0.21732695	0.15991104	0.15034270	0.18761756	0.21953935	0.16743718	0.24551335	0.24538648	0.17232061	0.13338943	0.21657434	0.10931582	0.24314116	0.24542494	0.26438386	0.18282654	0.32733029	0.09879737	0.06747592	0.10148902	0.25967007	-0.03700343	-0.00547454	0.36841328	0.08786922	0.10574788	0.22362633	0.25143766	0.24155281	0.19287800	0.21668854	0.50339995	0.25012405	0.21294986	0.13275714	0.19045746	0.36669164	0.29345806	0.30190033	0.44800715	0.33782915	0.34182755	0.27883531	0.24654276	0.34488804	0.27739321	0.52203027	0.38753353	0.53707686	0.42320795	0.23770377	0.23755584	0.38805769	0.30748764	0.22985836	0.35570477	0.31539000	0.42833558	0.26684363	0.28965893	0.19974063	0.47685423	0.25936448	0.34346242	0.12622904	0.89767279	0.22749268	0.11455665	0.17538631	0.18363946	0.07595040	0.51179443	0.09061353	0.36908101	-0.03128925	-0.07483240	-0.08997421	-0.12086043	-0.03304161	-0.19467350	-0.05318989	0.15474779	-0.04485025	0.00025776	0.03895451	-0.08410370	-0.04090146	0.23867199	0.26142543	0.35755426	-0.23062833	-0.04847190	0.18697242	0.04676742	0.28537230	0.16055587	0.18894212	0.06041591	-0.02262062	0.33813745	0.22492768	0.54945182	0.31108208	-0.00126150	-0.02291787	-0.04607925	-0.18573475	-0.16562521	-0.08956690	0.22458091	0.08242413	0.29075031	-0.00406244	0.28061753	-0.31272494	0.09497979	0.13260332	-0.11642182	0.11411953	-0.09548789	-0.09600776	-0.07191309	-0.02804932	-0.31596289	-0.33274298	-0.33425214	-0.09403461	0.15808987	-0.15942389	-0.20755243	-0.05712100	-0.11191329	-0.08960243	0.02987240	0.21731339	0.09340119	0.26059220	-0.06861005	0.09751696	-0.18745414	0.04910004	-0.11592703	-0.00164007	-0.13181569	0.26843495	0.27397785	-0.31591514	-0.18917341	-0.09696372	-0.25543632	-0.02578689	0.05086094	0.00766429	-0.08541067	-0.04181354	0.26733461	0.23584313	0.37967914	0.51422037	0.52558952	0.12962634	0.51043352	-0.08068990	-0.01642440	0.11077417	0.04158294	0.10363797	-0.01387578	0.12010014	0.09297338	-0.03897390	-0.06240422	-0.01517506	0.05300452	0.22905741	0.19255907	0.06235537	0.24123921	-0.04530211	0.05112297	0.00937122	0.02085325	0.04215092	-0.08442133	0.10409483	0.10636361	-0.09927093	-0.00329669	0.06753949	-0.07647743	0.20086636	0.09949050	0.18018182	0.23296529	0.05992982	0.12622921	0.11285649	-0.04952008	0.11253546	0.19562053	0.05003274	0.02411070	0.08314960	-0.04922732	0.15555634	0.06957056	0.01742055	0.01409718	0.00196811	-0.20918670	0.14102882	0.13698827	0.13276374	0.03674151	0.07312304	0.08634979	0.04403201	0.15298105	0.20662457	0.02619386	0.13870172	-0.03322410	-0.00202872	0.08521408	0.04666541	0.01859439
17Networks_RH_SalVentAttnB_PFClv_1	0.07656996	-0.04388761	-0.00288093	0.02769166	0.14112920	0.19979892	0.10228919	0.13164864	0.15413967	0.12371753	-0.00795469	-0.00341515	0.02749121	0.09753680	0.00205116	0.00038885	0.04907784	0.00468334	0.06277701	0.13561803	-0.00921628	0.12790309	-0.01863346	0.07385964	0.07415789	0.00529399	0.11551640	0.10867129	-0.07947227	0.12892589	-0.05057675	-0.00136390	0.01958390	-0.08394854	-0.16869071	0.05739100	-0.07423998	-0.14556336	-0.04451981	0.05762724	-0.07854563	-0.02985452	-0.10449318	-0.06503874	0.06218875	0.17437538	0.22473474	0.14596049	-0.07982561	0.10148906	0.04894359	0.08140405	0.01857133	0.01019711	-0.01206182	0.02433863	0.03616426	0.04105137	0.07603203	0.05526256	0.02079536	0.07851661	0.04984254	0.15153249	-0.00325753	0.02547878	0.17043605	-0.05560735	0.19121979	0.21659933	0.15124667	0.04644587	0.14043081	0.00074170	0.12498205	-0.03599588	0.10402140	-0.12852419	0.10374051	-0.03167412	0.06090899	0.00904796	0.06857698	-0.01017237	0.18735468	0.11826778	0.18568184	0.24057784	0.25947146	0.15985271	0.18713748	0.19533960	0.11641626	0.31864445	0.18135120	0.07147642	0.07741307	0.08733809	0.10837593	-0.08949736	0.26232921	0.06457571	0.16245215	0.34285246	0.38008153	0.26535389	0.22738444	0.09732838	0.06579792	0.16993690	0.05304395	-0.00711330	-0.19196688	-0.22659402	-0.02251986	0.02522807	-0.09093236	0.13046919	0.05893641	0.21022211	0.25520138	-0.01680566	0.48835010	0.15500771	0.44418124	0.18514460	0.27424593	0.58056763	0.31162573	0.26187697	0.13727056	0.10808706	0.25147604	0.13914110	0.02607031	-0.03378972	0.28857951	0.36461453	0.05123188	0.27091458	0.01005766	0.06334833	0.04577837	-0.22932940	0.07261727	-0.07279626	-0.02717470	0.12195546	-0.15678373	-0.25768955	-0.13734581	0.15146452	0.00853125	-0.36101960	-0.49814446	-0.14127017	-0.04263532	-0.12429982	-0.29458990	-0.26598181	-0.22596871	-0.16535933	-0.14651475	-0.09699592	-0.12988744	-0.00996022	0.07720977	-0.26109295	-0.11459506	-0.22017179	0.04625284	-0.06860728	0.01564144	-0.14769885	-0.15413403	-0.06394786	0.03458546	0.02654497	0.02420934	0.03894617	-0.04625044	0.06456174	0.04075137	0.30475471	-0.00135652	0.20282664	0.29317114	-0.14014969	-0.07708579	-0.28710888	-0.28605786	-0.01854455	-0.10664037	0.02746767	0.22698522	0.08690511	-0.03347335	0.29273665	0.42190398	0.18659304	-0.03505198	0.00397874	0.01321923	0.03083175	0.05584582	-0.05507224	-0.03930902	-0.03301954	0.02694640	0.04576724	-0.15317942	-0.07760756	-0.06102578	-0.10164990	0.08704082	0.05770914	-0.04248856	-0.07376499	0.17216290	0.16032672	-0.00735896	0.09445035	0.03606307	0.09257483	0.02040219	0.14565505	0.01163164	0.02632906	-0.07849814	-0.13301400	-0.04337249	0.09269412	-0.02340210	-0.03075590	0.01397440	-0.07547607	-0.03265939	-0.04656355	-0.12494221	0.02430546	-0.01468801	-0.04930147	-0.07994554	0.09009953	0.15075439	0.11223258	0.04590771	0.06837665	-0.01260598	-0.04463059	0.11019224	0.10858235	0.05753767	0.06584713	0.04340277	0.09739591	0.03433762	0.04985978	0.01969366	0.02553253	-0.20646266	0.07894869	0.12270223	-0.00883935	0.07033596	0.10012241	0.11526757	0.15418587	0.08478816	0.25887944	-0.09385302	0.01402398	0.37714759	0.05258303	0.05691598	0.15345797	0.03162572	0.11777132	0.06132938	-0.03940894	-0.02025332	0.17487184	0.22453818	0.10381827	0.15618054	-0.02727273	0.17063099	0.26976463	0.06785661	0.21405493	0.24140760	0.20798915	0.03561113	0.19728490	0.55506232	0.07596121	0.07255296	0.00088108	0.02636773	0.09874743	0.02012249	0.01300961	0.04977688	0.22749268	1.01903845	0.39449946	0.05934761	-0.03842358	0.32377871	0.33141774	0.06159252	0.38801121	0.07770104	0.08318689	0.01247603	0.23718766	-0.02726745	-0.17671363	-0.07574173	-0.15170110	0.19383282	-0.01756040	0.07745766	0.07049660	0.07740828	0.08647826	0.37848518	0.23654645	-0.09129017	0.29107695	0.37702875	0.21895990	0.41395539	0.28427121	0.13086438	0.13355281	0.24730690	0.24189527	0.27095142	0.30745710	0.36272347	0.14341523	0.00486862	0.00804729	0.11820181	0.29699530	0.27145291	0.56728272	0.14411816	0.10289050	-0.13467824	0.01209642	-0.42640110	-0.07592160	0.11187543	-0.27140908	-0.04152636	-0.29538701	-0.23113061	0.04162957	0.04511423	-0.26709976	-0.42099123	-0.43870441	-0.23241907	0.05066800	-0.39339429	-0.25650388	-0.02603396	-0.17493767	-0.24616795	0.08470909	0.08597455	-0.01875479	0.10779328	-0.02747319	-0.08890336	-0.02642593	0.02026231	-0.03933063	0.02178245	0.00501507	0.31663412	0.46916083	-0.31693152	-0.27491380	-0.16732372	-0.34763015	-0.02443343	0.00721483	0.08356713	-0.32468265	-0.20983405	-0.04592211	-0.08539952	0.20185518	0.09352799	0.14945000	-0.10516714	0.18684339	-0.08342942	-0.08341794	0.09692295	0.15063568	0.04687098	0.04371468	0.05057768	0.00563237	-0.04450527	0.15615709	0.00878150	0.08711581	0.21703903	0.21516971	0.13149814	0.05834220	0.01148265	-0.12157995	0.20559287	0.12285748	0.04327746	0.07313979	0.07418241	-0.06553885	0.04602870	-0.09635832	-0.13184040	0.00544734	0.19425736	0.11830078	0.05961670	-0.02901392	-0.01268329	-0.05761998	-0.07622166	-0.07984071	0.10719113	-0.13655325	0.02316222	0.13452034	0.07848644	-0.19467441	-0.02820879	-0.01312844	0.00606911	-0.04300223	0.12464148	-0.09145089	0.04331930	-0.00127662	-0.02795643	0.09458348	-0.01657948	-0.09460035	-0.04057081	0.08331412	0.10193128	0.01417509	-0.02699310	-0.06652112	-0.18126559	-0.02849673	0.02388311	-0.09835554
17Networks_RH_SalVentAttnB_PFCl_1	0.08252139	0.00765819	-0.05854035	-0.07449272	0.07416707	0.01367950	0.02908830	0.06862957	0.04579202	0.05880957	0.07149991	0.11301012	-0.16760786	-0.01256208	0.09204882	-0.19901250	-0.12253929	-0.00303894	0.01169272	0.01945233	0.08717468	0.04498138	0.08135763	0.06220907	-0.05228510	-0.06110280	0.02739474	0.12697883	-0.06319220	0.02027458	-0.10775320	-0.08389714	0.06283154	-0.00210426	0.03316703	-0.03834913	0.04525653	-0.12114296	0.06959838	0.04220119	0.02242031	-0.11594402	0.01227749	-0.11169600	0.04706510	0.10136008	0.11288192	0.05891826	0.01467206	0.09661785	0.00688879	-0.03660792	-0.00259836	0.02600240	0.05519531	0.10832875	0.09952692	0.04779998	0.11536724	0.04017953	-0.02799909	0.03142776	-0.06409165	0.10429627	0.08143844	0.08422969	0.26567897	-0.01564522	0.25208335	0.31009352	0.12276536	0.17572890	0.14707058	0.10478049	0.15744674	0.03289204	0.09549681	0.06340349	0.17660846	0.07795737	-0.03492539	0.05260802	0.12350032	0.00555109	0.14721473	0.04189734	0.09100127	0.09488096	0.09479552	-0.08459025	0.11113885	0.01002503	-0.06746678	0.15164214	0.04745473	-0.02679794	0.03242249	-0.00767980	-0.00873598	-0.17615352	0.25035403	0.14086427	0.23838494	0.22993851	0.17096534	0.16226555	0.12200997	0.10593788	0.07420169	-0.05528161	-0.07975614	-0.12901469	-0.13625165	-0.12247884	-0.02439706	0.02041088	-0.04577170	0.11960356	-0.03563158	0.11338326	0.16784433	0.13257235	0.36816296	0.22771117	0.44170415	0.23225186	0.29761007	0.36310860	0.36238386	0.21598131	0.18554401	0.06670957	0.18546479	0.11243671	0.03829777	0.08103969	0.30642091	0.40982297	0.11740694	0.20147537	0.08403023	0.23438181	-0.07014346	-0.06460270	0.15097762	0.02473159	0.10007759	0.12310661	-0.06309657	-0.11304983	-0.08784701	0.18981504	0.12193113	-0.28134148	-0.29239263	-0.03571360	0.11240147	-0.13578379	-0.05651620	-0.13093203	-0.20772517	-0.23926010	-0.16065194	-0.15259743	-0.01832048	-0.06101326	-0.12595765	-0.16816964	-0.15296009	-0.24651290	0.02868940	-0.16575467	0.02821408	-0.09588684	-0.22040832	0.01090969	0.15639894	0.04123306	0.14337686	0.03912008	0.04802582	0.13031910	-0.12526852	0.10793548	-0.13970902	-0.01220698	0.22166552	-0.09774761	-0.20330899	-0.31691121	-0.31085765	-0.01434779	-0.18180442	-0.03107473	-0.01409050	-0.10764677	0.01126196	0.11988242	0.36655800	0.04269741	0.00518876	0.05615112	0.06093370	0.03000663	0.14688780	0.07792367	-0.04427719	0.01217616	0.04519880	0.01250665	0.00309033	0.09517606	-0.09850585	-0.21258173	-0.01447521	-0.11452722	-0.20603440	-0.03954517	0.03323428	0.12570405	0.00510961	0.08792678	0.05757977	0.06405379	-0.03121864	0.01533484	-0.01474128	-0.05751453	-0.03993812	-0.07944585	0.04200231	0.19491262	-0.04901009	-0.01986124	0.04134874	-0.12929749	0.02747762	-0.01846653	0.01716935	-0.15789677	0.03100157	0.01845180	0.00113110	-0.01102438	0.03891430	-0.09056581	0.06478034	-0.06386034	-0.07666150	-0.05055030	0.05919859	0.00158426	-0.03007719	0.01684487	-0.01338912	-0.00206130	0.03586488	-0.03486576	-0.02166289	0.07033855	-0.16208496	0.05472028	0.29458257	0.11117996	0.11927491	0.28783295	0.04992695	0.17184421	0.08040382	0.20602070	-0.09916583	0.06265261	0.33602800	0.05901354	-0.02353582	0.15994338	-0.02896122	0.05718212	0.14006543	-0.03636046	-0.10086795	0.22525857	0.22702071	0.15818883	-0.01267454	-0.00383199	-0.00924480	0.17232664	-0.07739273	0.13139752	-0.00174593	0.04899520	-0.02753721	0.01223273	0.36265758	0.02043748	-0.03631897	0.03840336	-0.14708872	0.07762586	-0.00738013	-0.04662181	0.21166209	0.11455665	0.39449946	0.85866893	0.22067155	0.16444177	0.32512520	0.31091672	0.17396774	0.41664597	-0.02434053	-0.10545382	-0.12793042	0.00837010	-0.09703532	-0.07258309	-0.07246964	-0.07368112	-0.00183171	-0.06891388	0.00543696	0.07584400	0.24573588	-0.00513454	0.46051587	0.27243613	0.11519928	0.19504446	0.20116828	0.20891194	0.31745939	0.24167041	0.11323574	0.18820925	0.22974403	0.35085520	0.46217248	0.21505425	0.42067885	0.39990226	0.11409441	0.10591676	0.31565943	0.00435441	0.14567453	0.44645069	0.14526455	-0.00885839	-0.02312164	0.10263008	-0.22208824	0.02257368	0.26203834	-0.19137392	0.07380837	-0.12053369	-0.03545314	0.23194485	0.18219520	-0.05030508	-0.32600522	-0.26418832	-0.07659914	0.05330329	-0.21676037	-0.19939579	0.12888435	-0.14938060	-0.25731910	0.25789703	0.12179880	0.04841714	0.14664279	-0.13711325	-0.14671296	0.05676186	-0.01142906	0.13546446	0.04561776	-0.08523596	0.11549682	0.27034796	-0.22502284	-0.15831783	-0.19879254	-0.30944362	0.04488913	-0.01248903	-0.03232196	-0.31798336	-0.12881599	-0.09951554	-0.06485519	0.29305321	0.03254166	0.05602526	0.03011000	0.15756695	-0.08803154	-0.18239226	0.04642979	0.01084158	-0.00234264	0.08390916	0.07045333	0.05953289	-0.04391169	0.05779452	-0.08431147	0.01055801	0.09342246	0.03392129	-0.01723886	0.11032665	-0.08232136	-0.10382179	0.10723597	-0.00279658	0.00262917	0.02585729	0.11364694	0.04232815	0.03723769	0.04818960	-0.03723816	0.08452398	0.08728041	0.02133066	0.07450296	0.10931067	0.00947688	0.02368528	0.02155160	-0.10034055	0.04205835	0.01604691	0.04631412	-0.10775136	-0.01866761	-0.01095567	0.05807856	0.07340723	-0.06051007	-0.05265508	0.08413937	-0.04017284	-0.00347066	-0.02962578	-0.08658012	0.05400915	0.11520902	-0.06687919	-0.00281208	0.07994416	0.03402998	0.02676102	-0.03427479	-0.02826297	-0.18681569	-0.09882294	-0.00877125	-0.05776663
17Networks_RH_SalVentAttnB_PFCl_2	0.29524251	0.25763544	0.02683247	0.13378656	0.37090129	0.34839158	0.27627497	0.22491657	0.26420677	0.24127163	0.23793639	0.21935126	0.25730320	0.11351010	0.29596565	0.08170844	-0.11877886	0.16498554	0.12259457	0.21177941	0.17385378	0.24449675	0.32686406	0.16276029	0.23558550	0.12349135	0.11399235	-0.06704828	0.20010861	0.29183175	0.10364724	0.18291979	0.27462391	0.20914246	0.12738037	0.08391044	0.04665011	0.13153107	0.25662430	0.32703972	0.24959519	0.09517969	0.24953848	-0.06955810	0.28760024	0.26084599	0.13980695	0.20749252	-0.01997074	0.15156255	0.16723823	0.24605050	0.19860298	0.20107944	0.13530874	0.08460501	0.11771282	0.06610305	0.22024147	0.24296867	0.33714839	0.28611205	0.18051787	0.06992647	0.09424791	0.05780084	0.01974651	0.03612093	0.05409010	0.03378596	0.07391004	0.17301711	0.14728095	0.19932924	0.11860821	0.21274192	0.07934194	0.25494103	0.22668334	0.26753489	0.13924928	0.24796980	0.05052710	0.15080076	0.25452548	0.35466820	0.26250770	0.16650697	0.23863718	0.18410602	0.24144871	0.16326775	0.23127951	0.26976245	0.20347254	0.30471429	0.17007355	0.39535121	0.32577994	0.21046015	0.36822860	0.50627682	0.29206816	0.17671779	0.30926243	0.01332030	0.14577812	0.32036757	0.12912781	0.07540213	0.05811039	-0.03371500	0.20836346	-0.03292255	-0.01405465	0.05772686	0.02129262	0.12773696	0.08647421	0.16585114	0.03732786	-0.06840030	0.15690880	0.12258161	0.16250897	0.06997021	0.26292398	0.16982831	0.13643395	0.13279229	0.13213674	0.16800566	0.34860211	0.13747598	0.07983297	0.22247677	0.22817684	0.03149969	0.06199929	0.20616776	0.30107645	0.46694269	0.24826827	-0.02619701	0.04565550	-0.00701993	0.12238752	0.11106521	0.17300073	0.12343064	0.19044306	0.23818223	0.15882674	0.04402753	0.03321083	0.06380045	0.29629403	0.25807069	0.12242515	0.19372874	0.09769071	0.15293668	0.32558222	0.39925270	0.23003292	0.33632683	0.03375540	0.11201959	0.12481613	0.02686664	0.12180317	0.08908091	0.20723516	0.19330267	0.32192860	0.37306392	0.55429773	0.03582324	0.09427123	0.33222274	0.14481059	0.16909566	0.33079055	0.14323671	0.19693641	0.28104860	0.26536806	0.05076021	0.03966203	-0.04576809	-0.05764824	0.21296338	-0.02193553	0.22376241	-0.00448273	0.12855285	0.14163290	0.15796621	0.05967261	0.24616180	0.24160474	0.21488519	0.27971189	0.27078813	0.24822343	0.20032561	0.35300561	0.22959267	0.20039378	0.14456282	0.27917328	0.25866936	0.12294663	-0.07319639	0.19739616	0.02800117	-0.01099709	0.03441145	0.06593833	0.12312500	0.22771471	0.12415042	0.27291946	0.08049988	0.10477165	0.26130204	-0.00104268	0.20632813	0.07993811	0.05271043	0.23966331	0.26359395	0.11792466	0.11315699	0.10565583	0.14191603	0.12808859	0.26537255	0.32995249	-0.16453975	0.20946001	0.10804755	0.16814545	0.08471117	0.13596446	0.00858500	0.00442845	-0.03265204	0.14273344	0.02679140	0.26462912	0.04615475	0.13947138	0.11125000	0.13569806	0.02375209	0.07276153	0.10928509	0.33886213	0.17534258	0.05330658	0.08658948	0.01902505	0.18424634	0.22247836	0.05018569	0.11651573	0.08482590	0.14274444	0.12276466	0.25500304	0.14326497	0.13196992	0.02345387	0.08206654	0.07805005	0.04710153	0.09554295	0.23067231	0.28154442	0.33099652	0.26716299	0.07268378	0.23436948	0.23239119	0.18189788	0.09868615	0.39191739	0.04327179	0.16935082	0.12703933	0.11757226	0.01656721	0.27836329	0.12707498	0.42586991	0.08759765	0.20022320	0.12872366	0.25512831	0.13153562	0.20559070	0.36771662	0.17538631	0.05934761	0.22067155	0.95711556	0.46890486	0.13720991	0.23305168	0.43517416	0.43742928	0.07576638	0.04874315	-0.01919570	-0.16425123	0.07309550	0.11924752	-0.02643866	-0.00213579	-0.00674466	0.04171385	0.04612443	0.12939412	0.04816181	-0.05367306	0.01439231	0.09126326	0.00765306	0.15860668	0.23170642	0.18018265	0.08242251	0.28668509	0.05715592	0.17046669	0.15367924	0.19680909	0.26785761	0.17592290	0.12417420	0.30369241	0.34330332	0.25766679	0.14655926	0.01463697	0.06117090	0.28662720	0.45324307	0.30180675	-0.08003115	0.17609970	0.05653034	0.24999076	0.05485498	0.01396014	-0.01687532	0.18228671	0.22157311	0.21507665	0.22025803	0.14502288	0.05291504	-0.03502072	0.09597131	0.27624613	0.15823148	0.09990881	0.29906267	0.28662623	0.32459758	0.50764610	0.33964125	0.23778215	0.20931726	0.05333587	0.44355360	0.30117956	0.32274700	0.29476846	0.31955951	0.13914551	0.34520228	0.27791381	0.02913689	0.03529160	0.10047524	-0.08412626	0.19274332	0.09061660	-0.06055959	0.08287632	0.13927922	0.25011907	0.05407793	0.04118382	0.25765279	0.19173883	0.22499805	0.27413951	0.03279207	0.07304367	0.00457585	0.03400339	0.19630507	0.17141056	0.22924447	0.18896503	-0.02904516	-0.07591684	0.13853704	-0.07724325	0.12822592	0.13863889	-0.01030843	0.22424286	-0.00455188	0.02639441	0.10493842	0.12140132	0.11419631	0.16670819	0.18010311	0.21634092	-0.03950730	0.02455725	0.05628451	-0.01436974	0.13600825	0.05658219	0.15030909	0.21816425	0.18554018	0.10105919	0.17618678	-0.01122057	0.08670404	0.18510610	0.18520334	-0.00550613	0.13084451	0.15365849	0.22076652	0.19933486	0.20433992	0.16642156	0.23608330	0.17166376	0.18963849	0.07679464	0.05938435	0.05631867	0.28755260	0.08971573	0.17289641	0.23214111	0.14799533	0.23697166	0.16495709	0.13192958	0.08219819	0.23129895	0.27674433	0.20831426
17Networks_RH_SalVentAttnB_PFCl_3	0.15637803	0.14925863	0.11015424	0.24658315	0.28187103	0.14175782	0.33539881	0.06785981	0.23055545	0.22781002	0.31845357	0.22211896	0.06159642	-0.03168026	0.22141968	-0.03090017	-0.10680561	0.18423322	0.08984789	0.09759262	0.25971755	0.18902614	0.28720313	0.17746730	0.17019388	0.18469398	0.13043178	0.10271674	0.22065747	0.12850189	0.07336740	0.16961204	0.31148440	0.25966132	0.29679330	0.17318877	0.15469199	0.11166037	0.26944853	0.34376829	0.29665526	0.04160074	0.25227320	-0.00066909	0.14374946	0.19723652	0.00713983	0.07789823	-0.00508777	0.07719897	0.07502614	0.13251667	0.09806220	0.13048570	0.17637136	0.13193295	0.13135438	0.17016512	0.21186715	0.12071549	0.16136730	0.19495382	0.11418365	-0.01351297	0.17296907	0.04639215	0.10234635	0.00292588	0.08067343	0.00192875	0.17903443	0.29017705	0.10420045	0.20197894	0.13316311	0.25192073	0.02861367	0.28133170	0.36411089	0.38874050	0.04483334	0.24775432	0.15636828	0.26764156	0.20030307	0.21467093	0.23300764	0.11087063	0.07109104	0.05570639	0.07486752	0.07582527	0.14943113	0.09297532	0.22132786	0.27028635	0.28698235	0.26850216	0.30674050	0.14736146	0.37477872	0.46600017	0.22404039	0.20563969	0.11033004	-0.11923890	0.15339690	0.20590740	0.07260657	-0.03687147	-0.02130264	0.08630328	0.17022226	-0.01110185	-0.10432005	-0.05324916	0.04755734	0.08175204	-0.01998951	0.00172110	-0.12601566	0.01181473	0.07657978	0.03961441	0.06629130	0.02201912	0.28178077	-0.06495558	0.11991507	0.01932876	0.04938625	-0.00718948	0.25365393	0.04730207	-0.09668422	0.15927868	0.03235589	-0.10485535	0.14367765	-0.05951837	0.16865749	0.41901964	0.15594382	0.16887448	0.17774623	0.31864829	0.21680768	0.25988901	0.07390585	0.14181348	0.36834477	0.16005857	0.21629353	0.23411721	0.24727645	0.14598128	0.20768469	0.19756662	0.33516372	0.45003459	0.20924071	0.20941214	0.32488088	0.31220503	0.28460023	0.33226046	0.00352712	0.07381955	0.03579279	0.06931010	-0.04414000	-0.04830841	0.07015486	0.17257091	0.23506101	0.22153302	0.41821046	0.00578368	0.05973217	0.34554396	0.16658536	0.10392330	0.12175244	-0.00432492	0.04998522	0.15302110	0.00611673	0.10503995	0.01438749	0.07222335	0.06916012	0.18034724	-0.05226376	0.01544690	-0.05707774	-0.03795207	0.08744630	-0.03501701	-0.08945264	0.12161169	0.12468340	0.09888684	0.27158925	0.13414323	0.15491642	0.30290042	0.23472321	0.26080314	0.16787266	0.17500588	0.32312254	0.31758280	0.02662691	-0.07715463	0.04293821	0.02518061	-0.12474158	0.17832355	0.08871606	0.18466069	0.29609595	0.19109992	0.34254919	0.13738886	0.17852603	0.23362609	0.10962397	0.16801350	0.16821743	0.13197464	0.22643905	0.28356466	0.18651248	0.07198459	0.13807434	0.11090811	0.19859863	0.26551637	0.27423350	-0.10501849	0.20721951	0.22429094	0.17985783	0.07770384	0.01121244	-0.14155017	-0.03174983	-0.21292508	0.06792690	0.00704558	0.06129017	-0.02063764	0.09179378	0.05853319	0.06154353	0.07443315	0.06950030	0.07676318	0.28191741	0.11453957	0.15320892	0.04316363	0.02973007	0.30127134	0.21060570	0.14459850	0.14663134	0.15331367	0.21301702	0.13657070	0.19976016	0.21498447	0.00136751	0.03963643	0.13630757	0.17967555	0.12677103	0.16446422	0.39320637	0.30003107	0.16824889	0.24177934	0.10462400	0.12769143	0.18421948	0.14212838	0.06953322	0.21827816	-0.01503451	0.12181708	0.01265480	0.00682328	0.00659980	0.11283782	0.02048786	0.32647196	0.07314315	0.22751433	0.22544559	0.33052220	0.06375982	0.17320552	0.39734111	0.18363946	-0.03842358	0.16444177	0.46890486	0.97594502	0.17504502	0.21782673	0.38494868	0.37897648	0.15637049	0.07632735	0.03122421	-0.13035730	0.05073265	0.16122819	-0.05618706	-0.00677773	0.08209543	0.02578556	-0.01595427	0.12688539	0.16251319	-0.02075520	0.04069954	0.07066783	0.29210439	0.05481140	0.13131508	0.29025400	0.04320334	0.22354714	0.11161222	0.04618028	-0.02553398	0.17663229	0.21412107	0.10325596	0.15145420	0.35654049	0.33760409	0.24317602	0.15233468	-0.04159882	0.12400857	0.14668894	0.33486733	0.30109778	0.14620398	0.31792007	0.41915493	0.45013341	0.31303490	0.11149465	0.13489108	0.16128229	0.22394739	0.25914949	0.38800298	0.33824997	0.31571114	0.27112230	0.23387867	0.21241948	0.34215420	0.15982296	0.22005650	0.26730833	0.32011051	0.36885464	0.37468442	0.14959145	0.01099318	0.04083273	0.39532520	0.23241448	0.24152188	0.22250570	0.15590765	0.04166729	0.23443686	0.18288427	0.22748343	0.30233711	0.12354997	0.19478901	0.16737246	0.07083080	-0.09932265	0.20957288	0.24215185	0.23650224	0.04724059	0.04270115	0.26644436	0.15629427	0.21273248	0.22219181	-0.05912750	-0.03448108	-0.10246416	-0.16829064	0.03811456	0.01571317	0.01724901	0.08064057	-0.01043902	-0.02542987	0.05844752	-0.13258432	0.08225915	-0.04694316	-0.08544508	0.15687207	-0.03911672	0.08479363	0.00134907	-0.11812609	-0.08266770	-0.05952511	0.07980006	0.06143260	0.05633242	0.05505609	-0.00790568	-0.04019176	0.05921435	-0.10574768	0.02426066	0.13788135	0.21861531	0.15468175	0.23454809	0.03367000	0.08251340	0.26146344	0.21057186	0.05062387	0.14757384	0.22350325	0.24539804	0.26001153	0.26584989	0.20744387	0.22541384	0.08019508	0.24589768	0.21838747	0.15605022	0.12773475	0.36895399	0.26233048	0.21629830	0.37295136	0.06229417	0.36490521	0.25103122	0.14630035	0.16357318	0.30340611	0.28230041	0.32143686
17Networks_RH_SalVentAttnB_Ins_1	-0.06694856	-0.00890475	-0.17299016	-0.02162188	0.11519340	0.12411277	0.08459899	0.09755082	0.18967086	0.13852648	0.10519912	0.10410092	-0.00394259	0.08563114	0.03969279	-0.01692087	0.07198530	0.16098114	0.15840335	0.19342813	0.15170976	0.22691377	0.08670349	0.06920177	0.15272412	0.09000325	0.15696149	0.16449143	0.10895172	0.12339865	-0.02179762	0.04724049	0.13669699	0.03131885	0.08886146	0.05465436	0.04043353	-0.20851668	-0.03788384	0.08735420	0.10943055	-0.06829252	-0.04933175	0.00749074	0.01889622	0.21812142	0.20461787	0.15709577	0.00387373	0.13760050	0.13658786	0.08318711	0.03942782	-0.03869846	0.08895279	0.10644089	0.06239960	0.19591320	0.10419830	0.01377947	-0.02422684	-0.11342519	-0.06595976	-0.06047813	-0.00027588	-0.01575722	0.18801024	-0.09900836	0.19364146	0.18877354	0.07471235	0.13016033	0.07204872	0.03029084	0.01552761	0.04179823	0.03106908	0.11536110	0.05952081	0.14992569	-0.08589662	0.12838294	0.11697633	0.13944597	0.15950330	0.04643555	0.19595901	0.08397130	0.25893751	0.02575649	0.28030293	0.14295368	0.13528723	0.26257117	0.05869348	0.13373940	-0.02375295	0.06588140	0.17411702	-0.13114182	0.24520000	0.13459266	0.15282880	0.43081850	0.33582620	0.33115140	0.14213455	0.19224138	0.14205399	0.12504158	-0.07055705	-0.11926318	-0.06775269	-0.21846372	-0.12597429	-0.07946339	-0.07525994	0.03834611	-0.05626276	0.04158345	0.12210700	0.07893382	0.16237198	0.18167922	0.19254129	0.18379726	0.17543126	0.22436544	0.18795001	0.04161638	0.14602441	0.03060091	0.21211189	0.07477759	-0.09509271	0.05347490	0.17158567	0.17345189	0.02726550	0.10687960	-0.00681791	0.14817806	-0.05479968	0.11432736	0.18741042	-0.00073889	0.12421048	0.17442137	-0.08939360	-0.16634352	-0.17167480	0.09374385	0.03064589	-0.24035480	-0.22305280	-0.06202889	0.03505066	-0.15278603	-0.03726893	-0.09301414	-0.13713848	-0.01527302	-0.07017427	-0.03810376	-0.07643862	0.11174102	-0.04788556	-0.14452428	-0.16290099	-0.15127289	0.04780663	0.03430539	-0.13122553	0.01303662	-0.20904730	-0.05761435	0.12743462	0.07104326	0.07986915	0.06242969	0.13742493	0.05237271	0.00558153	0.16470108	-0.08211340	0.07680123	0.23475226	-0.18829965	-0.04298026	-0.19508922	-0.10895330	0.00539059	-0.12824221	0.07180689	0.18683943	-0.03393815	0.08018363	0.13026329	0.25481457	0.07570899	-0.11944921	-0.03215698	-0.00889894	0.00087395	0.06819664	0.00620746	-0.01267702	0.02985108	0.10807134	0.00241187	0.00176753	0.10321629	-0.05747030	-0.05778947	0.02816053	0.07581973	0.04239082	0.08294943	0.26806478	0.24899709	0.11261989	0.18906097	0.12201092	-0.00716089	0.03444494	0.15214143	0.00506822	0.13257811	-0.03613364	-0.06583334	0.04803979	0.09780179	-0.05983207	-0.06693477	0.05123725	-0.17461362	0.06604322	0.00944881	-0.03767972	-0.09107095	-0.09494337	0.00214389	-0.09048772	0.12363145	0.15965030	0.12894941	0.12249839	0.09745419	-0.04773085	0.07382716	0.10943059	0.20258098	0.07654616	0.09871884	0.02039162	0.07566951	-0.00687068	0.02909231	-0.04668677	-0.17050448	-0.16278821	0.03431115	0.12631924	-0.02586669	0.02025868	0.22852944	0.12842454	0.11858022	0.03511620	0.16662416	0.01899452	0.05780370	0.14036374	0.00156261	-0.08238914	0.06778357	-0.01811685	0.09512630	0.01734090	0.00939309	-0.10644408	0.12465711	0.10142834	0.13846123	0.08720183	-0.02178781	-0.04099662	0.15654560	0.10101901	0.45217000	0.14609048	0.27768682	0.14060786	0.24952765	0.40011425	0.11912865	0.02625261	0.01531233	0.11311917	0.11483175	-0.12185596	0.02870446	0.20433103	0.07595040	0.32377871	0.32512520	0.13720991	0.17504502	0.90655952	0.50340494	0.32638926	0.47883898	-0.02819116	0.04825065	-0.05496625	0.05971860	-0.18226840	-0.10284598	-0.12749826	-0.19094166	0.10222206	-0.12585933	-0.03463789	-0.02619924	0.17096091	-0.05360453	0.26783748	0.13194836	0.07518257	0.18366778	0.16351653	0.24073575	0.15813508	0.23092253	-0.00139487	-0.00360046	0.04405827	0.27025423	0.33947586	0.08849113	0.34470665	0.31292656	0.17623915	0.00253743	0.13802433	0.08188946	0.18276462	0.36070971	0.10057333	0.06508146	0.13001218	0.26899569	-0.19721858	0.03276123	0.28138089	-0.07494665	0.14905328	-0.17460818	0.00325408	0.13456800	-0.02630895	-0.04943023	-0.22333798	-0.15321298	0.03420527	0.01179674	-0.12912305	-0.16911079	0.02727891	0.01624759	-0.11990632	0.21082352	0.16325612	0.02118276	0.00788463	-0.08013329	-0.02950171	-0.00214580	-0.04540178	0.14550646	-0.11066005	0.15823765	0.25492226	0.42634756	-0.26281007	-0.16866011	-0.05983402	-0.12884435	0.10033117	-0.07209859	-0.05837100	-0.16768051	0.01901453	0.02575096	0.01047021	0.23564674	0.14541756	0.12379435	0.03194646	0.20085859	-0.12766713	0.00438337	-0.05729974	-0.05642155	0.00514821	0.17050053	0.08109363	0.06133019	0.19740749	0.31878609	0.09725590	0.00291755	0.24657441	0.25880596	-0.05143229	-0.01221866	-0.11761753	-0.03553709	0.02573612	0.00081234	-0.04503832	0.09361671	0.18657951	0.02584542	0.21374672	0.17296486	0.00390267	0.13428730	0.32834661	0.21373697	0.12334295	0.12123190	0.04340924	-0.02602363	-0.00409628	0.08260965	0.05193675	-0.03201737	0.17104825	0.08740524	-0.00979751	-0.10518261	0.04586408	0.01520349	-0.03444338	-0.07516421	0.08279673	0.06661018	-0.02425290	-0.08512345	-0.03987717	0.00344588	0.08944838	-0.07614843	0.01494631	0.06640621	0.04722628	-0.03071567	-0.13536697	-0.15120930	-0.23023025	-0.12666609	-0.11887617	-0.07370321
17Networks_RH_SalVentAttnB_Ins_2	-0.10443649	-0.04833959	-0.24886992	-0.11490097	0.11470397	0.22108297	0.08206887	0.39616774	0.30787583	0.25422292	0.23254241	0.15058313	0.09033948	0.13100132	-0.05229515	0.07086376	-0.00129362	0.22570794	0.09050690	0.39221639	0.09088136	0.38249011	0.22656393	0.07587184	0.43740860	0.18624231	0.34407096	0.41085722	0.38770066	0.38465982	0.25090052	0.35906753	0.33536609	0.34605650	0.19017671	0.40980393	0.29437302	-0.24735641	-0.04543631	0.41359638	0.33803318	0.08761274	0.08807400	0.11005288	0.19899163	0.18074225	0.63520938	0.39583181	0.01076329	0.29397977	0.37085231	0.39599350	0.34076255	0.31905509	0.19955926	0.15186616	0.07041999	0.21918304	0.17428642	-0.09896785	0.12181591	-0.26668859	0.03004212	-0.11952235	-0.00773946	0.12986362	-0.05673168	-0.03938463	0.39124311	0.16942647	0.19391517	0.22052557	0.24426780	0.23002592	0.00968032	0.20664582	0.30373499	0.32710497	0.23312739	0.31831107	-0.12435833	0.05790645	-0.06822468	0.10269070	0.27736727	0.34673286	0.38027472	0.35934110	0.51389622	0.31196631	0.65629750	0.57531351	0.57680692	0.53308830	0.28241740	0.36158952	0.10148648	0.32392384	0.34117292	0.08566832	0.36744941	0.28873417	-0.04723529	0.54307913	0.58334672	0.30312527	-0.01971523	0.03639736	-0.00822680	0.08181889	-0.19510165	-0.18404777	-0.16001274	-0.09087880	-0.04528155	0.00194865	-0.02750570	0.09219848	0.07299698	0.19795194	0.04065363	-0.23517866	0.31091583	-0.01253450	0.18664098	0.18530329	0.05470442	0.15828082	0.20252647	0.20973575	-0.12865386	-0.17220550	0.39404697	-0.14807465	-0.20727272	-0.19125404	0.09776198	0.11530572	-0.34618983	-0.10202808	-0.25697345	0.04702578	-0.02080925	0.06640705	0.27354913	-0.19175414	0.07674788	0.27582521	-0.31068949	-0.52040297	-0.49481187	-0.17287250	-0.41800080	-0.54244397	-0.53433137	-0.34070368	-0.05611110	-0.20324339	-0.39691197	-0.35378935	-0.40558668	-0.30901477	-0.06545652	-0.05327363	-0.40635493	0.10775036	0.00115741	-0.15498019	-0.25897168	-0.23465185	-0.12137410	0.04958448	-0.23999145	-0.10987100	-0.28079773	-0.33939868	0.02233642	-0.03442283	-0.18745877	0.01003783	-0.09137101	-0.23390503	0.06972914	0.06653326	-0.12426634	0.05858401	0.21691175	-0.52047706	-0.10513219	-0.42905297	-0.36561948	-0.07089298	-0.07508433	0.14335290	0.37912056	0.12053555	0.19017201	0.36628825	0.24317808	0.33449169	-0.08505749	-0.19180969	-0.05828721	-0.15198943	-0.01834998	-0.26955943	-0.07799351	0.20946515	0.22214619	0.23217325	0.13516453	0.19225837	0.05830026	0.04840922	0.00465631	-0.01025885	0.05361611	-0.10081163	0.32382065	0.32623353	0.05883710	0.13606853	0.15984802	0.15896373	0.15283016	0.47449386	0.08103669	0.51315896	0.10886211	0.23652687	0.22855779	0.32679342	0.10965035	0.14135647	0.40766377	0.09197107	0.27227578	0.17436375	0.16901981	0.19292176	-0.02119847	0.15424478	0.01840248	0.14789248	0.30875888	0.38263269	0.27947527	0.22166689	0.15621894	0.15677642	0.24415375	0.43064241	0.39873422	0.32021599	0.36433388	0.19382009	0.03988629	0.18853995	0.16195281	-0.26549827	-0.28896720	0.24789738	0.09211022	-0.11919330	0.14397980	0.28975002	0.26860068	0.28644781	0.22204412	0.51196857	0.23809838	0.16130734	0.06361814	0.27679606	0.21993622	0.23593768	0.21510878	0.40012314	0.22863332	0.26521883	0.04706234	0.20643602	0.36147008	0.40050467	0.55366614	0.42213918	0.43558426	0.44687027	0.31727857	0.51087071	0.40686023	0.57979608	0.48780605	0.61496152	0.65538620	0.46941913	0.31096145	0.21175854	0.24588922	0.41113934	0.24635078	0.26739197	0.28344988	0.51179443	0.33141774	0.31091672	0.23305168	0.21782673	0.50340494	1.29099737	0.38319938	0.73141444	-0.04001385	-0.00519170	-0.16589754	-0.02263093	-0.09870182	-0.29857753	-0.08484727	0.00121680	0.14891094	-0.03789404	0.13433756	-0.04050612	0.04121767	0.11107666	0.37125303	0.27371882	-0.15155687	0.03534281	0.32829229	0.20745470	0.46433924	0.24647039	0.14085352	-0.06501617	-0.10226784	0.46276373	0.31030728	0.41968324	0.45081267	0.21653129	0.09965819	-0.13114796	-0.07575921	-0.07983075	-0.00395680	0.36681414	0.01912550	0.26998428	0.13088549	0.44485889	-0.60780486	-0.01781385	0.36520561	-0.11836825	0.33065544	-0.28682552	-0.12103510	-0.14808117	-0.15373957	-0.34210079	-0.44927521	-0.47501388	-0.03412311	0.05549327	-0.36534170	-0.46141244	-0.05469709	-0.08937126	-0.19634020	0.14810783	0.36024347	0.02540318	0.19340814	-0.02220435	0.02346166	-0.18293241	-0.06294324	-0.03817233	-0.10876385	0.09901914	0.33809779	0.57618325	-0.59303206	-0.46709619	-0.21347482	-0.37324357	0.02929362	-0.06533741	0.00747874	-0.21384706	-0.09029565	0.18737883	0.25836183	0.56442518	0.59603605	0.56695717	0.07302134	0.62100712	-0.00063569	0.00803206	0.08828840	0.11014611	0.06214428	0.20240422	0.18198206	0.22276155	0.23658753	0.20624372	0.07600753	0.13564062	0.48450426	0.43300291	0.15440236	0.23210001	-0.08344732	0.01694337	0.13701748	0.08064648	0.01828851	0.10612269	0.30798433	0.23492012	0.12109572	0.11857652	0.19424182	0.11480600	0.58771780	0.38243549	0.32473051	0.33347466	0.04319369	0.04665047	0.08445420	-0.00380544	0.16308221	0.13814478	0.19095597	0.14239385	-0.04331743	-0.14100983	0.05755679	0.02553609	-0.08835782	-0.04870550	-0.03642864	-0.03758591	-0.03753413	0.03665602	0.14313554	0.06019027	0.04199005	0.11353643	0.11088806	0.11686606	-0.10989778	-0.20312970	-0.21895871	-0.35133723	-0.31301958	-0.22205291	-0.23512115	-0.23419947
17Networks_RH_SalVentAttnB_PFCmp_1	0.17775316	0.24675783	0.00935055	0.13391415	0.20262858	0.30369682	0.23021264	0.14767647	0.26355545	0.19219685	0.23701736	0.12154729	0.27687964	0.17538259	0.24131331	0.19942278	-0.06511196	0.22985328	0.18234193	0.30023370	0.19323289	0.30996322	0.20477361	0.17035908	0.37088281	0.30439749	0.26524555	0.13355096	0.29821399	0.26354508	0.17412172	0.29210250	0.36194206	0.21317471	0.13395033	0.16478040	0.20183278	0.10259568	0.18350441	0.27827483	0.30740885	0.01822095	0.22932473	0.14857095	0.32306943	0.23682668	0.33450874	0.32722680	0.10527146	0.29693302	0.39122855	0.35518130	0.27756568	0.22009654	0.35265744	0.20713695	0.31560546	0.28764137	0.36879423	0.08412374	0.21231207	0.04382644	0.10159330	-0.15178455	-0.12475652	-0.05805485	0.02667605	-0.06356163	-0.09531660	-0.09949000	-0.01578127	0.10672710	0.20817286	0.24289155	-0.01944172	0.26087946	-0.01097716	0.16507194	-0.02147520	0.10186580	0.13471707	0.27645858	0.08503858	0.19991245	0.29420028	0.26175535	0.21447417	0.01187786	0.30305945	0.22179577	0.32917553	0.27735524	0.31159170	0.27655386	0.24707331	0.15844407	0.01118462	0.35586109	0.44984529	0.17697562	0.29095354	0.23307339	0.02334901	0.40259922	0.39895946	0.09710964	0.06369272	0.43885041	0.27743030	0.03537872	0.02052986	0.19273708	0.18267345	0.13625175	0.07647665	0.18301752	0.17549404	0.19677981	0.05657791	0.12424150	0.08358724	-0.08346841	-0.05725563	0.01524237	-0.06294692	-0.05148757	0.09645661	-0.02251854	0.00737337	-0.00144880	0.13433268	0.12064587	0.30358210	0.03318115	-0.01249013	0.16848139	0.07226601	-0.09857086	0.00033261	0.03672482	0.17055867	0.31337063	0.33924111	0.18036032	0.03903778	-0.11791363	0.22713575	0.21686131	0.12926582	0.10329302	0.10382472	0.08723832	0.11611032	0.05316384	0.11668798	0.01089053	0.24908524	0.17262896	0.10959403	0.11524213	0.15694805	0.31136773	0.33326382	0.46146125	0.16818116	0.52325219	0.07388790	0.23555042	0.21716692	0.06857555	0.06643644	0.15915264	-0.04679976	0.12957915	0.25932840	0.12282167	0.29697909	0.03185287	0.01814118	0.32929047	0.10866356	0.08674841	0.26036858	-0.02334478	0.16174254	0.14115733	0.20969362	-0.10843045	0.14179757	0.04817474	0.09573329	0.12946134	0.06584459	0.26230830	0.12856699	0.09839187	0.20680928	0.08871026	0.03298749	0.09547062	0.05428640	0.05139569	0.20338629	0.11049788	0.11373090	0.05699285	0.24330540	0.27980155	0.11801539	0.18505974	0.18868604	0.23699241	0.24603163	0.08748623	0.17804548	0.18380076	0.04722780	0.11583426	0.28312787	0.37553783	0.25071125	0.26777664	0.32970592	0.27551244	0.32436056	0.50162912	0.18020352	0.38452975	0.24144027	0.21819703	0.29933110	0.17234634	0.17401878	0.11120110	0.16020068	0.05183646	0.16557701	0.29176328	0.16425160	-0.06277506	0.19665161	0.13107753	0.06039165	0.10667227	0.27327919	0.24489662	0.30396370	0.14652697	0.18511909	0.17261640	0.32832490	0.32436931	0.30272430	0.22955612	0.26859851	0.27240238	0.30338325	0.29163014	0.08046573	-0.09609138	-0.05498115	0.04916788	0.01512278	0.00592833	0.01778952	0.06349968	0.05513228	0.07811076	0.06276026	0.02288595	0.22890797	0.07969605	0.04773672	0.27058205	0.09735457	0.05967705	0.15417730	0.11578425	0.10670138	0.19789445	0.09954994	0.28000920	0.03418956	0.11957638	0.19791618	0.27058357	-0.01465795	0.40285213	0.11524010	0.22194550	0.22137399	0.30098452	0.16288298	0.35046883	0.24451140	0.44642705	0.19895518	0.17265810	0.30568548	0.07632453	0.03819647	0.18485143	0.30385037	0.09061353	0.06159252	0.17396774	0.43517416	0.38494868	0.32638926	0.38319938	1.01189536	0.65457105	0.21734891	0.13502025	0.13622751	-0.03205914	0.23613396	0.09606105	0.04563886	0.22665853	0.18109450	0.30233467	0.12901109	0.19561347	0.10350915	-0.05419821	0.07138485	-0.04676514	0.19847766	0.29355867	0.38011861	0.34434935	0.11825601	0.37639436	0.12527885	0.22261179	0.05369485	0.24094032	0.32284555	0.00912966	0.15414030	0.36434810	0.50484301	0.33339111	0.16350714	-0.05080923	0.11042246	0.23806483	0.38598541	0.40318123	0.17647324	0.30932661	0.10699027	0.31387159	0.09918711	-0.00646428	0.22294241	0.31301111	0.27679528	0.27569293	0.21569509	0.34024270	0.04755674	0.08806336	0.24168554	0.25097031	0.25661460	0.12276235	0.38264161	0.45952088	0.40596925	0.42994584	0.51343973	0.23577613	0.18432355	0.24097063	0.37883555	0.26960875	0.35181731	0.23448723	0.16895580	0.24889198	0.35850165	0.38997796	0.03092588	-0.00042319	0.12610863	0.12247673	0.12021133	0.09309700	0.01330147	0.24189433	0.26737628	0.33381802	0.27303528	0.16346114	0.28131580	0.22042720	0.26816617	0.21714122	0.18269935	0.15875968	0.07100925	0.06224234	0.11816702	0.18644719	0.20005469	0.31684307	0.19979319	0.15103554	0.13303436	0.06707461	0.14953470	0.28264033	0.03554148	0.16045011	0.15128063	0.05445885	0.13523034	0.09254920	0.09702916	0.21135970	0.29370120	0.27464115	0.13775913	0.09904519	0.16718146	0.04950119	0.25527101	0.28291401	0.22843260	0.26996042	0.20463960	0.09399154	0.22396097	0.08683393	0.07210533	0.19720660	0.25124739	-0.01555102	0.16205075	0.10609476	0.19233124	0.22375491	0.11852383	0.19170660	0.02955637	0.14865855	0.07138242	0.16085672	0.22642387	0.12598458	0.15288393	0.13623522	0.14104278	0.15299090	0.08374295	0.19649552	0.17757052	0.08416149	0.11401801	0.12906986	0.22483951	0.22151523
17Networks_RH_SalVentAttnB_PFCmp_2	0.17498518	0.12557519	0.01856803	0.04780412	0.17290529	0.27457616	0.19706195	0.27809800	0.28598262	0.27894831	0.25748436	0.14304765	0.17173099	0.16715956	0.18321771	0.08932858	-0.10988516	0.20752247	0.22354550	0.33956263	0.22389481	0.38291362	0.31150821	0.29012293	0.47890451	0.31390512	0.44475216	0.35461738	0.37852202	0.42955920	0.28045382	0.41847968	0.43726343	0.33440668	0.19371387	0.39821832	0.30261300	-0.02545041	0.26406288	0.45175877	0.41617609	0.07817912	0.30595372	0.12368337	0.38620398	0.38690619	0.46151159	0.44093798	0.09965801	0.36366334	0.39056945	0.40420719	0.38696359	0.36688004	0.29414412	0.19730535	0.32420402	0.32450688	0.42888614	0.08546009	0.11621153	0.05742175	0.09915264	-0.08893960	0.02165958	0.11966277	0.16058422	-0.02541665	0.27675396	0.21546500	0.21959450	0.33070884	0.31463359	0.33043084	0.15887289	0.30413023	0.22312996	0.21142825	0.21175511	0.23268229	-0.00533470	0.38474940	0.19299394	0.25958711	0.54268234	0.39540704	0.39601564	0.26996262	0.32672814	0.26571899	0.46122736	0.39987250	0.45700753	0.51615704	0.36817014	0.26145425	0.20478148	0.55511449	0.58377833	0.14589447	0.46173225	0.34510671	0.13295805	0.52160132	0.55985078	0.21560539	-0.01308809	0.46709827	0.22202961	-0.08788099	-0.12846347	0.05291660	0.16747183	0.04055425	-0.04460171	0.07263655	0.14173912	0.10069969	-0.05051506	0.17111628	0.14317394	-0.08150281	0.35963196	0.18824049	0.30162191	0.20260937	0.34862238	0.23291384	0.18382326	0.29878683	0.21367185	0.19844634	0.47236055	0.04245368	-0.08386178	0.17217825	0.27648290	0.19767080	0.04414695	0.13343479	0.11063190	0.33173523	0.35458052	0.14111596	0.21431118	-0.12629291	0.26719294	0.32765783	-0.02352565	-0.16708895	-0.02518004	0.17159372	0.00733946	-0.27955408	-0.26942712	-0.10254109	0.22182767	0.13805819	-0.06188774	-0.02899718	-0.03455521	0.08200915	0.16720920	0.24367124	0.03176785	0.40761101	-0.00413771	0.09577044	0.03415721	-0.09660852	0.08611502	0.06460884	-0.09946717	0.04461406	0.09993880	-0.09120090	0.30355301	0.04524505	0.04961025	0.33825874	0.13007268	0.16452599	0.10178024	-0.01803265	0.02015686	0.09641556	0.34612566	-0.24133795	0.00452201	-0.26261543	-0.19118757	0.02534158	-0.04456984	0.13920692	0.24650186	0.20417150	0.22293155	0.35330837	0.28686603	0.22347842	0.07633675	0.10870961	0.28371930	0.02372639	0.10578792	0.12930420	0.12058169	0.31622013	0.19176258	0.28112930	0.20653989	0.27475432	0.19789003	-0.03190525	0.11852209	0.17229569	-0.03061992	0.03655184	0.33599301	0.47561216	0.21792070	0.29321742	0.33603203	0.37040876	0.36114886	0.60221307	0.23668978	0.54405863	0.31125907	0.22035118	0.28326458	0.36710812	0.26567001	0.20380865	0.38032323	0.15899136	0.24162251	0.35538047	0.24752724	0.01902072	0.18794263	0.14773640	0.11272466	0.08147301	0.37767980	0.29654143	0.29119014	0.18866454	0.22767095	0.16635626	0.42802528	0.37383445	0.38569755	0.33142297	0.40161520	0.29992661	0.26989306	0.31260353	0.17890031	-0.07186149	-0.17490504	0.22152085	0.16328727	0.13715755	0.20981360	0.22370003	0.18867713	0.25198221	0.19076115	0.40916783	0.24479694	0.15995711	0.22716744	0.37081448	0.30177706	0.31110761	0.22773132	0.30041091	0.25647337	0.23259310	0.08977173	0.46851354	0.35854582	0.33017067	0.42831250	0.38574909	0.23991757	0.59029017	0.11872640	0.31335107	0.33502993	0.39531421	0.20953620	0.51436363	0.62114255	0.65581946	0.33994953	0.20770802	0.25915856	0.32993171	0.11971153	0.28456135	0.37525604	0.36908101	0.38801121	0.41664597	0.43742928	0.37897648	0.47883898	0.73141444	0.65457105	1.25421548	0.10373276	-0.07982348	-0.10095667	-0.10540806	-0.02904613	-0.02927204	-0.11626999	0.18997456	0.08501409	0.07991953	0.03264987	0.12961910	0.13064759	0.06720394	0.42844219	0.30091734	0.11122618	0.30255301	0.52783162	0.45739916	0.50847422	0.55750266	0.29555799	0.22012056	0.08374335	0.44768905	0.51189160	0.34844622	0.49549754	0.43247769	0.40327437	0.22683626	0.19940200	-0.14324882	0.05239349	0.45956784	0.31969192	0.46659167	0.21972506	0.45887512	-0.28164465	0.22984861	0.32313004	-0.11983595	0.29559409	0.05144971	0.06618629	0.19410621	0.19020865	-0.01574313	-0.28467660	-0.27169858	0.03903723	0.33689231	-0.05692522	-0.13174126	0.23903901	0.14447685	0.11283815	0.35547082	0.48838932	0.20005650	0.21413866	0.04960028	0.20778270	0.07644691	0.33029678	0.13529280	0.12629411	-0.03189742	0.34930127	0.59393183	-0.27151825	-0.16483378	0.00474123	-0.16359960	0.07009463	0.04354677	-0.04824550	-0.08266609	0.00028800	0.31065492	0.21398582	0.39699829	0.42012030	0.38848268	0.20381970	0.48565752	-0.02681242	0.03018972	0.03595461	0.01142149	0.18692790	0.20178457	0.28072920	0.25704821	0.16380909	0.13037409	0.13116281	0.08466115	0.34904899	0.43882666	0.09811698	0.25571282	-0.05489413	0.05599204	0.07789159	-0.02431603	0.06867623	0.26621394	0.34293209	0.26842686	0.04946126	-0.00549891	0.16011588	0.05090028	0.44828672	0.37717799	0.28230561	0.34379545	0.16057615	0.17784786	0.18445653	-0.00769979	0.10401090	0.16808364	0.23775020	0.06620617	0.12414119	0.02382201	0.13872911	0.18742276	-0.00515820	0.06061595	0.04049051	-0.02611922	0.10714703	0.15752432	0.19203694	0.09491418	0.19943429	0.08387887	0.04335554	0.24024474	0.15678355	0.11409937	0.14373439	0.01127072	-0.02366524	0.06573787	0.14481885	0.09516454
17Networks_RH_LimbicB_OFC_1	0.12123467	0.06340386	0.21500363	0.31754505	0.15864414	0.12347049	0.17888328	0.04417661	0.00227943	0.01837453	-0.04546766	-0.05361204	0.11150460	0.05921195	0.10542140	-0.00488129	0.03021622	0.04890953	-0.03463537	-0.03210454	-0.04812695	-0.05409854	-0.11317626	0.10626539	0.07544034	0.18109805	0.16920283	0.05168320	0.15690128	0.08290598	0.01079422	0.01355052	0.28842368	0.11811525	0.11101643	0.10585469	0.02557946	0.00151793	0.07793785	0.21825285	0.16398325	-0.02847254	0.03534942	0.03932609	0.15593207	0.00130339	0.08904354	0.13335399	-0.04065815	0.04463053	0.17651928	0.26127010	0.08822930	0.14954103	0.20653681	0.10051845	0.26786087	-0.00953573	0.30192487	0.02866219	0.13244169	0.12252060	0.09626381	0.02913371	-0.05729234	-0.03516408	-0.12997361	-0.06244211	-0.13792723	-0.10993828	0.06439252	0.02443401	0.23047392	0.25486196	0.16097925	0.16383451	-0.02676673	-0.01552440	0.01515834	0.01488251	0.08333903	0.00809617	0.02406546	-0.02667253	0.06507360	0.17207486	0.08345717	0.10109473	0.11693105	0.09234303	-0.01318041	0.16641829	0.02268653	-0.13923231	0.13865652	0.07527448	0.00680057	0.13516822	0.07062236	0.01634987	0.16845259	-0.01131100	-0.14977863	0.04716587	-0.00726971	-0.11595447	0.22575212	-0.00189777	0.36999926	0.13825718	0.32291064	0.43198338	0.05718416	0.04910905	0.08174562	0.20587926	0.05391195	0.29021114	0.19291602	0.21881541	-0.10347160	-0.11896880	-0.03284406	-0.07721445	-0.09946882	-0.02754799	0.14110279	-0.06241952	-0.05516891	-0.08621068	-0.07070706	-0.09229312	0.06383176	0.15286752	-0.15973305	0.00922404	-0.08992593	-0.17984644	0.01183414	-0.00655475	0.12999952	0.08242201	0.11181826	-0.00808557	-0.03864252	-0.00992687	0.11425067	0.05062223	-0.05905136	-0.00189958	0.06754588	-0.05451463	0.02975639	0.04995112	0.05542369	-0.03708388	0.01126153	0.10412049	0.05632780	0.07622128	0.17839961	0.26273732	0.11240555	0.14721121	0.13102020	0.16358756	0.19339201	0.00546842	0.19510827	-0.11606641	-0.20106013	-0.03823881	-0.05972371	-0.00619630	0.02860087	-0.06566878	0.00789003	-0.07622514	-0.05503355	0.10445580	-0.15790134	-0.01517466	0.13836544	0.01838133	0.14867849	0.00276442	-0.11782284	-0.05990029	0.09835231	0.07671772	0.04833997	0.17401899	0.07012430	0.04992359	0.02780248	0.06236560	-0.13601394	-0.09649638	-0.11608058	0.05741802	0.08573787	0.06693261	0.11256264	0.14212624	0.12041150	0.01704734	0.16369689	0.09133841	-0.07170445	0.07448259	-0.02097887	-0.03125766	0.11031748	0.06016588	0.14246633	0.13609053	-0.03411466	0.08700491	0.10251509	0.03630356	0.03779155	0.02418005	0.03740504	0.19614199	0.21402785	0.22221928	0.18796470	0.00665473	0.17019536	0.06535596	0.18582102	0.04966375	0.06558021	-0.04637643	0.04654110	-0.03514148	0.01540782	0.16818849	0.16672282	-0.06378412	0.11217597	0.17711782	0.07171463	0.14229128	0.03760522	-0.02682795	0.14037934	-0.04300184	0.15880275	0.00208112	0.15938244	0.07044360	0.15188420	0.02864757	0.18196841	0.08405324	0.28325722	0.18385746	0.12715849	0.06339597	-0.00726909	0.00823594	-0.05251405	-0.00003584	-0.03257145	-0.11159177	0.05193866	-0.03512915	0.05739041	-0.03034493	0.11451828	0.11674740	-0.05908210	0.06627596	0.09497358	0.11749201	0.09251543	0.04446905	0.13407634	0.16633875	0.08492368	0.20439622	0.02638941	0.05028779	0.07434085	0.01700621	-0.04609607	0.11276301	0.11231641	-0.07601036	0.06447641	0.07592864	0.13847295	0.03227605	0.02667985	0.11474190	0.02729629	0.06102712	0.03842649	0.04617367	-0.00287139	0.21003196	0.16355060	-0.03128925	0.07770104	-0.02434053	0.07576638	0.15637049	-0.02819116	-0.04001385	0.21734891	0.10373276	0.90256431	0.36720649	0.41221937	0.34077430	0.35997002	0.05394329	0.15756810	0.11947502	0.31885692	0.29481902	0.10732220	0.20465371	-0.05121363	0.05253673	-0.08572517	-0.13133343	0.17891519	0.19682050	0.06948115	0.18205691	0.07671398	0.03979987	-0.01461419	0.24476735	0.08042618	0.02662412	0.08363422	-0.02015642	-0.04624367	0.04168364	0.19782148	0.15533166	-0.01366225	0.12321136	0.38681927	0.28334028	0.29876570	0.16868795	0.06712889	0.06270940	0.14560915	0.13132686	0.02555224	0.06252781	0.04492692	0.23264743	0.09083064	0.06380597	0.12720251	0.18863983	0.02744322	0.04771096	0.02765598	0.18438462	0.14776365	0.21285203	0.14690319	0.21475195	0.18896131	0.16491085	0.21272372	0.17934088	-0.03294660	0.25410332	0.11515487	-0.04431007	0.21219753	0.05748152	0.21243320	0.26377993	0.23549607	0.10455206	0.10230881	0.08235782	0.09908836	0.08555712	-0.06633700	0.06737562	0.23845847	0.15678235	0.15415865	0.17430120	-0.00548331	-0.05564670	0.12608737	0.06980455	0.08704315	0.06214073	0.12789429	-0.10182701	0.10819435	0.05922506	0.02901456	-0.03740132	-0.10001610	0.05879990	0.05065379	-0.01733798	-0.01953572	-0.01851936	-0.15752856	-0.04976257	0.03224796	0.02301060	0.19861162	-0.02597680	0.15666176	0.14085696	0.06602230	-0.00395874	-0.00016704	0.02369837	0.18461441	-0.07937220	-0.06068209	0.06924228	-0.10819736	-0.02997484	0.01069838	-0.08653993	0.18586078	-0.01240485	0.10207070	0.02822547	-0.01275917	0.10013165	0.07158268	0.02040502	0.23438446	0.00609152	0.06181962	0.10614563	0.31497631	0.20796919	0.06900816	0.04317111	0.14037346	0.14448108	0.19263150	0.15529835	-0.02348821	0.23597063	0.09660450	0.04731992	-0.00068486	0.23180917	0.15531226	0.13325538	0.13859509	0.20397256	0.25244086	0.17732240
17Networks_RH_LimbicB_OFC_2	0.12114386	0.13976407	0.02469003	0.21994462	0.18679922	0.22316062	0.17729950	0.05473975	0.03138040	0.00715374	-0.02651672	-0.03347480	0.29833389	0.17867308	0.09201015	0.18020829	0.24855829	0.05722205	0.00465084	0.15621499	-0.05681863	0.01470995	-0.17051903	-0.05291759	-0.03377813	0.08229269	0.03415371	-0.01423927	-0.04656655	0.00862126	-0.00214019	-0.02966272	0.12799405	-0.01818296	0.00213780	0.01876042	-0.04057929	0.01935151	-0.09493803	0.09509403	-0.00593017	0.03730029	-0.04475410	0.02080708	0.13289032	0.02265771	0.15233304	0.07190122	-0.06278835	0.03014342	0.12248790	0.17466423	0.02785299	0.04215877	0.01454276	-0.02056080	-0.01849710	0.05758634	0.04969336	0.04887186	0.33945629	0.03330199	0.22751879	-0.02291154	-0.16293342	-0.03576662	-0.13798337	-0.13287351	-0.27789801	-0.28302553	-0.06345290	-0.14904680	0.08593457	0.08347130	-0.09397822	0.02806038	-0.06843353	-0.04419219	-0.00412863	0.01560301	0.18103192	-0.08084565	-0.16378696	-0.12618324	-0.08669994	0.09115550	0.03164970	0.01716583	0.32283539	0.22800554	0.03058110	0.13718287	0.05834243	-0.07352030	-0.03324725	0.00281124	-0.11530049	-0.01016780	-0.01996169	0.02165511	0.03918796	0.01169946	-0.21743427	0.08314782	0.13221523	-0.03790026	0.16666525	-0.08573716	0.25878763	0.34734215	0.26392165	0.31048907	-0.07463813	-0.11214880	0.05376060	0.11194881	-0.06323722	0.22392673	0.37403226	0.22566551	-0.01618770	-0.16026136	-0.22239538	-0.14674477	-0.17287216	-0.14752580	-0.04851589	-0.01442948	0.00851521	-0.10186120	-0.14582208	-0.17204194	0.03590532	0.04737056	-0.03106849	-0.19003742	-0.22620865	-0.28780106	-0.11137794	-0.10417194	-0.06489647	-0.07417839	-0.10272812	-0.06228313	-0.05741948	-0.08225555	0.03692920	-0.00417528	-0.11791756	-0.05759470	-0.09187973	-0.07543269	-0.00460263	0.09481479	0.04185838	-0.04093931	-0.10230090	-0.01968219	-0.04785011	-0.03732411	0.15128661	0.18632956	0.07241118	0.17905629	-0.03310738	0.10764779	0.33708514	-0.05926285	0.09371827	0.04816292	-0.21630836	0.05706608	-0.06604092	-0.05478497	-0.00308982	0.01555443	-0.00442100	0.05559460	-0.02223426	0.02037702	-0.07095298	-0.22075816	0.33691463	0.21183829	0.13248701	0.19198229	-0.09037508	-0.10036231	0.33155379	0.18306492	0.23032258	0.28227086	0.28664292	0.29823859	0.25276086	0.07904201	-0.04393842	-0.03611038	-0.22973164	0.04312447	0.08177757	-0.18885026	-0.07573160	0.18203651	0.11865748	-0.24903713	0.16066158	0.02244368	-0.11284116	0.02456900	-0.05832055	-0.11767375	0.16400480	0.28754643	0.22100311	0.10252054	0.19926892	0.00095316	0.16157087	0.02483821	0.00686383	-0.03486569	0.03459097	0.00242911	-0.01119078	0.00855002	-0.03270009	-0.03763063	-0.06515645	0.07846684	0.11707510	-0.06719027	-0.00797405	-0.08842660	-0.01754753	-0.04393175	0.03485636	0.05342945	0.02748451	0.01585818	0.10170890	0.11458213	-0.07074718	0.28291618	0.13677943	0.06405582	-0.00480231	0.04096084	0.11505952	-0.04336763	0.08200099	0.08622344	0.07710023	0.04781312	0.11615385	0.02022857	0.00132336	0.08270274	0.17181779	0.00125737	0.05586174	-0.05319296	-0.20148693	-0.25186037	-0.13071959	-0.13972934	0.04050808	-0.10460979	0.00117903	-0.11141030	0.09740069	0.08009236	-0.08009170	-0.00364258	-0.05860069	-0.01043247	-0.04043574	0.01766889	0.02496473	0.16021926	0.07110207	-0.04957864	-0.11675733	0.00520982	0.06718792	-0.05997497	-0.02537834	-0.03040821	0.20326003	0.15019873	0.23225427	0.20264170	0.10983161	0.00704999	0.10472384	0.01196157	0.02817564	0.02075694	0.10775482	-0.03288109	0.03032885	0.14292823	0.11204070	-0.07483240	0.08318689	-0.10545382	0.04874315	0.07632735	0.04825065	-0.00519170	0.13502025	-0.07982348	0.36720649	0.90983189	0.31082959	0.23360522	0.44218578	0.00688084	0.19426924	-0.05634062	0.37551666	0.21276342	0.23248869	0.21208205	-0.12521600	-0.04857933	-0.14763687	-0.14636039	0.06238137	0.05684838	0.01250354	-0.05965970	-0.03612647	-0.14363172	-0.13899727	0.07023005	0.09942948	-0.06308098	-0.12768580	-0.11976234	-0.18242627	0.00040955	0.05317854	-0.05220414	-0.02327830	0.32970130	0.33509505	0.16879284	0.15860412	-0.02175708	-0.07428832	-0.05352347	0.11234532	-0.02075279	-0.05755484	0.04937757	-0.07894123	0.06123513	0.06348920	-0.11352965	-0.01311348	0.20984145	0.11202419	0.09314073	0.03154014	0.04524203	0.03610468	0.15847458	0.08425442	0.29605991	0.15301474	0.14542497	0.22456362	0.11288632	-0.10153532	0.31025981	0.12471480	0.01697340	0.02954258	0.20576423	0.10516016	0.59860635	0.34431832	0.13097772	0.07716281	-0.03042465	0.18967729	0.18938648	0.04444907	0.16432268	0.29046914	0.29513818	0.23329592	0.16883683	-0.02389874	-0.11345537	0.09775140	0.11735086	0.02113945	-0.03382894	0.29860699	0.15232123	0.11055110	0.21737298	0.01386865	0.02536832	-0.16405506	0.04451448	0.20682114	0.03979911	0.08332965	0.11758022	0.00273905	-0.03740841	-0.03179226	-0.02571344	0.29075627	0.10377380	0.22937546	0.33409805	0.05608012	-0.07519623	-0.10358373	-0.02054456	0.23824116	0.07408309	-0.02459853	0.11343018	-0.00416292	-0.13930291	-0.00781813	-0.16961449	0.21456404	0.00128841	0.14569218	0.14860067	0.04214389	0.07419967	0.09403679	0.09305670	0.16734498	0.00422045	0.16162703	0.07860693	0.25671798	0.25755022	0.17865407	0.35316937	0.07030363	0.13695101	0.18226233	0.26563071	-0.01707254	0.21573605	0.17662472	0.01684247	0.00672196	0.11205270	0.02271571	0.00373518	0.10905503	0.12384805	0.04039011	0.10006655
17Networks_RH_LimbicB_OFC_3	0.10089385	0.05533703	0.17093020	0.29950509	0.16876293	0.15646050	0.24875855	0.05791369	0.13035345	0.03629844	-0.03535837	-0.13404101	0.15586251	0.04336802	0.16149538	0.04340408	0.14289918	0.13740069	0.04067803	0.01561445	-0.06674069	-0.12442343	-0.16920461	0.07664028	0.08990314	0.08183859	0.00079178	0.01593302	0.05680219	0.02160979	0.04163710	-0.00516443	0.10708096	0.03250567	-0.06628451	-0.01442802	-0.07519511	0.03507786	0.03281247	-0.01383448	0.05553469	-0.07764012	-0.02900351	0.09383554	0.06542582	0.00182683	-0.01588520	0.07773207	-0.03760721	-0.04608213	0.04417809	0.08993151	-0.07946587	-0.05366943	0.09505433	0.08106826	0.14071605	-0.02480808	0.17278260	-0.02294782	0.07869080	0.11268115	0.09602179	-0.03171654	-0.05950208	-0.06570006	-0.01562114	-0.04520422	-0.14493700	-0.08875105	-0.08547304	-0.01829908	0.16356444	0.17911852	0.10477110	0.20235807	0.05348417	-0.05636597	-0.18688741	-0.09320319	0.07446464	0.15264339	0.09000601	0.04430545	0.09834385	0.02389077	0.06229164	-0.00909356	0.05261065	0.11020227	0.00533523	0.07868962	0.00264742	-0.04530152	0.18100858	-0.04875822	-0.15512757	0.06165956	0.12069450	0.08583109	0.03604480	-0.17330882	-0.11031598	0.05430783	0.02156540	-0.03196622	0.27943289	0.09142724	0.32913692	0.37038464	0.56900532	0.43833325	0.14868031	0.04854890	0.20443037	0.22931311	0.08683039	0.32558392	0.28943933	0.18603277	-0.00565835	0.08682432	-0.12167187	0.00904415	-0.05163167	-0.04494413	-0.02954066	0.02481014	-0.16249789	-0.07571878	0.14128640	0.08041462	-0.02914478	0.23339010	0.01847791	0.14528408	0.04156138	-0.15895813	0.08771856	0.18285807	0.18260181	0.00803021	0.19218446	0.02973303	-0.03391701	0.01793209	0.01754489	0.01133731	0.22125164	0.26836285	0.13639094	0.04839641	0.22506199	0.18471728	0.21969258	0.16772395	0.09668359	0.11567951	0.18386816	0.15449994	0.22407599	0.36928083	0.14112949	0.17298887	0.21442161	0.13268637	0.38168421	0.15728975	0.30930457	0.04209936	0.11945742	0.18841403	0.04457236	0.19136546	0.14133389	0.12185413	-0.02259107	-0.09863122	-0.00876173	0.15001917	-0.08398283	0.15492402	0.25935113	0.22904182	0.37114576	0.26207234	0.05303867	0.18384374	0.14241321	0.26722112	0.21752805	0.11076392	0.06774617	0.16238140	0.04571551	0.00425721	0.12637841	-0.05607017	-0.19519873	-0.02528064	0.06356998	0.08932342	0.03182957	0.13259478	0.17437536	0.03662180	0.16631132	0.12323414	-0.03524160	0.11333754	-0.07769369	-0.07927171	0.09841390	0.14228337	0.05410268	0.13322399	-0.01329398	0.16141297	0.01418981	-0.02675369	0.03455251	0.10910406	0.10245307	0.14943419	0.10720754	0.15430173	0.12057725	0.05773572	0.14694574	0.02284287	0.05813201	-0.02526936	0.05818678	-0.02109463	-0.01242388	-0.05908275	-0.03263856	0.08692247	0.00817624	0.00403858	0.04296342	0.05876463	0.01892698	0.09682275	0.04884856	0.02959210	0.16580601	-0.00529028	0.05886059	-0.01771366	0.03294532	0.08246118	0.14205256	0.04952904	0.07806544	0.19333352	0.19710822	0.07701642	0.06547941	0.04551863	0.07134254	0.03711972	-0.08146272	-0.05485429	-0.01845443	-0.13166490	0.02006936	-0.14688343	0.02255363	-0.14962432	0.00347311	0.03478696	-0.00529810	0.09167399	0.07318850	0.07160724	0.10293604	0.04056608	-0.10672231	0.07696068	0.05193042	0.08192106	-0.05463125	-0.09389452	-0.04290763	0.02661383	-0.00143394	0.06532736	0.09706574	-0.12808390	0.05093182	0.07143823	0.16196675	0.03745928	-0.02194148	0.07650624	0.12297210	0.03967802	0.06702153	-0.13762493	-0.09781138	0.10209188	-0.00131818	-0.08997421	0.01247603	-0.12793042	-0.01919570	0.03122421	-0.05496625	-0.16589754	0.13622751	-0.10095667	0.41221937	0.31082959	0.92510873	0.37910561	0.40886093	0.13858900	0.21861400	0.05469748	0.40763944	0.37729488	0.19426408	0.07088822	-0.06368800	0.14935419	-0.17170318	-0.13198689	0.08888020	0.28573792	0.06908010	0.14264148	-0.07197284	0.02333915	-0.06815787	0.18325673	0.12489456	-0.13702882	0.00524611	-0.15066009	-0.17806884	-0.08220582	0.14400053	0.25168871	-0.04192782	0.30001731	0.35415122	0.08890948	0.24107024	0.10751114	0.03412351	-0.06700330	0.23770049	0.11204554	-0.12488753	0.07626000	0.03311182	0.26469121	0.16823550	0.15087264	0.09222015	0.24101377	0.13820893	0.19366511	0.18730072	0.04639153	0.24907667	0.35802836	0.09739309	0.26512738	0.21458870	0.09767992	0.03507572	0.20857206	0.03209664	0.42069169	0.19597076	0.12057692	0.12815072	-0.02855827	0.16873017	0.21630770	0.20963400	0.08315774	0.24284640	0.19356386	0.16962944	0.20687693	-0.09754083	0.13821059	0.32610543	0.28416532	0.18482263	0.15156524	0.13843845	-0.15717570	-0.00526149	-0.02155953	0.08657225	-0.09832626	0.21258880	0.08266661	0.20875011	0.13668681	0.03085628	0.06189409	0.03146785	0.09560328	0.07888889	0.11645633	0.16348538	0.02727522	-0.01824851	0.03570128	0.06270788	0.08147528	0.34886394	0.00462491	0.19688613	0.18283185	0.09187959	0.03812800	0.07983366	0.10259314	0.17156007	-0.02994445	-0.08051934	0.01885969	-0.00627997	0.08254063	-0.01407358	-0.01159579	0.20525646	-0.03838746	0.12137778	0.02446706	-0.05308699	0.09718500	-0.01247648	-0.03233157	0.31479411	0.02077307	0.09516488	0.17205908	0.37850051	0.25193040	0.10722729	0.04888719	0.14546904	0.13289672	0.24629364	0.15717819	-0.09012249	0.18577988	0.06906016	-0.01535226	0.08674064	0.20297266	0.16651593	0.19736110	0.20692639	0.17770752	0.24126889	0.18796421
17Networks_RH_LimbicB_OFC_4	-0.11948983	-0.11813108	0.02867197	0.13145856	0.17241082	0.09660598	0.06380087	0.00885580	0.01719867	0.02795641	-0.17659240	-0.09081645	0.08528090	0.00306148	-0.01328750	-0.06562988	0.08640177	0.03128628	-0.02309691	-0.02688716	-0.06577879	-0.08915578	-0.21167984	0.01696294	-0.09939243	-0.04329222	-0.03086144	0.04253583	-0.10959634	-0.07351888	-0.14971152	-0.23337057	-0.04409346	-0.14352570	-0.15163013	-0.09474598	-0.12736900	-0.28602202	-0.24907084	-0.17339746	-0.15746224	-0.13095942	-0.22410686	-0.08307627	-0.13540662	-0.08150329	0.03800965	-0.03379918	-0.03977251	-0.00813581	-0.09006981	-0.03966222	-0.14872563	-0.12328829	-0.09592360	-0.01925933	-0.06601054	-0.08742788	-0.04028726	-0.13321119	-0.03145985	-0.10135830	-0.00903178	-0.00670198	-0.04687705	-0.04065679	-0.06108402	-0.01831051	-0.16334773	-0.09295110	-0.05816055	-0.07859809	0.15961229	0.00499057	0.06215918	0.00731594	-0.02883858	-0.21927002	-0.11195287	-0.15991041	-0.10301077	-0.12832790	-0.13156198	-0.20712774	-0.06012496	-0.04992953	0.02261315	0.01440706	0.10471799	0.01519155	-0.03854438	0.06401674	-0.12080773	-0.16016680	0.05750136	-0.11722466	-0.18101876	-0.16302778	-0.16759594	-0.06285581	0.05368429	-0.30161237	-0.21699712	0.15315306	-0.05462526	0.08183646	0.31646155	-0.15558935	0.09344507	0.28104323	0.34551574	0.10218841	-0.29857597	-0.13740074	0.07105293	0.04220631	-0.07609778	0.23724097	0.17390327	0.33519236	-0.03056386	-0.03897054	0.02168773	-0.13355279	0.02077663	0.05251358	-0.06054717	0.08001826	0.01544653	-0.02225368	-0.08494761	-0.12144721	-0.03513435	0.07318587	-0.12545173	-0.12837802	-0.03207650	-0.04931658	-0.02618289	0.02272041	-0.07883614	-0.15478114	-0.18105526	-0.07348349	-0.02762726	-0.02981191	-0.03737252	-0.01052884	-0.11543075	-0.13477810	-0.12184814	-0.16586082	-0.02658168	-0.11917140	-0.08506502	-0.04568499	-0.10605576	-0.18321191	-0.10580493	-0.14276389	-0.14323116	0.05907344	-0.27299913	-0.17837121	-0.16265069	-0.09087276	0.17885776	-0.29596152	-0.08514004	-0.31265246	-0.14697624	-0.13558467	-0.10976059	-0.05393607	-0.31772482	-0.23011034	-0.30147864	-0.12650337	-0.09417118	-0.11039448	-0.25143754	-0.12994970	0.03240898	0.26235364	0.07772926	0.00423999	-0.10138035	-0.04514749	-0.00607668	-0.00067878	0.00621225	0.08735047	0.02242695	0.08713748	0.13591686	-0.01836878	-0.11803893	-0.08604593	-0.00628288	-0.01422551	-0.17609542	0.00050558	-0.11856801	0.03756173	0.11785342	-0.14570547	-0.07367100	-0.03600676	-0.08927202	-0.10666376	-0.17135425	-0.12437827	-0.04491389	0.03882668	-0.08171448	0.01668283	-0.09073544	0.08414164	0.06847842	0.03115634	-0.02284009	0.05500568	-0.06135828	-0.02377725	-0.10482340	-0.03628782	0.02791084	-0.17760470	-0.08674331	-0.10374898	-0.14857684	-0.24310529	-0.15486594	-0.22056235	-0.13377844	-0.26446998	-0.08522187	-0.19952391	-0.18678831	0.11017444	-0.22763463	-0.08270729	-0.21560515	0.02870669	-0.10582272	-0.07400632	0.05135691	0.02859179	-0.04734763	-0.05371998	-0.05022302	-0.02849268	-0.06190950	0.10417527	0.01789748	0.02846329	-0.03897768	-0.06795594	-0.07187013	-0.09339804	-0.28717789	-0.12691657	0.00668437	-0.16196948	-0.10393010	-0.09339514	-0.03623500	-0.09927580	-0.04341352	-0.17650971	-0.14709756	-0.07450591	-0.04806206	-0.05397637	-0.06331720	-0.06733796	0.00706129	-0.17926277	-0.06348898	-0.14807582	-0.24365286	-0.08894287	-0.12000542	-0.17957387	-0.07037589	-0.08510606	-0.05376585	-0.14192657	0.10054050	-0.10572698	0.01807642	0.01251448	0.19957853	-0.07060773	0.08330869	-0.19656399	-0.02768984	-0.02418623	-0.10673906	-0.11150795	-0.02615716	-0.10809890	0.02005516	-0.12086043	0.23718766	0.00837010	-0.16425123	-0.13035730	0.05971860	-0.02263093	-0.03205914	-0.10540806	0.34077430	0.23360522	0.37910561	0.93194937	0.12424512	-0.13888458	0.07725552	-0.18643642	0.31855139	0.10565179	0.09693602	-0.07173192	-0.05190541	-0.00688107	-0.09402434	-0.22991187	0.20231779	0.15846233	0.06042939	0.12946294	0.00473586	-0.04049714	-0.09389008	-0.00806967	0.12000689	0.04094029	0.05845071	-0.11349528	-0.06098784	-0.05605324	0.00480437	-0.03774039	-0.03462492	0.33778703	0.47911301	0.23388254	0.06135490	-0.05270217	0.01277378	-0.04300263	-0.02383098	-0.06000461	-0.02009772	-0.02849873	-0.05941414	-0.08452661	-0.00693679	0.00490204	0.04286477	0.05332112	-0.09585214	-0.05672684	-0.02548588	-0.13835764	-0.06005400	0.01048270	-0.11778702	-0.04907751	-0.13892496	0.03620489	-0.11448975	-0.00764560	-0.06335384	0.17808921	-0.19370346	-0.20068709	-0.12709778	-0.15186471	0.01648381	0.12129394	0.11693627	0.09175666	-0.04798984	-0.09587215	-0.00213403	-0.03403134	-0.04325438	0.01012642	0.36340674	-0.03504033	0.02442050	-0.04853862	-0.03275266	0.00446677	-0.08424778	-0.07829136	-0.06526456	0.02578391	0.06150797	-0.12421894	0.11790663	0.16531740	-0.09148699	0.04785949	-0.03716135	-0.14553044	-0.01190819	0.20178076	-0.07873517	0.05975995	0.00683244	-0.04014493	0.17546223	-0.06000623	0.16447702	-0.20515702	0.14919236	0.19803393	-0.05248146	0.00340815	-0.04252724	-0.12279070	0.09049998	0.04632200	-0.15277835	0.00735789	-0.01144298	-0.00594123	-0.00951992	-0.16496000	0.02322716	-0.24084767	-0.18929318	-0.05786799	0.02646773	-0.12472406	-0.12110649	0.10450038	0.11828036	-0.11366913	-0.09766349	0.00921133	0.26106208	0.10463426	0.11523272	-0.07798744	-0.02823962	-0.08478942	-0.03192775	-0.03039212	-0.22000867	-0.02091543	0.08388689	-0.11631120	-0.16676352	-0.00612253	-0.22598733	-0.13030091	-0.15391595	-0.14446077	-0.10509464	-0.08966810
17Networks_RH_LimbicB_OFC_5	0.19555882	0.15433658	0.11354448	0.21006209	0.19925624	0.26081812	0.14824844	0.14802736	0.04911880	-0.12960969	-0.03769201	-0.07350155	0.34020486	0.21303017	0.18355276	0.29927086	0.11523305	0.02675386	-0.04749581	0.16861298	-0.12128470	-0.02606541	-0.12466526	0.01434103	0.09670757	0.18153679	0.05034464	-0.02404951	0.09315560	0.05175646	0.17695708	0.12332740	0.19003891	0.11222693	0.03882261	0.12129704	0.14138275	0.18567498	0.09607783	0.18372874	0.20170253	0.04526558	0.10132122	0.00272630	0.33351637	-0.08628314	0.28097249	0.13501453	-0.08038452	0.10293622	0.26029537	0.34361947	0.16603543	0.17276217	0.23253101	0.01123975	0.24115465	0.09719526	0.27982551	-0.02400288	0.43719922	0.05731167	0.26167363	0.02359715	-0.12583156	-0.01815882	-0.05125676	-0.07681677	-0.19095009	-0.21828643	-0.05476032	-0.10770625	0.16252114	0.20852540	-0.04147145	0.12461721	0.02687232	0.03017589	-0.06458229	-0.09455612	0.26424863	0.13826148	-0.02569233	0.02549762	0.07441992	0.20248790	0.00969702	-0.07904374	0.31645142	0.24890119	0.06323494	0.14225385	0.08667385	-0.05524426	0.12245497	-0.02849950	-0.14062383	0.13716775	0.19126865	0.20592131	0.09229930	-0.06238991	-0.22562356	0.15468827	0.23514016	-0.10636571	0.03770318	0.12118667	0.20151525	0.16697368	0.28866253	0.53462581	0.15299406	0.16170881	0.28362829	0.35574641	0.11117042	0.33816742	0.33186833	0.20472341	0.02674953	-0.03410845	-0.20361723	-0.10518953	-0.13885183	-0.13829760	-0.03528442	-0.00592610	-0.06118223	0.00948118	0.06812403	0.11114542	0.05308643	-0.02314062	0.17914853	0.00948159	-0.09785222	-0.18535365	-0.02095310	0.04044839	0.15320359	0.05720315	0.21239109	0.03852175	0.04260535	-0.01076790	0.02747689	0.00527801	0.13239015	0.21509608	0.11488263	-0.01855749	0.09508383	0.13230889	0.23776766	0.11717553	0.05742827	0.14890871	0.09858735	0.10995353	0.28271459	0.32854325	0.33020190	0.39946071	0.20063306	0.27357386	0.33396443	0.27355489	0.31940292	0.21941947	-0.02468409	0.27625042	0.02532229	0.03649110	0.27512854	0.08897415	0.02148406	-0.09792462	-0.04350169	0.13562120	-0.14070572	-0.03157067	0.38035350	0.04677365	0.32477342	0.17419948	0.06017544	0.07061329	0.33890955	0.29714973	0.28199419	0.22468409	0.40909825	0.46680194	0.20894415	0.04449979	0.11601818	0.04342136	-0.17990797	0.08787750	0.22800015	-0.05275719	0.03410905	0.18129313	0.24058722	-0.24088549	0.24480982	0.11636785	-0.11210738	0.02852541	-0.04128688	-0.04991263	0.25642823	0.38971737	0.22240128	-0.02145844	0.16650912	-0.11636274	0.01078957	0.00043950	-0.08706222	-0.07634644	0.00767590	0.21993989	0.12083961	0.25358713	0.04454507	0.20362463	0.20782202	0.21901560	0.20152903	0.06136354	0.12086474	0.13596064	0.15975112	0.09751081	0.05084072	0.27696798	0.14424312	0.00208581	0.29703839	0.16686156	0.13250813	0.16040893	0.14760753	0.14450023	0.12673586	0.06570408	0.17431550	0.01480632	0.14479456	0.16102011	0.24501230	0.13715816	0.18808638	0.11899656	0.30113369	0.29267682	0.16714322	-0.00969250	0.08888271	0.02062779	-0.17086946	-0.08165461	-0.05680301	-0.09226117	0.08514533	-0.10435222	0.08857305	-0.03783741	0.16767779	0.12190189	-0.06265347	0.22003656	0.10826948	0.05705065	0.08699568	0.07781022	-0.00298958	0.20727414	0.24100104	0.06718132	0.04080994	0.07784230	0.07980167	0.14440460	0.06461907	0.07470598	0.01719438	-0.13737141	0.23193038	0.16029039	0.03317916	0.01197004	0.03733189	0.15633933	0.16990888	0.07648713	0.11476393	-0.08306577	0.17257967	0.17159512	0.07294060	-0.03304161	-0.02726745	-0.09703532	0.07309550	0.05073265	-0.18226840	-0.09870182	0.23613396	-0.02904613	0.35997002	0.44218578	0.40886093	0.12424512	1.08543381	0.07818778	0.19590684	0.27240415	0.30188386	0.46481751	0.28921318	0.23190720	-0.07404070	0.03653095	-0.05893588	-0.00657736	0.06923395	0.15869527	0.06965905	0.08471311	0.08882070	-0.04057862	-0.02760627	0.22674753	0.21371033	-0.03520324	-0.03468125	-0.07448472	-0.16601349	-0.05287838	0.07259438	0.18397624	-0.02842041	0.10841376	0.17691050	0.05015708	0.29834384	0.02354380	0.06604383	-0.05118376	0.20861297	0.08017521	-0.11779614	0.08402430	0.01149309	0.34600885	0.15735033	0.03679509	0.11892076	0.25954354	0.11756320	0.20452733	0.16148474	0.08645211	0.19591275	0.26807007	0.24319489	0.43131407	0.36472636	0.22008211	0.20297901	0.22269879	0.02831727	0.37902139	0.21606002	0.13905150	0.14168845	0.03629452	0.15569455	0.35966090	0.18456251	-0.01118804	0.24371889	0.13041678	0.24796732	0.24969787	-0.06504671	0.36922960	0.16538439	0.48729943	0.27020101	0.27861127	0.14099800	-0.11773745	0.03479843	0.06306356	0.11635558	-0.06514141	0.55040420	0.29165625	0.29802083	0.37159884	0.09002826	0.07187864	0.05834747	0.25229994	0.14011477	-0.06562927	0.17592725	0.16672866	-0.02497099	0.03337445	0.07447681	0.13433440	0.50948418	0.15248823	0.34174073	0.43085245	0.09830766	0.08406612	0.03087344	0.13796679	0.07923631	-0.07340913	0.05804180	0.10292700	-0.06450744	0.00943063	0.01763076	-0.03018336	0.20647186	0.12660560	0.31566256	0.08164595	-0.06492455	0.23681168	0.14222857	-0.09899553	0.22721634	0.11691762	0.18707143	0.19582692	0.13449572	0.18034862	-0.10637203	0.12839902	0.08480909	0.22999638	0.23199775	0.25079629	-0.08923425	0.28511677	0.16876997	0.13145268	0.05262761	0.20040243	0.23819204	0.13671159	0.29326058	0.15728547	0.21387458	0.10626750
17Networks_RH_LimbicB_OFC_6	0.22553727	0.23852615	0.19093922	0.09162172	0.00757591	0.01519411	0.07611096	-0.15865918	-0.00532326	-0.05433971	0.03281940	-0.03047394	-0.10736122	-0.00017920	0.24728235	0.04728088	-0.04939824	-0.03675116	0.09828972	-0.01626093	0.12413245	-0.00457354	0.09472753	0.07027009	0.02962363	0.03648536	-0.07108536	-0.12650983	0.04940761	-0.11322797	-0.00571574	0.02222655	0.08697216	0.08424259	0.15494210	0.00238199	0.02651182	0.30504017	0.33894131	0.10247697	0.10568068	0.05247601	0.18672287	0.03423075	0.02968226	0.14207060	-0.22846615	-0.12573010	-0.02647391	-0.08178196	-0.00851801	-0.08979446	-0.04808443	0.02764372	0.01950499	0.07944261	0.07535332	0.01855425	0.10165634	0.14968400	-0.05263604	0.29073580	0.11160399	0.10545358	0.09813195	-0.08078619	0.17997354	-0.06376030	-0.07626496	0.03270649	0.01393304	0.10289264	-0.00042915	0.06377382	0.16318782	0.08851706	-0.06443658	0.03001870	0.05528803	0.06990257	0.21407276	0.27948950	0.30656587	0.23638121	0.21157982	-0.03964388	-0.10794196	-0.17811101	-0.27427296	-0.20014411	-0.22485691	-0.25641610	-0.07275948	-0.00848549	0.02469946	-0.14754169	0.11162631	0.14954555	0.24657441	0.12841622	-0.19333591	0.10106236	0.18316461	-0.13101456	-0.06265569	-0.11816573	0.11377514	0.28788384	0.20224755	0.05320608	0.24373417	0.16306509	0.62070831	0.07355164	0.08832598	0.01034058	0.22339548	0.05836603	0.06993185	-0.17534727	0.01150293	0.24304130	-0.08767243	0.21224432	-0.01776820	-0.11685837	0.13228456	0.04623686	-0.17034820	0.03709202	0.32714371	0.33083783	0.03871727	0.15387401	0.14407059	0.32585447	0.04113835	-0.02424153	0.36235588	0.21425380	0.27790969	0.15620110	0.32063047	0.13635121	0.01019049	0.23537271	0.11397299	-0.00368063	0.39807523	0.48709039	0.46016284	0.28528161	0.40436114	0.38555745	0.45990278	0.38789653	0.27998024	0.31083317	0.45440992	0.43837155	0.55621861	0.33072414	0.30804154	0.26198603	0.42631066	0.22704036	0.20755811	0.31260061	0.33869581	0.31326199	0.24357990	0.06545326	0.23011203	0.21594879	0.44873676	0.39367313	0.31350229	0.13714610	0.17422740	0.20406232	0.25039093	0.30557578	0.10210000	0.06946252	0.26795218	0.21705120	0.14279250	0.44217566	0.16608137	0.35597723	0.28412667	0.11848321	0.01394110	-0.04219351	-0.20771948	-0.14408456	0.14154102	-0.05752521	-0.11836599	-0.13580466	0.20898736	0.14965025	0.33510082	0.09764278	0.13062798	0.37385370	0.20776471	0.08596740	0.01697297	-0.03851518	0.04944386	0.05837786	0.04259794	0.03147011	0.18487546	0.04503499	-0.05268392	0.06240440	-0.03785731	0.01288117	0.16737604	0.10112224	0.17893012	0.09206257	0.11715851	0.03877839	0.03390257	0.02898578	0.11808878	0.07483587	0.05943993	0.10291235	0.10440485	0.03484376	0.05428185	0.17101897	-0.00465173	0.14976547	0.14535127	-0.03981166	0.24179448	0.06398515	0.16718499	-0.02402928	0.04072262	-0.09558525	-0.00139044	-0.07601932	-0.04305015	-0.13601677	-0.04898120	-0.01813243	-0.05292482	-0.13674953	-0.08239169	0.06006133	0.09009742	0.06656648	0.07281492	0.26658464	0.30232311	0.05516550	-0.02561859	0.22504293	0.13510942	-0.08144003	-0.02482705	-0.09395654	0.00462833	-0.12236267	0.09984486	0.11795310	0.08179263	0.00390882	0.07210699	0.09036177	-0.06230498	0.00900838	0.08255791	0.09515772	0.07283584	0.21450051	-0.01552668	-0.00801489	-0.15246903	-0.10970431	-0.17044787	0.10394678	-0.14516202	-0.11571922	-0.12788621	-0.07079910	-0.19490654	-0.08919139	-0.12141734	0.11337703	0.02881544	-0.01323469	0.06411218	-0.09388609	-0.26769523	0.08967871	0.01764169	-0.19467350	-0.17671363	-0.07258309	0.11924752	0.16122819	-0.10284598	-0.29857753	0.09606105	-0.02927204	0.05394329	0.00688084	0.13858900	-0.13888458	0.07818778	0.95790073	0.06226338	0.05327147	-0.11110269	0.06684241	-0.15252639	0.22837664	0.12469595	0.05635254	-0.11215342	-0.02573088	0.14166885	0.20925411	0.03310741	0.05901088	-0.12492656	0.12783424	0.10679324	0.10702404	0.13453857	-0.22469385	-0.04575828	-0.22948211	-0.16704624	0.06910506	0.16729977	0.38343539	0.11604195	0.28849807	-0.00113159	-0.12967280	0.17590680	0.13788729	0.11956780	0.02321256	0.48745727	0.36265078	0.02219167	0.11913961	0.02221250	0.24570399	0.21799512	0.31157147	0.22315566	0.30428962	0.41113164	0.43021625	0.25348916	0.22469818	0.43029330	0.45002897	0.43535406	0.27398182	0.30355041	0.04788412	0.01564253	0.09610547	0.05637927	0.02809565	0.17517414	0.37751145	0.33648969	0.18256459	0.18508778	0.02115060	0.05209195	-0.00376938	0.48624131	0.43123117	0.24615660	0.35270944	0.07519126	0.06569450	-0.15632742	0.25741460	0.15670640	0.05068062	-0.00208278	-0.23910226	-0.17717879	-0.13070315	0.05646061	-0.34345853	0.06914147	0.09432275	-0.11678736	-0.09320703	0.09090072	-0.04750870	-0.01533987	0.10763074	-0.06768619	-0.12546212	0.12909645	-0.12566710	-0.10460454	-0.10529768	-0.14201252	0.05595730	-0.03940512	0.11492815	-0.10346227	-0.13712433	0.07331392	0.00848852	0.06544328	0.01038827	-0.12392486	-0.10052304	0.05250533	0.07821713	-0.06646427	-0.06878013	-0.16200140	-0.03382557	0.10168665	0.03844180	0.12426310	0.00195156	-0.05265354	0.04918254	0.05144806	-0.01497705	0.13950964	0.13577790	0.10531989	0.09558680	0.06307827	0.10968583	0.13915123	0.20611418	0.17021415	0.03781252	0.04899663	0.03288494	0.17472558	0.10751546	-0.06298160	0.21034714	0.02573538	0.19448816	0.27834020	0.32281587	0.24905141	0.32077849	0.28381197	0.27835835
17Networks_RH_LimbicA_TempPole_1	0.17724754	0.19645562	0.13009506	0.16951796	0.05623286	0.08487106	0.20895465	0.01054520	0.03362126	-0.00430785	-0.02639417	-0.10998879	0.09009549	0.08716457	0.13747799	0.15711796	0.02863098	0.08886953	0.05183140	0.04667908	-0.05922380	-0.05342360	-0.06495739	-0.10003356	0.01553601	0.09390579	0.03180323	-0.02133578	0.03629538	-0.02980971	-0.02511980	-0.00239307	0.09771685	0.03821789	0.02868955	0.03116053	0.02737039	0.06263071	0.00746638	0.12538289	0.04086134	-0.10414309	0.00371505	0.18028884	0.00629639	-0.06880805	0.02479821	0.00319825	-0.01517851	-0.05175941	0.10259652	0.15854522	-0.04889119	0.02829045	0.16303131	0.08129457	0.09740563	-0.00308407	0.10348831	0.13924887	0.11250002	0.18771652	0.15084940	0.02080671	-0.10777717	-0.10870823	-0.11049364	0.03750034	-0.08189653	-0.06845487	-0.06659327	0.01282633	0.05818041	0.16602580	-0.05887696	0.11208377	0.03783781	-0.03328470	-0.05611566	-0.00134638	0.06405561	-0.02096869	0.03499830	-0.08791639	-0.00058273	-0.04972403	-0.06635519	-0.04565274	0.01182108	-0.00467419	0.02326752	0.09197854	0.03162272	-0.06713090	-0.05693900	-0.05237401	-0.11695272	0.02157482	-0.03674539	0.09707073	-0.02081733	-0.02024358	-0.03122237	-0.10647351	-0.04737541	-0.03040985	0.02767921	-0.02689272	0.18620091	0.16727290	0.17700070	0.20342889	0.06657181	0.23560518	0.35706248	0.34674511	0.21862181	0.28405507	0.29990207	0.08987984	0.00820276	0.03528416	-0.10486444	0.11024347	-0.04383531	-0.07927765	-0.03668668	-0.06348134	-0.01177456	-0.06509041	-0.00870966	0.00611606	-0.01450443	0.12569039	0.07463364	-0.00394679	-0.02117243	-0.09887858	0.04509331	0.01988772	0.06068917	-0.03401992	-0.00959255	0.00830352	-0.02132493	-0.01973437	0.04288500	-0.01117973	0.03384566	0.12059766	0.03858773	-0.01872259	0.00112344	0.14506379	0.12234516	0.07217557	0.05658652	0.04900820	0.04278563	0.04677671	0.08581165	-0.03114584	0.03528440	0.01479039	0.04057118	-0.01534138	0.20932759	0.07911038	0.21815653	0.16675195	0.04328563	0.15602027	0.06697016	0.07091611	0.11815726	0.15384492	0.00130419	0.02810575	-0.03589665	-0.06621486	-0.00871604	0.04748575	0.07542853	0.03456827	0.15877936	0.04890863	-0.01373269	0.06906296	0.11557460	0.14394585	0.14439832	0.12217378	0.13639008	0.10603089	0.07956673	0.09741996	0.00618426	-0.02956833	-0.07845836	-0.01124709	0.09738691	0.03604947	0.07785287	0.12708449	0.09045848	-0.02481075	0.18077159	0.08568848	0.03073552	0.11156181	0.03949151	0.00432830	0.17779415	0.22338958	0.17426404	0.14725210	0.10762789	0.07786662	0.08218337	-0.02590903	0.07791786	-0.01046827	0.03220790	0.06320330	0.15369959	0.09563836	0.01788009	0.03115333	0.09810745	-0.00482354	0.09097751	-0.05156202	0.00946556	-0.00129978	-0.00178449	0.03699643	0.01609993	0.04790348	-0.01139476	0.00337569	0.17650910	0.08209351	-0.00196536	0.07855137	0.04756477	-0.03137822	0.15816236	-0.01398104	-0.06863415	-0.01004648	-0.09914897	0.06841737	0.14080239	-0.05889413	0.02237982	0.10583605	0.16334485	0.16593010	0.09069580	0.15288652	0.17111682	-0.04064106	-0.04118615	-0.01722764	-0.02926395	-0.01210887	-0.01301944	0.05966160	0.02069094	-0.00181728	0.08140795	-0.00237076	0.06964458	0.11316280	-0.05080263	0.00703878	-0.05226830	0.05098282	-0.01016917	0.01824993	-0.06517536	0.10070468	-0.05635509	0.00641932	-0.06876179	-0.04312341	-0.04674940	0.05179721	0.22342512	-0.07096983	0.04552172	0.06670910	0.07908795	0.05419242	-0.05848526	0.01386574	-0.03067884	0.08218553	-0.01836325	-0.04176547	-0.08989984	0.12931357	-0.03505794	-0.05318989	-0.07574173	-0.07246964	-0.02643866	-0.05618706	-0.12749826	-0.08484727	0.04563886	-0.11626999	0.15756810	0.19426924	0.21861400	0.07725552	0.19590684	0.06226338	0.83393926	0.21721084	0.31742911	0.42298738	0.39702756	0.22291971	-0.00905178	0.03357354	-0.02848707	0.00418552	0.00266788	0.04886270	0.02497986	-0.01102199	-0.06060007	0.01119936	0.07187742	0.15857228	0.10434942	-0.03388341	-0.09543453	-0.06010998	-0.07737988	-0.02626419	0.03181313	0.11318700	-0.00671846	0.13918246	-0.03109455	-0.00709199	0.02872383	-0.04247966	0.01670663	-0.04336248	0.10688326	-0.06569966	-0.04394260	0.07040511	0.02891442	0.21362254	0.10442517	0.00765753	0.05089651	0.14783716	0.11995578	0.12355290	0.17715993	0.10909361	0.10661233	0.13170803	0.10598901	0.12598952	0.06725533	-0.06691452	0.06989638	0.04665148	0.05762351	0.38071751	0.15648589	0.14674093	0.02819297	0.10188677	0.15517828	0.18161615	0.11020659	-0.01928652	0.14522420	0.08868326	0.08669285	0.17126972	0.01817914	0.23005984	0.22819561	0.22504283	0.03287076	0.01836507	-0.04266974	-0.02140909	0.03591519	0.02741801	0.00461597	-0.10326028	0.31742077	0.15303751	0.28076146	0.23668302	0.09190232	0.02930088	0.00212677	0.22144059	0.10139525	0.02926847	0.04537243	0.08095509	-0.00056641	0.01302436	0.05224166	0.08954289	0.38714160	0.22851604	0.29338974	0.22966677	0.20628149	0.10591048	0.04253272	0.20241594	0.10355366	0.00074286	0.00482085	-0.00518353	-0.00337682	0.09559780	-0.04504275	0.09293777	0.17917605	-0.01658602	0.06898625	0.12447590	0.08787697	0.10795676	0.04586747	0.00700199	0.11520161	0.06265704	0.11828122	0.09509071	0.10955996	0.20148366	-0.05611704	0.19262710	0.18615460	0.16545573	0.22751414	0.12767939	0.04621046	0.24382726	0.11864466	-0.07503557	0.03247866	0.08566781	0.10763392	0.10902169	0.14748836	0.15291218	0.18130664	0.20344793
17Networks_RH_LimbicA_TempPole_2	0.14106860	0.11846374	0.09112106	0.02910709	-0.13327673	0.05149715	0.05262069	0.12468274	0.10971404	-0.04031937	0.22387180	0.07407886	0.01379564	0.10522314	0.12469536	0.17307096	-0.11097035	0.14058431	0.06073393	0.14687061	0.06621774	0.09055100	0.14205791	0.06585066	0.27888181	0.30849875	0.16526031	0.00525146	0.27160181	0.11947546	0.35024401	0.37758370	0.13536222	0.20747126	0.08271080	0.24613922	0.38799425	0.26391310	0.28637748	0.19394026	0.33370846	0.12103578	0.19809609	0.31067193	0.31806254	0.01872376	0.07364643	0.14510692	0.20563927	0.09331471	0.27813726	0.28928305	0.27296627	0.32065673	0.36538025	0.02127562	0.38744290	0.15184262	0.38027564	-0.05920750	0.03207356	0.03706342	0.06514742	-0.04672212	-0.13463980	0.02360294	-0.08994630	-0.00607106	0.05720181	-0.01089996	0.00269519	0.10993689	0.01353778	0.13973828	-0.07940424	0.14606804	0.06338384	0.12510263	-0.00854368	0.11099573	0.17325118	0.18658821	0.06920089	0.09856374	0.12214310	0.11421748	-0.07097312	-0.07253326	0.02308094	0.11126177	0.03023006	0.15431221	0.17174688	0.08478121	0.10393863	0.02790204	0.09750865	0.25209912	0.24238370	0.16003537	0.11308318	-0.02331578	-0.13272999	-0.11441155	0.08969443	-0.08776202	-0.24965309	0.17727821	0.05829378	-0.30453032	-0.03107729	0.27384886	0.35889297	0.72012968	0.31314772	0.36496116	0.40031885	0.07050216	-0.07769435	-0.05584800	0.14574919	-0.10448896	-0.15279965	0.01627144	-0.09933058	-0.08229481	-0.10162403	-0.15285409	-0.10673648	0.04570069	0.00508978	0.14744858	0.02587993	-0.13517596	0.12698213	0.10799934	-0.02028935	-0.03215446	-0.10122387	-0.03225418	0.15143592	0.09465844	0.33661656	0.02237262	-0.06096179	-0.17314415	0.08069716	0.08955168	0.10358442	0.19136884	0.07672269	-0.02616763	-0.01003883	0.03937842	0.05535406	0.02686810	0.15186156	0.16407298	-0.02647199	0.06914881	0.19106714	0.15212353	0.32736155	0.23936630	0.18401659	0.17112496	0.02931192	0.60176646	0.35021935	0.20757314	0.10455149	0.21224997	-0.08844319	-0.02758544	0.28949774	0.00016805	0.02270481	-0.07398247	-0.10081026	0.10881768	-0.08315980	0.09139994	0.00726599	-0.35171050	0.08693561	-0.12403376	0.01486109	-0.04191047	0.03161203	-0.03752952	0.02374468	-0.07335903	0.00865957	0.01898255	-0.04132762	-0.03495509	0.16670812	0.16491776	0.03107376	-0.01893094	0.18479111	0.04802750	0.28360237	-0.03225414	-0.05322119	0.03640060	0.15949516	0.35818269	0.10465101	0.29520535	0.26575447	0.20588373	0.30618204	0.13228633	0.10905511	0.09987918	0.07253311	0.04514290	0.01524456	0.12970781	0.11259194	-0.00399778	0.19060960	0.35778226	0.35044171	0.42615981	0.22040559	0.36934153	0.36998511	0.23144054	0.29234767	0.20411638	0.27370478	0.41617444	0.31569659	0.32748970	0.26521917	0.33483672	0.20636097	0.03210678	0.40452331	0.15419404	0.15769933	0.05264817	0.28171007	0.31214027	0.24339042	0.05279023	0.24404070	0.05214714	0.11146095	0.18897559	0.40476097	0.03030400	0.19949473	0.26284205	0.44628605	0.41710795	-0.01146621	0.01074286	0.20007963	0.23666640	-0.00256908	0.09487126	0.05926831	0.05499442	-0.05524929	0.14587081	0.06810886	0.12762128	0.26964872	0.07040812	0.14575736	0.30432731	0.23910141	0.19226215	0.24531597	0.25264231	0.02096687	0.15788793	0.21635482	0.20476786	0.14259733	0.11506765	0.11966668	0.26811528	0.08643102	0.25063231	0.10063088	-0.13514095	0.16732700	0.16223243	0.11042885	0.19652848	-0.02201304	0.27778768	0.29652658	0.11712055	0.14012789	0.05845912	0.05819871	0.20838398	-0.12508248	0.15474779	-0.15170110	-0.07368112	-0.00213579	-0.00677773	-0.19094166	0.00121680	0.22665853	0.18997456	0.11947502	-0.05634062	0.05469748	-0.18643642	0.27240415	0.05327147	0.21721084	1.07428941	-0.10653201	0.49250824	0.07307648	0.07424252	0.05157303	0.09904086	0.14056011	0.15097608	-0.07413171	0.02481739	0.09959786	-0.00100159	0.11114661	0.15158889	0.21176463	0.34361109	-0.01227105	0.06702868	0.06177534	-0.00325439	0.04815095	-0.05809937	0.10362064	0.20244402	-0.02177149	-0.34571556	-0.20170290	-0.13693491	0.20851516	0.15376419	0.04036252	-0.03256733	-0.01001373	0.05061936	-0.14216854	-0.04373339	0.15188906	0.55402566	0.06306054	0.09639511	0.08097016	0.09666521	0.00878886	-0.01324355	0.09289190	0.21020771	0.13879699	0.15718335	0.31893149	0.21738369	0.24952802	0.02246853	0.21001480	0.17228172	0.19135850	0.10641275	0.15849840	0.10315931	0.18424212	0.03011548	0.00299170	-0.15599028	-0.13901767	-0.18521628	0.11071461	0.07014469	-0.07601904	0.01725756	-0.02482839	0.18824045	-0.06883985	0.30804619	0.01939222	0.19936557	0.21548019	0.12170342	0.16175888	0.17290473	0.07513061	0.00539740	0.30928173	0.16661248	0.14814034	0.03807106	0.04973725	-0.04040586	0.11599991	0.24203206	-0.03772415	-0.18065435	0.10187503	0.01763780	0.03183393	0.24248173	0.02466829	0.14482761	0.25796085	0.23300501	0.04300760	-0.02529955	0.10854193	0.11183982	0.10514865	0.17056101	-0.04147669	-0.03455768	0.23098899	0.10724298	0.11581033	0.34239515	0.11479300	0.15351385	0.15820605	0.25495768	0.23714685	0.07325239	0.09722682	0.31962928	0.05585765	-0.08568101	0.13583119	0.14596706	0.12303093	0.09264061	-0.10148833	0.14190465	-0.27085980	-0.02594623	0.16106787	0.30341660	0.28726441	0.15918457	-0.01898120	0.21364599	0.00497332	0.05531412	0.15728466	0.14653588	0.45227793	0.17174281	0.30140594	0.17961715	0.24535611	0.31608047
17Networks_RH_LimbicA_TempPole_3	-0.02215166	0.12695452	0.09366283	0.27766739	0.32101035	0.21297736	0.29955150	0.17531613	0.11238905	0.14181309	-0.01924022	-0.12970179	0.31650482	0.15035222	0.05477516	0.06633866	0.24409222	0.09354524	0.15072787	0.17354445	-0.03863801	0.03588905	-0.14455940	-0.02464978	0.08038015	0.09384421	0.18936582	0.27007124	0.05161327	0.13832687	-0.10055989	-0.02226435	0.20503084	0.03356468	-0.01854875	0.00184278	-0.06302052	-0.18328573	-0.27476122	0.04810996	0.01543498	-0.07043531	-0.01908516	0.06424264	0.03617874	0.08533136	0.19442106	0.10826163	-0.06595506	0.08297877	0.18256180	0.21420283	-0.10474445	-0.14108891	0.11784006	0.23258273	0.07912981	0.15349161	0.09672036	0.00099544	0.22153086	-0.00190915	0.17484220	-0.06321988	-0.00005007	-0.05352571	-0.00351067	-0.02286282	-0.11671624	-0.15564278	0.00445393	0.04983968	0.16837533	0.23445690	-0.03424679	0.15204272	0.05357000	-0.07989882	-0.05527767	-0.00378706	-0.00771949	-0.06193289	-0.08366562	-0.05761642	0.07221018	0.03516718	0.13388463	0.04071987	0.24788863	0.24375820	0.16035178	0.25717357	0.08110305	0.05231256	0.10159615	-0.00664538	-0.09882082	-0.03336340	0.03827593	0.01864429	0.06565882	-0.09381128	-0.10934004	0.31550402	0.09838545	-0.00476688	0.21541559	-0.11796542	0.20094639	0.42061272	0.21093160	0.21335853	-0.18260265	-0.18749536	0.18430343	0.20309270	-0.03886157	0.37981507	0.37442190	0.22768921	0.02447039	-0.03375431	-0.06911079	0.05679204	-0.04465392	-0.09566489	-0.02086751	0.03790431	0.04225412	-0.03913084	-0.00873859	-0.10350680	0.01009749	0.09057409	-0.09933981	-0.00315106	-0.00664414	-0.15631557	0.00272868	-0.03947234	0.01469899	-0.09617506	-0.00739400	0.11961718	0.09682819	0.07761861	0.05267868	0.04423367	-0.03127469	-0.02144064	-0.01931867	-0.10153603	-0.01497704	0.08766839	0.12178112	-0.03440666	-0.10226714	-0.13057336	0.02561900	0.01172407	-0.01052064	0.12702680	0.00970683	0.08114881	-0.09993492	0.08002756	0.33178492	-0.24068907	0.02073114	0.06263411	-0.05680629	0.17758599	0.02079549	0.13754871	-0.04480179	-0.01102278	-0.09084922	0.09698821	-0.03545535	0.07079834	0.00012111	-0.05036220	0.20645714	0.34626151	0.23274129	0.25011766	0.01706376	-0.01289675	0.16532693	0.21421801	0.26026380	0.13925850	0.26094136	0.25617908	0.22333618	0.19375776	0.07162474	-0.13840499	-0.14445170	0.09646657	-0.07093772	-0.09170554	-0.07231211	0.04174253	0.12789795	-0.08125144	0.03881449	0.08789878	-0.04129357	0.14821979	-0.02219134	0.00297461	0.16588181	0.15262945	-0.02839980	0.08748843	0.05167476	0.09072914	0.10726134	0.06214244	0.06280321	0.10704764	0.11059072	0.13220950	0.22408099	0.20987748	0.06096870	0.15447498	0.12523806	0.02808995	0.01652638	-0.11045858	0.05727819	-0.13167579	-0.05149255	-0.11155778	-0.04826057	0.00134782	-0.03855437	0.10975201	-0.07876822	0.08895449	-0.24563105	0.19734569	0.08746379	0.05061136	0.15048155	0.05796613	-0.00798497	0.07685231	0.04905729	0.11807607	0.20539074	0.04332886	0.07537611	0.22649693	0.11701225	0.12893237	0.05971261	-0.12090489	-0.05090393	-0.12130298	-0.08430220	-0.17345493	-0.08860737	-0.14739605	0.15621200	0.06209638	0.16224043	-0.09369166	0.02432548	0.06523145	-0.11358866	0.16555557	-0.02165615	-0.05536740	0.10805223	0.03996711	0.05219826	0.09968185	-0.08232620	-0.03384667	-0.12016042	0.01783693	0.09899586	-0.00287470	0.12744194	0.02555348	0.26113138	0.12464148	0.17246803	0.18721606	0.19921485	0.15379351	0.17543963	0.09093512	0.06236901	0.03045572	0.15674509	0.05016887	0.08074410	0.08028301	0.11497766	-0.04485025	0.19383282	-0.00183171	-0.00674466	0.08209543	0.10222206	0.14891094	0.18109450	0.08501409	0.31885692	0.37551666	0.40763944	0.31855139	0.30188386	-0.11110269	0.31742911	-0.10653201	1.13948343	0.38943561	0.47300586	0.25188950	-0.00870622	0.00639297	-0.04966587	-0.19925959	0.21485987	0.20249313	0.18950623	0.25708017	0.02805265	0.02417007	0.02160009	0.02747994	0.13957837	0.01214924	0.03069239	-0.08306262	-0.02609921	0.08439140	0.28242321	0.07683127	0.04637349	0.34559591	0.27193780	0.25552776	0.11399321	0.14042019	0.21293379	0.13184760	0.08007554	0.09879432	0.14855034	0.05423787	0.07586811	0.08774388	0.10478372	-0.03708142	0.15530604	0.27694832	0.17587001	0.19100472	0.14722128	-0.04784341	0.08026433	0.13172181	0.05412392	0.14645094	0.07225863	0.09186479	0.18805620	0.09396683	-0.11270817	0.62642396	0.20421240	0.03317259	0.04711183	0.05973533	0.15562006	0.37358796	0.32357412	0.27661468	0.04301989	0.00554433	0.19072506	0.29955643	-0.05570407	0.26228889	0.41227238	0.24488020	0.19874023	0.13169099	0.05286478	-0.02350513	0.11273393	0.07768155	0.06437375	0.06157856	0.23713914	0.20559351	0.28087204	0.16842266	-0.07506399	0.12836324	-0.08091653	0.09768815	0.20472464	0.20972285	0.09299601	0.07571493	0.10479649	0.10086677	0.03159206	-0.03782961	0.40708513	0.06535908	0.39618960	0.22004077	0.04487181	0.11146133	0.00032434	0.02932575	0.28501341	0.02750989	-0.11490120	0.05585339	0.08205928	0.06784051	-0.08555004	-0.03602323	0.25189845	-0.00202713	0.18076182	0.01071353	0.09346574	0.08719446	0.07488259	0.13014535	0.19591913	0.01446727	0.18242771	0.24591030	0.32421333	0.26724273	0.05199567	0.05625562	0.08454682	0.26335054	0.35240061	0.15639002	-0.02181202	0.37892008	0.03704044	-0.03736403	-0.00072374	0.19843635	-0.03253527	-0.04617407	0.07060141	0.14594635	0.12746154	0.05660500
17Networks_RH_LimbicA_TempPole_4	0.16297724	0.18646206	0.21817996	0.23523881	0.10741655	0.16826811	0.21334269	0.13593687	0.11233351	0.05592852	0.09150299	-0.06288977	0.18193302	0.17664696	0.17152103	0.25546908	0.05479285	0.13144556	0.14591046	0.17500481	0.03255348	0.09444515	-0.00245304	0.04987077	0.18220739	0.24204891	0.10934742	0.04301387	0.15413720	0.01992641	0.11908023	0.17277651	0.17140646	0.07763398	-0.03286978	0.04501676	0.11639115	0.13908723	0.08859214	0.09538468	0.17106963	-0.04862474	0.06899772	0.22362264	0.24955351	0.05750128	0.14567370	0.17039649	0.12118059	0.07953130	0.22772685	0.24543639	0.08447351	0.08814233	0.29361052	0.12802436	0.30377653	0.15907947	0.28824596	-0.05325630	0.16181254	0.11088756	0.16848454	0.01229170	-0.08937701	0.01453795	-0.02904510	0.01838342	-0.11555460	-0.14760221	-0.07842834	0.01526561	0.08860582	0.15774309	-0.05954913	0.11882192	-0.04610843	-0.06209877	-0.09717919	-0.04758676	0.25650789	0.17143552	0.03668696	-0.00566901	0.06621169	0.10006864	0.01284945	-0.13932278	0.12739674	0.19887577	0.07898232	0.17970563	0.12540346	0.07545249	0.15355844	-0.03389522	-0.09256748	0.15817040	0.16286372	0.15518305	0.07714688	-0.05124587	-0.11864624	0.13617633	0.13450272	-0.07424301	0.02058528	0.13534923	0.21653200	0.13334851	0.22330631	0.42320027	0.19770226	0.39566819	0.41800853	0.54334402	0.28081858	0.39670386	0.26007893	0.10518300	0.16190219	0.01672718	-0.15517347	0.13888020	-0.10170667	-0.13616619	-0.06429416	-0.04331311	-0.07030598	-0.02104011	0.09948873	0.15812632	0.01626942	0.10302898	0.11752462	0.11468579	0.01948787	-0.10496157	0.01313913	0.04663732	0.17372027	0.06851163	0.26505160	0.05734177	-0.02854625	-0.07917645	0.06515271	0.08825546	0.17212883	0.24212108	0.05862381	0.02539964	0.11346688	0.19780023	0.22739365	0.10936146	0.09722558	0.13032978	0.08313821	0.13145387	0.19529515	0.18929101	0.25769938	0.20854978	0.19039771	0.22007223	0.27178893	0.33945258	0.39810132	0.20469195	0.15667134	0.29813275	0.05963932	0.12000042	0.24048755	0.10975628	0.01589414	0.04220434	-0.02230661	0.16193320	-0.05169070	0.10848310	0.22019770	-0.00716793	0.28304770	0.14406876	0.08519939	0.06617636	0.14554240	0.19743695	0.19213809	0.01424307	0.14015259	0.19816269	0.09565117	0.02168432	0.21219662	0.01547639	-0.00364123	0.05046053	0.12475028	0.00416462	0.18806212	0.03091571	0.09725046	-0.05634460	0.20532444	0.25397143	0.06409545	0.21315486	0.15651069	0.12667602	0.25024132	0.21380427	0.14121611	0.13976511	0.10912122	0.14702295	0.11532267	0.14730951	0.12229709	0.08425690	0.16934724	0.22590283	0.27845073	0.32547231	0.14132062	0.22680081	0.22747776	0.10146827	0.14662942	-0.00442365	0.07781670	0.12835683	0.06267133	0.09258540	0.07053077	0.17063797	0.06539439	-0.02384968	0.28729602	0.12402180	-0.02466942	0.07543672	0.15884998	0.22133340	0.27143833	0.05308981	0.07276802	0.04674487	0.09862423	0.18029858	0.30763810	0.00913786	0.09549221	0.24473279	0.35195581	0.30012135	-0.02347289	-0.01666212	0.14960496	0.06848396	-0.00723363	0.01828516	-0.00674005	-0.01706104	-0.01724065	0.08869878	0.04180599	-0.02483026	0.11547534	0.04508294	0.07723528	0.21950549	0.06097225	0.04580515	0.16042770	0.10181938	-0.01482168	0.08030361	0.07485264	0.10564797	-0.07626165	0.09521224	0.05640967	0.15473518	0.01328007	0.17201591	0.16934607	-0.13377678	0.15699906	0.14739701	0.14751485	0.13651960	0.01204194	0.17795101	0.17448250	0.13051991	0.12460999	-0.04044544	0.04061156	0.16757991	-0.04629710	0.00025776	-0.01756040	-0.06891388	0.04171385	0.02578556	-0.12585933	-0.03789404	0.30233467	0.07991953	0.29481902	0.21276342	0.37729488	0.10565179	0.46481751	0.06684241	0.42298738	0.49250824	0.38943561	0.98570340	0.40735190	0.28088709	0.04506201	0.05572780	0.02481971	-0.01101058	0.01467091	0.20368201	0.16328681	0.09347057	0.02244925	0.11922454	0.13810656	0.36886296	0.14884457	0.00868820	0.04136831	-0.12076736	-0.02520332	-0.04949474	0.19614386	0.23021450	0.05301651	0.02830439	0.02111387	0.02847666	0.25302770	0.17724548	0.15290638	-0.01114821	0.11239654	0.12730426	-0.08304897	-0.00125690	0.12547011	0.51453249	0.19244676	0.14931027	0.13095236	0.27772222	0.12033846	0.17070231	0.17276766	0.09957730	0.22523701	0.23074781	0.31104290	0.27285262	0.24810852	0.09953522	0.19323861	0.18901434	0.14307739	0.51632213	0.27096865	0.13347887	0.19557134	0.10930670	0.12796571	0.17480007	0.15137171	-0.00448187	0.23101362	0.11799805	0.09075262	0.22805056	-0.03564442	0.33937269	0.20416077	0.40872465	0.18820743	0.18052355	0.17239268	0.03285847	0.11359707	0.11189062	0.10483645	-0.05246114	0.49959428	0.24428288	0.40714939	0.24627640	0.06079587	0.10314083	0.04342024	0.36910355	0.13585050	0.01216556	0.13432657	0.10907081	0.02539081	0.18630376	0.10314004	0.14437209	0.58644527	0.23974991	0.41114564	0.20785584	0.14608774	0.13214333	0.10464945	0.22794171	0.11963194	-0.02095087	0.12174981	0.12710689	0.08872579	0.28788625	0.02087437	0.08562110	0.21507561	0.12172387	0.25309784	0.10653690	0.04364680	0.25874579	0.06363037	-0.08136740	0.22254036	0.10703091	0.21065699	0.21554090	0.17409273	0.22407083	-0.15732745	-0.05607128	0.13817494	0.34217514	0.36922850	0.21821866	0.00948030	0.33053556	0.02541366	0.01254642	0.10220416	0.26766669	0.36177856	0.16898344	0.29200244	0.25104711	0.36218524	0.26158795
17Networks_RH_LimbicA_TempPole_5	0.13489749	0.17440323	0.09738490	0.18441778	0.23444237	0.18296448	0.27722198	0.19667329	0.16670710	0.11342311	0.10967431	0.03246352	0.25282491	0.08076614	0.07379431	0.16244829	0.16926999	0.15672261	0.13050880	0.19600977	0.02911324	0.11719885	0.06352016	-0.02931463	0.09783480	0.18553414	0.18730101	0.19942617	0.14331787	0.11913649	0.02070465	0.05880089	0.22277055	0.12570868	0.00120209	0.11921738	0.02666810	0.04651374	-0.02163874	0.14210195	0.07369565	-0.03886541	0.04464343	0.06423693	0.01910685	0.03928626	0.22046512	0.11000588	-0.03426381	-0.00142507	0.12771662	0.25865668	0.02955499	-0.01232960	0.18028397	0.13939029	0.15523311	0.14016155	0.14163558	0.05227405	0.24251261	0.01357180	0.20229773	-0.02811464	0.05154855	0.07042781	-0.01723321	0.09763577	0.03114261	-0.00179301	0.07808279	0.11896122	0.09251437	0.22355799	-0.04441063	0.05386458	0.14665625	0.02568748	0.03435487	-0.00002508	0.10933741	0.03082943	-0.02040591	-0.04746780	0.02987123	0.01573129	0.05223697	-0.03806776	0.16131051	0.19245202	0.15193304	0.25367600	0.09881739	0.11932495	0.06638458	0.01283504	-0.07015469	-0.00472153	0.02753403	0.11121500	0.12585135	0.02702408	-0.07785292	0.16812929	0.13963502	0.00799513	-0.01344332	-0.09193464	0.04593792	0.21528298	0.03048608	0.20259161	-0.12205785	0.08514489	0.33348676	0.36143773	0.04600631	0.32417018	0.44446629	0.21025577	0.11782061	0.04283726	-0.00752275	0.11759692	0.04165149	0.04255580	0.02469416	0.03882001	0.06607561	0.00548009	-0.01126970	-0.08537340	0.06924478	0.08106999	-0.02362486	-0.05417145	0.06329512	-0.02528754	-0.03565571	-0.03198160	-0.04605314	-0.04154046	0.02847364	0.02564297	0.08397334	-0.00912177	0.07424026	0.09899645	-0.01421208	-0.04364089	-0.10254359	-0.05294988	-0.04218977	0.05581106	0.00740148	0.01118356	-0.04262178	-0.02422570	-0.03166686	-0.00795305	-0.05512561	-0.06674634	0.04868915	0.04112474	-0.09401748	0.08668859	0.20024905	-0.07937215	0.08704821	0.06238279	0.03424859	0.26928806	0.02812232	0.09054550	0.05149440	0.07467486	-0.01665287	0.09380369	0.01847379	0.09280405	-0.00205406	0.02871639	0.17579972	0.07605197	0.14281225	0.17816277	0.05654139	-0.03961987	0.07965133	0.04761415	0.07491517	0.08428837	0.24000157	0.25905782	0.18277171	0.18178145	0.03938186	-0.00235112	-0.04876573	0.08679486	0.06210941	-0.07088745	-0.03898411	0.06207897	0.05853041	-0.11251334	0.08984133	0.08546953	0.07953146	0.06147917	0.07002469	0.00335696	0.13018962	0.25022236	0.07336629	0.07534044	0.09968894	0.03818081	0.05389119	0.07750597	0.09104325	0.03553487	0.08108718	0.15007632	0.23269394	0.22217241	0.04890997	0.12335883	0.13320251	0.10892905	0.09290975	0.06848120	0.04794352	0.01899057	0.06591699	0.08223338	0.01261545	0.07041216	0.03984183	0.03568313	0.09880849	0.13296450	-0.05684525	0.07243832	0.04925135	0.09134242	0.14487733	-0.02540007	-0.08512436	0.09256841	-0.05225921	0.10378376	0.18004428	0.03872070	0.04083907	0.13941707	0.15229330	0.14139694	0.12988744	0.02774377	0.06289627	-0.01189974	-0.06165803	-0.04404879	0.08877138	0.08136345	0.12580744	0.13339213	0.15337432	0.11763809	0.03207933	0.07982327	0.03722238	0.16345027	0.01690282	0.08173649	0.09316877	0.13034203	0.05642353	0.05331432	0.02099875	0.07644517	-0.00159389	0.06930703	0.05132725	0.06396933	0.09648295	0.11771693	0.19425788	-0.02903303	0.18543120	0.11348493	0.10450043	0.06205181	0.06079211	0.06703328	0.14757520	0.13728262	0.07774643	-0.00022408	0.10297097	0.11614802	0.01435975	0.03895451	0.07745766	0.00543696	0.04612443	-0.01595427	-0.03463789	0.13433756	0.12901109	0.03264987	0.10732220	0.23248869	0.19426408	0.09693602	0.28921318	-0.15252639	0.39702756	0.07307648	0.47300586	0.40735190	0.99792814	0.23562570	0.06044727	0.08089205	0.08513888	0.12955790	-0.02612282	0.09427934	0.12667439	0.08693494	0.05129393	0.04046521	0.07486245	0.05818259	0.12573438	0.07049345	-0.01231233	-0.00273288	0.02981170	-0.02173168	0.08899432	0.07636887	0.08217705	0.07900277	-0.07001992	0.08344983	0.05274747	0.08602279	0.13390211	0.06086731	-0.02828137	0.05860085	0.10875122	0.07924561	0.09121160	0.08444715	0.08380086	-0.03937837	-0.01923665	0.10694939	0.09114148	0.05326121	0.12319575	0.00316807	0.00397774	-0.04446848	0.01080783	0.10066243	0.04428094	0.03358021	0.11827770	0.07303154	0.02413318	0.49325686	0.22514343	0.11522780	0.04971459	0.07656569	0.13912289	0.25041549	0.20119117	0.12448470	0.03187043	0.00703376	0.10531131	0.12676467	0.03401846	0.29530443	0.28310393	0.16729731	0.08641668	0.10443180	0.02576541	0.02613271	0.09191806	0.08973584	0.10018679	0.05727374	0.38639466	0.23916085	0.45879867	0.42594493	0.10685830	0.24616087	0.02524316	0.21960575	0.15768036	0.07010636	0.00285787	0.11448447	0.17974190	0.15132954	0.08804573	0.08412544	0.51094700	0.27273454	0.47224896	0.33106228	0.18579338	0.10828391	0.11059893	0.17354180	0.06806666	-0.00803430	0.05629148	-0.05895469	0.13251864	0.14285291	-0.00231723	0.09283992	0.17168769	0.07601061	0.17889265	0.18244670	0.01322462	0.19106426	0.14024092	-0.03090166	0.06809045	0.06701059	0.11895602	0.09082692	0.13721951	0.17125562	-0.07603368	0.06206547	0.10076854	0.29362891	0.22984934	0.21491141	0.11712305	0.30176450	0.20698938	-0.03365638	0.04535248	0.15973899	0.08444516	0.09974650	0.11821922	0.05333226	0.10176941	0.01780017
17Networks_RH_LimbicA_TempPole_6	0.31604621	0.28339992	0.24484674	0.17687877	0.19621888	0.14572960	0.19246969	-0.07143187	-0.06288407	0.04422549	-0.04426558	-0.04691720	0.13601978	0.19243404	0.11106991	0.13540803	0.06980327	-0.05014605	0.08877705	0.10613352	0.05180382	0.09772585	-0.07908791	0.04380646	0.03380515	0.07617518	0.05544099	-0.01569749	0.09647962	-0.02240054	-0.13253954	-0.02460361	0.15219483	0.02971421	0.03654711	-0.01392786	-0.03561980	0.13524777	0.04995178	0.15737787	-0.03720602	0.00002777	0.03149332	0.13574477	0.12070420	0.12371584	0.11930251	0.05399632	-0.01686472	0.14698465	0.13070046	0.11000976	0.03110944	0.08719269	0.02271831	0.02161131	0.01288379	0.09811034	0.07178942	0.25442384	0.24583710	0.22809260	0.20862862	0.14586564	-0.01830707	0.05651556	0.06711983	-0.03335345	-0.12015577	-0.05364936	0.02549239	-0.04530019	0.05776327	0.07649586	-0.03472844	0.05339312	-0.14042286	-0.16660005	0.07183645	-0.04549721	0.21495593	0.09432035	0.06615263	-0.03847835	0.03546129	0.11279283	0.09187496	-0.10417630	0.11038587	0.01654874	-0.03379157	0.00629730	0.09174073	0.09322999	0.06897358	-0.11332689	0.04237696	0.15141278	0.13789117	-0.01312445	-0.09351885	0.13380759	0.07789726	0.04292868	0.07208089	-0.03376027	0.09324213	0.11695065	0.29645652	0.15524714	0.03352982	0.22799695	0.17117191	-0.06455691	0.08516616	0.22588861	0.09113143	0.32312931	0.29149148	0.05296892	0.13228189	0.06605741	-0.04075275	0.17963050	-0.08824571	-0.09405992	0.17619763	0.06595970	-0.05070115	0.07004216	0.10917444	0.12352228	0.10662925	0.19372975	0.08902375	0.11479366	-0.00662751	-0.02661392	0.21030623	0.04019790	0.18923790	0.13924539	0.17656006	0.05836395	0.05730269	0.05387297	0.11006736	0.01308607	0.17160884	0.21642652	0.17358513	0.19997047	0.20146336	0.23453087	0.16847630	0.09096062	0.05320596	0.16507618	0.16665621	0.18697741	0.24549482	0.05229668	0.20294868	0.20492118	0.23995934	0.22819395	0.20506188	0.07525143	0.21550895	0.16989703	0.04753083	0.08500112	0.15554004	0.14473670	0.27033905	0.26408862	0.29480698	0.30563331	0.21092498	0.28597946	0.22824623	0.09915390	0.20865513	0.18308745	0.23668788	0.20964645	0.10295097	0.15105091	0.17471148	0.20676939	0.17587938	0.17868193	0.20864568	0.13068558	0.03849154	-0.04103067	0.08318224	-0.09058562	0.01708670	0.00336536	0.19463923	-0.04837414	0.21998292	0.08189303	0.11886283	0.10017711	0.23870172	-0.00418100	-0.10688352	0.01495125	0.05479226	-0.00321883	0.14561075	0.15149910	0.26753824	0.13169814	0.04834031	-0.01642395	0.08438095	0.12356329	0.10252046	0.05636012	0.08965204	0.08155018	0.13530284	0.05222858	-0.03775261	0.05267152	0.02257392	0.00379275	0.07891635	0.02207615	-0.06126660	-0.06744026	-0.05415979	0.04026315	-0.05003617	-0.00545262	0.02520521	-0.09113280	0.22597462	0.10517850	-0.05104209	0.08204698	0.12715267	-0.02807012	0.05462800	-0.01880704	0.00264443	-0.07486394	0.07011600	0.04949568	0.08434903	-0.06646726	0.00567913	0.02915826	0.02533793	0.00209940	0.08040133	0.17958403	0.13564682	-0.05070837	0.00494726	0.03021454	0.01922491	0.02648035	0.07861307	0.03545596	0.05485725	-0.08123351	0.04783013	0.11353384	0.13706791	-0.00440364	-0.04344939	0.01457899	-0.01712911	-0.07350013	0.15534428	0.07071497	-0.01433278	0.12509654	-0.07005737	0.06941908	0.00619639	-0.06212593	-0.16928837	0.09607530	0.01788503	0.00773946	0.02824565	0.05070331	-0.10385405	0.00144182	0.09310948	0.10043503	-0.04558220	-0.02244475	0.07054456	-0.01219791	-0.00365890	0.13559336	0.15832798	-0.08410370	0.07049660	0.07584400	0.12939412	0.12688539	-0.02619924	-0.04050612	0.19561347	0.12961910	0.20465371	0.21208205	0.07088822	-0.07173192	0.23190720	0.22837664	0.22291971	0.07424252	0.25188950	0.28088709	0.23562570	0.95347278	0.10212662	-0.03400610	0.05163445	-0.08077323	0.08904057	0.13914651	0.14250098	0.05854110	-0.00702665	0.03693714	0.09306030	0.25640676	0.20618002	0.01972443	0.02261915	-0.12553388	-0.00492901	0.15709684	0.19043821	0.18404923	0.19181689	0.18731814	-0.00681914	0.13390761	0.15598150	0.20596263	0.07695414	0.03401710	0.18963759	0.17106693	0.11486763	0.00136495	0.03872004	0.16550155	0.21247220	0.13786073	0.16738958	0.29515198	0.16906360	0.15009933	0.06175179	0.18940577	0.13176978	0.15847999	0.27088685	0.21916490	0.18241959	0.13610045	0.18335918	0.06837091	0.05510941	0.26123773	0.24244310	0.22132005	0.28127670	0.30507857	0.28769132	0.28697711	0.29275470	0.13551546	0.26352240	0.12646943	0.14192091	0.19706982	0.02353484	0.19851922	0.06634972	0.11345812	0.11369258	0.10148509	-0.05318927	-0.06811376	0.06788291	0.02778164	0.14156527	-0.08661049	0.21201707	0.13738762	0.17136022	0.15500524	0.11537808	0.16225937	-0.23437021	0.23116482	0.09747772	-0.04991746	0.12982783	-0.07243842	0.00392000	0.03744179	-0.10221981	-0.04878455	0.21043536	0.10530545	0.24000329	0.04517356	0.14400394	0.02434461	-0.04636675	0.12689473	0.04638897	-0.00342411	0.00470206	0.05381138	-0.02665705	0.01410597	-0.12280369	-0.13715876	0.17066897	0.06884016	0.16737432	0.11663312	0.12293500	0.08063729	0.22411176	0.02308448	0.15013498	0.13632739	0.17229201	0.16962172	0.20996243	0.22809908	0.23803103	0.27012565	0.14342369	0.23651737	0.17368645	0.25101225	0.30612134	0.22514215	0.13232796	0.16134667	0.01252060	0.22403449	0.23450139	0.25221882	0.31737572	0.38796879	0.40332624	0.18040926
17Networks_RH_ContA_IPS_1	0.09837481	0.18411194	0.02993863	0.16354119	0.10979698	0.12113830	0.22269125	0.15712429	0.25852883	0.04414825	0.19584238	0.22684445	-0.08780568	-0.06929122	0.19372533	-0.06283962	-0.00492362	0.08428556	0.14581426	0.10922673	0.08904863	0.13726174	0.23437967	0.02466043	0.08983386	0.18183770	0.20783866	0.24656782	0.32335520	0.01397992	0.10645294	0.07687309	0.30117341	0.24851147	0.26014345	0.15736482	0.16784236	0.13905900	0.29087121	0.17859691	0.23127303	0.08964293	0.19551013	-0.10326406	-0.05863876	0.11390979	-0.02808848	-0.09201614	0.07345269	0.00695083	-0.01821111	-0.01311769	-0.00227712	-0.03276533	0.12808457	0.05935050	0.09436913	0.19360714	0.08849507	0.08801460	0.02750353	0.13573267	0.18956169	0.04498906	0.07898101	0.03888219	0.49396274	0.22586297	0.24594650	0.40240857	0.33958376	0.26343488	0.00642547	0.12176333	0.19867216	0.19366321	0.15198627	0.20174259	0.10540610	0.15899884	0.04869214	0.18882190	0.30979282	0.11766995	0.11364486	-0.09945084	-0.13517604	-0.13511320	-0.07468044	-0.19539878	-0.03585507	-0.03785971	-0.09168599	-0.01713411	0.07485351	-0.10536941	0.20121146	-0.00581235	0.03963139	0.00233300	0.01157981	0.06408493	0.08346901	0.07608772	-0.07530526	-0.05996892	-0.04057993	0.01409793	0.04092208	-0.18119999	-0.15704188	0.01171564	0.06068700	0.01258497	-0.00367939	-0.00575641	0.08176731	0.04838095	-0.05707795	-0.11313871	0.22622684	0.31709669	-0.00252837	0.32055322	0.24704460	0.28803413	0.12609490	0.04322484	0.16723469	0.11278341	0.12935754	0.09207413	0.02117287	0.10952766	0.12537532	0.07198991	0.07329123	0.29366510	0.21661654	0.01484363	0.00321016	0.00811874	-0.04501346	0.16780124	0.24471744	0.26394288	0.14238112	0.12102058	0.07661735	0.16665076	0.06456629	0.14866716	0.17418487	0.10156553	0.03218920	0.19884844	0.08701850	-0.03041366	0.17922578	0.15488823	0.02296153	-0.03007308	-0.03657555	-0.10119779	0.02793555	-0.10272226	-0.12286663	-0.03171674	0.02378796	0.01717727	0.17381677	-0.07515089	0.04267062	-0.01825957	-0.02608158	0.16960496	0.08317859	0.04229360	0.08917619	0.05141886	0.12264046	0.14130188	-0.10949690	-0.09035136	-0.04852357	-0.08605238	0.01110345	0.11129417	-0.02763573	-0.02304920	-0.01666008	-0.00540075	-0.01850251	-0.04062283	-0.12747037	-0.16848801	0.07006668	-0.02687069	0.09835957	-0.07527608	0.13012655	0.05972604	0.27130231	0.01551401	0.08554077	0.21130815	0.13854658	0.27013891	0.25661880	0.05831528	0.17459587	0.18977292	0.04963546	-0.04130494	0.03139611	-0.02191485	-0.11520564	0.07674281	0.06897657	0.09484758	0.12106292	0.11411968	0.12776588	0.14638514	0.23440161	0.22192464	0.08211249	0.14470453	0.24415326	0.14301516	0.17697398	0.24996920	0.16449471	0.18871995	0.24343564	0.17126075	0.15297470	0.11825922	0.14313187	0.02365745	0.19986099	0.11121887	0.17636108	-0.05636428	-0.06503494	-0.10991481	0.01969688	-0.13557044	-0.04134753	-0.06062049	-0.16086969	-0.04463348	0.03775408	-0.12303505	-0.12177129	0.04075813	0.08459772	0.07526586	0.06953281	0.20214654	0.21163424	0.14478362	0.21602570	0.27545253	0.41264679	0.49419880	0.18137331	0.54509949	0.29556568	0.24631860	0.14965576	0.16219234	0.32418964	0.04266277	0.07378635	0.38195132	0.10097502	0.19323355	0.18813886	0.05247134	0.04394683	0.33373183	0.19951971	0.02296313	-0.16532813	-0.06519345	-0.12712676	0.08262878	-0.06672603	0.01028315	-0.13896667	-0.02496691	-0.11466476	0.01671868	0.10038088	0.03617523	0.10995284	0.06945770	0.07159735	0.09719416	-0.04435691	0.11698372	0.07401777	-0.04090146	0.07740828	0.24573588	0.04816181	0.16251319	0.17096091	0.04121767	0.10350915	0.13064759	-0.05121363	-0.12521600	-0.06368800	-0.05190541	-0.07404070	0.12469595	-0.00905178	0.05157303	-0.00870622	0.04506201	0.06044727	0.10212662	0.92261253	0.22862017	0.42151710	0.26185410	0.17962094	0.08716365	0.09895272	0.20530622	0.14635003	0.21542395	0.22116638	0.14199784	0.22091145	0.22521651	0.28172951	0.03350465	0.40369354	0.20906157	0.10600575	0.28625327	0.29984038	0.01397392	-0.04803496	0.03305478	0.05743095	-0.04314163	0.20768038	0.23641224	0.20829827	0.30604509	0.41610252	0.03301692	0.16992263	0.09419695	0.11359884	0.38579890	0.12796291	0.14016680	0.11034348	0.15189502	0.28922271	0.08256714	0.11139232	0.01336498	0.06325303	-0.04935948	-0.08523434	0.05401469	-0.05057030	0.10807025	0.08981696	-0.12142644	0.02460805	0.26839835	0.04210242	0.16872795	0.03512194	-0.04185158	-0.02290953	0.03722081	0.17701894	0.28038941	0.00731618	0.09001426	0.09852631	0.20581580	-0.16334240	0.07351781	-0.00282968	-0.02024767	-0.02808750	0.16548531	-0.02688934	-0.01136153	0.06856160	0.01658209	-0.03513042	-0.01755915	0.02355343	-0.06684788	0.05086967	0.05598637	0.03786247	0.11796768	-0.08013485	-0.06326042	-0.01804511	-0.24383945	0.11380761	0.07518727	-0.13658634	0.03047551	0.01832912	0.14896825	0.06154092	0.00098611	0.04423349	0.00555724	0.07182830	-0.05060869	-0.00200157	-0.01504474	-0.04097401	0.10801859	0.08139586	0.03100859	-0.16283641	-0.00767420	0.17857105	0.14900922	0.09478798	0.07907151	0.02999941	0.20097446	0.09298033	-0.07784297	0.06321678	0.10360829	0.11856799	0.15570198	0.07530342	0.06367113	0.02016122	0.06474704	0.17884059	0.19922567	0.14713597	0.13066049	0.24125547	0.20331414	0.07734509	0.09645365	0.07710386	0.27154095	0.17636671	0.20501375	0.12246661	0.14641171	0.08861953	0.16519761
17Networks_RH_ContA_IPS_2	0.17738609	0.14377417	0.14992229	0.26223009	0.04615856	0.19870364	0.28417094	0.27218192	0.30160053	0.09944975	0.17797220	0.10261312	0.05441347	0.05152388	0.16492896	0.10254033	-0.00656707	0.21405633	0.09860149	0.12809298	0.01333858	0.07751074	0.15815139	0.12297405	0.24556601	0.18444284	0.21268803	0.19655636	0.36210947	0.14764586	0.27489398	0.20329885	0.30911220	0.42413207	0.19959586	0.45255010	0.19986916	0.16507125	0.29914335	0.31081019	0.25340408	0.26424221	0.11684264	-0.00087485	-0.04857413	-0.05873030	0.13808337	-0.01737552	-0.08487503	-0.02295511	0.00227944	0.07781523	0.11542268	0.24966265	0.02305537	-0.09634999	-0.00340014	-0.03202575	0.11626590	0.13745003	0.10796572	0.17497017	0.29976117	0.05068780	0.14588748	0.11063900	0.16029104	0.11826294	0.25954269	0.35170631	0.29024443	0.25708412	0.11039752	0.28764614	0.32316382	0.31164801	0.34806575	0.26649758	0.11739605	0.21361827	0.01113078	0.24081774	0.36558414	0.23859291	0.27897986	0.04601258	0.04680388	0.22363737	0.08943523	-0.00832194	0.12128623	0.13200555	0.09747614	0.13013740	0.16018315	0.06811584	0.21157546	0.15231801	0.20181667	0.23218916	0.03342515	0.04577198	-0.07692795	-0.02904007	0.12695167	-0.06609552	-0.03009976	0.04035180	0.07797868	0.00365356	0.07330471	0.10437107	0.08993131	0.02377360	0.04176218	0.01235648	0.07605410	0.01052695	0.00860292	0.04277823	0.10277468	0.12961899	0.13937869	0.12294087	0.14406919	0.19681756	0.12933353	0.04371340	-0.01200033	0.14813962	0.11688135	0.03913182	0.06969042	0.09019011	0.03207882	0.01514407	0.04161386	0.12797121	0.10517594	0.10768839	-0.04647121	-0.15837840	0.07677574	0.12192824	0.21181004	0.08058712	-0.03624316	-0.01234509	0.01656098	0.03156367	0.01868047	-0.03065245	0.00532819	-0.06828940	-0.09855961	0.03940773	0.02419839	0.11271656	0.09272964	0.05556307	0.02588503	-0.05461860	-0.06421175	-0.08693130	-0.09955069	-0.08751570	-0.01310271	0.03550198	0.17083310	0.03382212	0.17533125	0.10561878	0.08083956	0.03698861	-0.01008031	-0.07518833	-0.05359017	-0.16534745	-0.08261900	0.01482151	-0.11905398	0.12940604	-0.03910151	-0.04576835	0.05614249	0.01521583	0.09215971	0.04924805	0.11966519	-0.00120743	0.02745316	-0.00315957	0.02391635	0.06507099	0.06001143	0.04486448	0.10442673	0.12436896	0.00819044	0.04461196	0.27765846	0.04721256	0.17876607	0.05086448	0.01395898	-0.02863598	0.22527086	0.32278144	0.30631520	0.27591746	0.15112822	0.02576626	0.13968323	0.16886722	0.14947638	0.06844888	-0.01550461	-0.00655603	0.06948185	0.00605049	0.09870380	0.03374186	0.09766917	0.20428667	0.19261029	0.27310160	0.22991832	0.19499106	0.32992484	0.32381977	0.23167604	0.46497730	0.34581155	0.24126208	0.49682213	0.27098944	0.22471223	0.20690536	0.17557677	0.28297045	0.18588797	0.11992110	0.28814904	0.06612311	0.07166613	0.10536365	0.02772407	-0.01976586	0.19345272	-0.09328296	-0.01536985	0.07166231	0.09291663	-0.00249648	0.15645403	0.07995808	0.05682198	0.09990378	0.29989589	0.21233755	0.18876036	0.45875826	0.12184176	0.19335098	0.31270741	0.19047949	0.18734674	0.23720428	0.28017750	0.38273077	0.21816832	0.26902341	0.26405477	0.21757431	0.42662561	0.58819515	0.38344060	0.51472100	0.19901563	0.25779215	0.24776556	0.42550643	0.46439966	0.14069098	0.07801456	0.13943885	0.28300466	0.19455863	0.02755922	0.00200716	0.19448594	0.10997525	0.00439930	0.19856394	0.16816938	0.20467572	0.13763823	0.14043217	0.09212896	0.23108969	0.07062718	0.31650704	-0.05439510	0.23867199	0.08647826	-0.00513454	-0.05367306	-0.02075520	-0.05360453	0.11107666	-0.05419821	0.06720394	0.05253673	-0.04857933	0.14935419	-0.00688107	0.03653095	0.05635254	0.03357354	0.09904086	0.00639297	0.05572780	0.08089205	-0.03400610	0.22862017	0.91081514	0.26539742	0.36994567	0.05339199	0.11362556	0.08052310	0.12629606	0.24007829	0.15004672	0.08499424	0.08176443	0.12972320	0.12561289	0.13383814	0.35527499	0.18364196	-0.06246531	-0.06409366	0.24247178	-0.08294101	-0.00045726	-0.00480168	0.01772799	0.03201602	0.02446536	0.13144794	0.20617808	0.05087742	0.19824063	0.19272041	0.05651440	0.07660710	0.02788187	0.01393250	0.02743661	-0.02412518	-0.12088076	-0.09648222	0.01308103	0.09006917	0.16613455	0.05245159	0.00272379	-0.13389378	-0.05890725	-0.06968552	-0.15915933	-0.11139915	0.20022143	0.20802856	0.05439787	-0.03127172	-0.01901020	0.08452053	-0.14863486	0.04720326	-0.06060053	0.04527650	0.09687630	0.02653199	0.17894311	0.08363574	0.05791514	-0.07815763	0.20446024	0.06377468	0.07525856	0.00147187	0.19761817	0.20912227	0.17158631	0.12713102	0.20418197	0.05247069	0.14299361	-0.04174661	-0.02294777	0.05009682	0.02649609	0.20837219	-0.06252572	0.07579119	0.18046216	-0.02297390	-0.14681794	-0.01075887	-0.04675614	0.14602365	0.09567295	0.05901458	0.24910472	0.10295751	0.12262094	0.07437069	0.12032421	0.18126945	-0.12000756	0.05792672	0.08512246	0.02413684	-0.04389171	-0.01495971	0.05611824	0.10009869	0.02603947	0.03969482	0.14681040	0.18081749	0.15037318	0.14479951	-0.03365763	-0.05087172	0.20228846	-0.06063295	-0.03356176	0.18441696	0.03012545	0.10306552	0.10398921	0.15214783	0.05460767	0.00059989	-0.03284807	0.25147297	0.22222911	0.25747003	0.05504480	0.05046832	0.20009042	0.03841551	-0.01468827	0.26752883	0.13213144	0.24697628	0.21877836	0.17916156	0.11689053	0.03873065	0.03488780
17Networks_RH_ContA_IPS_3	0.07517201	-0.02228492	-0.05238109	-0.03623774	-0.02457553	0.00966549	0.07823993	0.18637728	0.16618044	0.11639717	0.15983461	0.11436945	-0.16873079	0.02937124	0.04654235	-0.03790195	0.00026817	0.09808416	0.14046804	0.15549293	0.12367322	0.16317879	0.19056071	0.09974921	0.10502589	0.13306747	0.18193429	0.27504984	0.13560231	0.14569339	0.23635468	0.18648326	0.20603628	0.21406964	0.14001875	0.26765574	0.28279725	0.01709847	0.23898320	0.16836751	0.22846708	0.13610301	0.14769377	-0.01219319	0.05886465	0.11997177	0.18241863	0.12143631	0.03168632	0.03216975	0.03755239	0.07971215	0.07771130	0.13394251	0.15161459	0.10053816	0.14808769	0.16190304	0.19811395	0.00914638	-0.00190186	-0.00929267	0.00492399	0.02670533	0.09389529	0.13355050	0.33182772	0.08100323	0.44383688	0.43022842	0.28856786	0.29799435	0.05185666	0.14322035	0.12802617	0.11351260	0.25172569	0.20066980	0.19734813	0.17489057	-0.01923087	0.12385894	0.30369855	0.08674401	0.20747345	0.00783231	0.00325513	0.09853864	0.10065327	-0.01923276	0.12332395	0.11379103	0.04918057	0.17034709	0.05460620	0.06110867	0.17842011	0.07674802	0.11761966	-0.04558734	0.24557948	0.12267631	0.12402276	0.23167738	0.20980833	0.18644483	-0.01437835	0.10569125	0.01219944	-0.14063775	-0.20979704	-0.03769310	-0.00020880	0.06500965	-0.00797748	0.06406285	0.04369092	0.04733818	-0.02461062	0.00823722	0.31801835	0.18560124	0.38160827	0.33789307	0.49255198	0.34354958	0.21930737	0.22358439	0.33549762	0.27809264	0.13553839	0.08829843	0.12729445	0.03174005	0.05643662	0.04835970	0.29159478	0.52736694	0.10983834	0.11346664	-0.03617254	0.05893201	-0.03524439	0.09657502	0.25548887	0.06038010	0.16186012	0.19185726	-0.09810285	-0.14748517	-0.13639533	0.13396702	0.03944201	-0.26067811	-0.34908252	0.01648228	0.07344611	-0.14294974	-0.01525759	-0.04374841	-0.21874659	-0.25578952	-0.17559225	-0.22294518	-0.09533668	-0.08845987	-0.08767154	0.01491892	-0.06933218	-0.14498164	0.11751809	0.02505123	-0.03913045	-0.09736522	-0.20633120	-0.07446305	0.06309604	-0.05184330	0.06853734	-0.05056592	0.06104425	0.14802198	-0.13187472	-0.08792492	-0.17255377	-0.13153255	0.14828206	-0.14554294	-0.14231456	-0.36026533	-0.29034371	-0.11364849	-0.07457039	-0.03556180	0.13161816	-0.04223837	0.03803974	0.20668714	0.38675872	0.02502485	0.11503127	-0.00753001	0.11472304	-0.06448149	0.00564394	0.01881233	-0.02940342	0.15129510	0.19110291	0.12058028	0.12171983	0.12151113	-0.00617337	-0.03820458	-0.01006577	0.01839036	-0.01488689	-0.04782790	0.08162554	0.13292217	0.06671767	0.06418354	0.08234477	0.20541107	0.15339984	0.19439662	0.16961282	0.24893970	0.20406064	0.11747195	0.21145102	0.41538243	0.25417786	0.26523166	0.36826895	0.16418721	0.25227843	0.19052622	0.13697622	0.08113920	0.16546364	0.09105806	0.13423993	-0.00720564	0.12137639	0.05730871	0.11200931	-0.03382050	0.00373595	0.00584305	-0.01812399	0.07352132	0.07156471	0.03331828	0.03630797	0.00682718	0.12724727	0.13717170	0.06488512	0.06754412	0.05964153	0.27111415	0.36098338	0.20821139	0.29829865	0.53207534	0.20291593	0.44510314	0.23400860	0.53264337	0.07835832	0.13336101	0.45793404	0.17626921	0.17581211	0.47800464	0.14394763	0.34452733	0.16999948	0.05648582	0.00566532	0.36899211	0.48085930	0.18690117	0.05141185	0.07145740	0.11114655	0.21506666	-0.00548980	0.12992540	0.13162674	0.15777728	-0.06197655	0.14048650	0.36622559	0.13479079	0.14617061	0.16981178	-0.02464821	0.26776658	0.12589654	0.08408988	0.03323021	0.26142543	0.37848518	0.46051587	0.01439231	0.04069954	0.26783748	0.37125303	0.07138485	0.42844219	-0.08572517	-0.14763687	-0.17170318	-0.09402434	-0.05893588	-0.11215342	-0.02848707	0.14056011	-0.04966587	0.02481971	0.08513888	0.05163445	0.42151710	0.26539742	1.03042245	0.61508278	0.05681192	0.07783900	0.17975307	0.17431566	0.41072536	0.32516657	0.23578525	0.24839655	0.17803572	0.41603212	0.46717110	0.35071802	0.65997309	0.23279462	-0.01019357	0.11725418	0.25269124	-0.11705300	-0.06804564	0.27095674	0.01506473	-0.03517873	0.14949284	0.25869437	-0.20937679	-0.00096718	0.45224633	-0.12561936	0.19622735	-0.07922564	-0.06238663	0.18408002	0.01439319	-0.17525675	-0.29200541	-0.25685222	0.05838332	0.12910946	-0.23676068	-0.29526139	-0.04445907	-0.22252532	-0.27656247	0.03419157	0.04970065	0.08090111	0.16381867	-0.15354895	-0.08240376	0.00961077	-0.05506470	0.05879798	-0.12548426	-0.14050384	0.02511969	0.20237576	-0.21707704	-0.02037848	-0.21351462	-0.22242510	-0.04047323	0.19165630	-0.08770857	-0.14512974	-0.13063776	-0.01831596	0.05252999	0.45390421	0.09391361	0.12757819	0.01891780	0.19381334	-0.03259317	-0.05898635	0.12633670	0.02832640	0.07114056	0.04097104	0.04022841	0.14583217	0.00573180	-0.00116384	-0.05297617	0.01769913	0.16206340	0.16756791	-0.01142806	0.11530110	0.01675499	0.17971872	0.13823117	-0.00457812	0.02563308	0.09321426	0.08779206	0.08103104	-0.01535417	-0.08058230	0.07543529	0.07747050	0.19647312	0.14834555	0.01409786	0.14798640	0.09711387	0.21844989	0.11281867	0.03196467	0.01915065	0.18683713	0.09769427	-0.06827647	0.08094692	0.03572926	0.07960336	0.10581856	-0.02403215	-0.01510863	0.03630268	-0.05433875	0.15131525	0.19934541	0.16494035	0.15479248	0.15534203	0.10403232	-0.01221353	0.13014156	0.19565918	0.13278761	0.16722089	0.08042629	0.02152481	-0.02102874	0.00793954	-0.00369373
17Networks_RH_ContA_IPS_4	0.20126786	0.01438858	0.03356597	0.04531608	-0.04862770	0.07674440	0.16154174	0.22121273	0.23004490	0.09355699	0.22013365	0.12077084	-0.17427188	-0.00070804	0.15356176	-0.00556625	-0.03199561	0.21484256	0.11143666	0.11284768	0.08468444	0.10720822	0.26043513	0.12798989	0.16237272	0.19260422	0.22780394	0.11024092	0.18212844	0.12878121	0.26842280	0.24704749	0.21429471	0.29294832	0.14982366	0.38643412	0.22131498	0.14749355	0.35208678	0.26359024	0.22586126	0.17276597	0.15152927	-0.06278092	-0.00479396	0.03390745	0.00701882	0.12041750	-0.02081482	-0.09466538	-0.03303637	0.08850167	0.05606734	0.19986140	0.16030920	0.04715811	0.17447808	0.05406922	0.27072574	0.06631151	-0.01508727	0.06093756	0.10353000	0.03135574	0.14403807	0.21740822	0.24637186	0.11864657	0.53484730	0.52072493	0.36917715	0.38511202	-0.01523770	0.19390355	0.18568361	0.13256500	0.31420135	0.34322180	0.28775910	0.29931217	0.05743427	0.31773266	0.42159323	0.22953681	0.26304433	0.04133969	0.09436080	0.15895747	0.02654092	-0.02145307	0.14718717	0.06806546	0.09344386	0.22720604	0.08875583	0.19539460	0.20230133	0.16843491	0.22671033	0.11253282	0.25516425	0.26174835	0.15669947	0.05615039	0.25992637	0.10591477	-0.12601581	0.15543283	0.01484693	-0.15713109	-0.08144811	0.04942288	0.20100850	0.13206057	0.00621083	0.05534891	0.00701167	-0.03352752	-0.00907960	-0.00592940	0.22131955	0.25936694	0.34583377	0.42877347	0.46100395	0.42892359	0.27656625	0.14073121	0.16821963	0.17714306	0.17663273	0.14831074	0.08540799	0.05180786	0.04810147	0.12416889	0.29014987	0.38871777	0.13621295	0.21154079	0.03819325	0.13606718	0.08509981	0.05363943	0.28691516	0.13989663	0.05086896	0.09829484	0.04564978	-0.04336663	-0.09507519	0.16159669	0.02474610	-0.18738840	-0.23332786	0.10981559	0.15928539	0.04732447	0.06831060	0.06183584	-0.09137667	-0.21528656	-0.00078301	-0.13716178	0.03346889	-0.06330842	-0.01579284	0.14771280	0.07304396	-0.00406210	0.26090491	0.21819573	0.05266480	0.05057969	0.01385675	0.03180447	0.15150601	-0.07844591	0.08991997	0.06731158	0.08917107	0.29564111	-0.05233969	-0.14977515	-0.06762458	0.00958637	0.22636031	-0.05261988	-0.14159939	-0.31402958	-0.27042746	-0.03082182	-0.08095781	0.00702890	0.09517188	0.04344502	0.08344506	0.31533318	0.29221633	0.12463983	0.17654256	0.08676095	0.19477153	-0.00971406	0.01849868	0.04126415	0.05773246	0.17919722	0.32280787	0.19827857	0.15390772	0.12301071	-0.03230268	0.01524238	0.08163082	0.11316851	-0.01794189	-0.00452978	0.11703232	0.06259025	0.08652099	0.12256335	0.13393025	0.14664968	0.12888185	0.19467366	0.12396911	0.21788917	0.25248798	0.15195395	0.23772226	0.58126294	0.30251887	0.32829637	0.47354456	0.26837532	0.26061954	0.24514218	0.22182220	0.10075046	0.25502830	0.12151006	0.34578271	-0.07042471	0.07320992	0.01341291	0.05058617	-0.06557305	0.01534228	-0.08562585	-0.04135718	0.08206955	0.09544207	-0.04069665	0.02022157	0.02605629	0.15988288	0.20637837	0.18356033	0.16888257	0.17942390	0.45910099	0.23258815	0.37303902	0.45084231	0.50152643	0.24298032	0.32854583	0.33267866	0.75443342	0.18335164	0.25109525	0.41231002	0.18176419	0.25899444	0.60730472	0.11441005	0.61753319	0.20769525	0.19571931	0.19019231	0.44444063	0.61227170	0.27428677	0.12072204	0.08186511	0.19513470	0.35037074	0.00204136	0.04732088	0.16087084	0.09995393	-0.10820986	0.10918673	0.25649965	0.25509921	0.15357156	0.27385746	0.01467045	0.32266676	0.00425390	0.18715612	-0.05544245	0.35755426	0.23654645	0.27243613	0.09126326	0.07066783	0.13194836	0.27371882	-0.04676514	0.30091734	-0.13133343	-0.14636039	-0.13198689	-0.22991187	-0.00657736	-0.02573088	0.00418552	0.15097608	-0.19925959	-0.01101058	0.12955790	-0.08077323	0.26185410	0.36994567	0.61508278	1.15908816	-0.11067443	0.04264525	0.02120073	0.07072633	0.33547851	0.30248763	0.14072554	0.16221805	0.08743792	0.30132417	0.31008518	0.35744295	0.59778585	0.06413387	-0.14723564	0.12892463	0.08078203	-0.18819488	-0.16474554	0.14360703	0.08010105	-0.05033288	0.11603759	0.24252403	-0.15983675	0.01638202	0.39519389	-0.03003654	0.06888283	-0.07078025	-0.06398440	0.11137076	-0.12109908	-0.33095892	-0.24485813	-0.19528713	0.03783907	0.19904064	-0.11123458	-0.22207280	-0.08834285	-0.17936087	-0.15230032	-0.05143783	-0.04395695	0.12237492	0.20948223	-0.14444241	0.04680540	0.01640456	0.01912495	0.03459615	-0.05259793	-0.20672660	0.01619767	0.14035114	-0.15538153	0.12588931	-0.14372136	-0.23054536	-0.00646634	0.11380343	-0.05557213	-0.05406548	-0.11968148	0.05843611	0.04159544	0.27240049	0.14287359	0.18041540	0.04050517	0.19840965	-0.09019781	-0.06036333	0.14521524	0.01394576	0.15034495	-0.03273068	0.13407925	0.15965623	-0.04055596	-0.03389078	0.06789832	0.01561321	0.22032488	0.15892755	0.05683018	0.27299667	-0.00720227	0.22534683	0.08397827	0.00403620	0.11228882	0.05037928	0.06861681	0.04553884	-0.10652502	-0.12113477	0.07878261	0.04628827	0.19255832	0.15082406	0.12557300	0.24044230	0.06238350	0.16600205	0.14126113	0.06452881	-0.04573564	0.22621000	0.03266953	-0.08249026	0.10724840	0.01782389	0.09928345	0.02478624	-0.08024262	-0.04164398	-0.02556890	-0.10080366	0.22096654	0.18327935	0.06337873	0.09011347	0.21412513	0.04014621	0.10685461	0.15151646	0.24464095	0.13953916	0.28812960	0.17453512	0.10028712	0.05375141	0.01343123	0.04116857
17Networks_RH_ContA_PFCd_1	-0.07827776	0.12298327	0.00928455	0.17183071	0.11811840	-0.02149726	0.09539020	-0.14783125	-0.05823165	-0.05255330	0.07438087	0.06700691	0.02124901	-0.00606701	0.10698103	0.00508850	-0.06801236	0.04874544	0.10002585	-0.01173172	0.22461867	-0.02792736	0.00300938	0.16894469	-0.13647327	0.15164485	0.13748335	0.24968456	0.01530849	-0.01369949	-0.08355198	-0.07394724	0.23901831	0.15173577	0.24972244	0.11496172	0.13159211	-0.08807633	-0.01373237	-0.00675020	0.07827339	0.00129173	-0.01536915	-0.12317149	-0.21499429	-0.10461553	-0.08558979	-0.20774915	0.00613948	0.11145435	-0.10943181	-0.09870771	-0.07906282	-0.03881556	0.02339785	0.16246439	-0.00484298	0.15317557	0.10109498	-0.00913264	0.00930306	-0.10572042	0.01299119	-0.07011761	0.11610884	-0.03034072	0.23538310	-0.10762303	-0.18958594	-0.13155849	0.03801080	0.07477502	0.11128149	0.20284878	0.09050489	0.18776157	-0.02976034	0.04521611	0.12116826	0.03372492	-0.20153279	0.09304023	0.23815227	0.09767741	0.13325733	-0.11701253	-0.09624052	-0.11258065	-0.10436380	-0.24376010	-0.19993564	-0.18933673	-0.21824586	-0.31777792	-0.00261725	-0.14223063	0.03398542	-0.13116421	0.03343501	0.12576338	0.01806845	-0.05757443	-0.02671441	0.14588447	-0.13527362	-0.22688958	0.13712879	0.07910281	0.05582829	0.01077741	0.00800236	-0.00990429	-0.03833528	-0.09854150	-0.04685226	-0.09035212	0.08701285	0.08559931	-0.00056545	0.07343065	-0.11156299	0.15962763	-0.11419759	-0.01578318	-0.11726921	-0.01484096	0.12618974	-0.18583381	0.02890965	-0.03825015	0.11596442	-0.07232541	-0.04215261	-0.08761576	-0.17344752	0.17860330	-0.10298952	-0.08149824	0.38191795	-0.12834494	0.12226070	0.01121382	-0.07318368	0.45777687	0.22415370	0.39085291	0.20417437	0.10680681	0.00792338	0.19462469	0.43803910	-0.14312833	0.28029156	0.25368642	0.47393490	0.19649425	0.08477799	-0.02306006	0.52135436	0.44293423	0.17528425	0.20436221	-0.04955451	0.05455698	0.06465991	0.07438843	0.03809962	-0.08378711	0.01198130	-0.05511003	-0.20124280	-0.16994062	0.07285739	0.12990927	-0.08516341	-0.05950713	-0.07781479	-0.04984698	0.11994489	0.04178799	0.11015914	0.10087129	-0.11365744	-0.00292632	-0.02263681	-0.15345560	-0.16620673	0.20722400	0.12638159	0.30730149	0.41248707	0.20914199	0.12014357	0.07289959	-0.09429976	-0.14224064	-0.09463626	-0.29711607	-0.16696135	-0.33189099	-0.01023092	-0.03537817	0.13981883	0.06273643	0.04291759	0.09959502	0.07814198	0.11561565	-0.01467338	-0.14494020	0.15456558	0.13804100	0.04841860	0.01114488	-0.03109238	-0.11576212	-0.03815582	0.10775491	-0.04606526	0.08204836	0.19388303	0.06045158	0.13053000	0.18157663	0.10912978	-0.01916119	0.20214274	-0.05278879	0.21188146	0.21891257	-0.00977616	-0.02920320	0.17297587	-0.13168018	0.09601950	-0.12210561	0.08151185	-0.00187156	-0.04207519	0.21438484	-0.11040230	-0.07255158	-0.13809338	-0.01837764	-0.16594007	-0.25556666	-0.08143572	-0.14661258	-0.06926147	-0.09706425	-0.08688416	-0.13967978	-0.16549398	0.02882915	-0.05712081	-0.03414439	-0.00544161	0.01610979	0.09627816	-0.02346039	-0.02045585	-0.10472630	0.16010272	0.18872890	-0.08029418	-0.02802049	-0.01211507	-0.06737940	0.07477017	-0.23992828	-0.08347032	0.09985667	-0.06756216	0.12156384	0.07790471	0.11132792	0.12283078	-0.08881679	0.19148532	-0.03883063	-0.24839925	0.12818682	0.03139793	-0.18875003	-0.21804557	-0.16362852	-0.17580757	-0.23746677	-0.18292630	-0.11788364	-0.09936443	-0.24665885	-0.15816440	-0.20393400	-0.13949689	-0.09646208	-0.09380461	0.07754228	-0.04419094	0.06120798	-0.01785188	-0.13226656	0.26836093	-0.23062833	-0.09129017	0.11519928	0.00765306	0.29210439	0.07518257	-0.15155687	0.19847766	0.11122618	0.17891519	0.06238137	0.08888020	0.20231779	0.06923395	0.14166885	0.00266788	-0.07413171	0.21485987	0.01467091	-0.02612282	0.08904057	0.17962094	0.05339199	0.05681192	-0.11067443	1.21562190	0.11400245	-0.01967090	0.33594989	-0.04337747	0.16861203	-0.02034622	0.00774323	0.09341493	0.08956994	0.25033531	-0.16731347	0.01493060	0.37937830	0.27929604	0.28871842	0.21611235	0.03977057	0.26282729	0.03072319	0.13522237	-0.03142889	0.47062936	0.29107508	0.72755855	0.41504948	0.34123978	0.20493628	0.13671065	0.16286835	0.34040066	0.22563205	0.45420230	0.60483621	0.40282355	0.62526668	0.23883986	-0.00013723	0.43266620	0.21291720	0.10776040	0.19413320	0.12272205	0.10399825	-0.03375949	0.12566009	-0.10856343	0.19666659	-0.14622706	0.05702336	0.12197472	0.02737591	-0.00157250	0.04556811	-0.06507164	-0.06933093	0.37168038	0.43152028	0.23090866	0.54985189	0.01426993	0.21818813	0.02366219	0.29858340	0.37802662	0.11632121	0.14095922	0.00020721	-0.19086720	-0.23973375	0.17030527	-0.10631791	0.03211469	-0.04791274	-0.08321504	-0.10360147	-0.11395266	-0.07090881	-0.08274436	-0.06182278	0.03914993	0.16726014	-0.05753856	0.01750683	-0.04474825	-0.17037208	0.01861065	-0.07492068	0.13932951	0.10209200	0.00710431	-0.00853171	-0.09053374	-0.05335370	-0.07406071	-0.10536166	0.02020074	0.12963319	-0.10476113	0.10515655	-0.06909286	-0.19197450	-0.10186915	0.01930327	0.21499290	0.05832279	0.10232236	-0.02867362	-0.11421004	0.04712141	-0.02901141	0.00892065	0.13439958	0.27044713	0.09251912	0.25252726	0.26201589	0.21562083	0.15172534	0.17782535	0.14010899	0.13457906	0.08694634	0.03951644	0.09001325	0.16018950	0.15320602	0.04042140	0.03054580	0.21803884	0.03940980	0.09320549	0.11934658	0.00459949	-0.02965142	0.11264959
17Networks_RH_ContA_PFCl_1	0.21993899	0.17351035	0.13863517	0.14852067	0.13386627	0.16946191	0.16311060	0.06920513	0.13186854	0.10715378	0.02922146	-0.05021272	0.07822053	0.11009101	0.22923473	0.05718328	0.00364259	0.07907183	0.19605064	0.13723682	0.13036745	0.11560397	0.04956761	0.18371925	0.10336677	0.13024243	0.09738326	-0.00906250	0.10187072	0.05856367	-0.04640714	0.03827687	0.08550106	-0.00100262	-0.03100244	-0.01556079	-0.08640237	0.08531257	0.13722179	0.06768201	0.11097975	-0.14868915	0.03098026	-0.05934727	0.12974700	0.17295939	0.09495566	0.10730980	-0.11163787	0.12918096	0.20696050	0.14793413	0.07343112	0.03175259	0.18228385	0.15515606	0.29977325	0.08608678	0.33918422	0.05738754	0.04331348	0.16705501	0.04368184	0.09836295	0.02514264	-0.08046011	0.16848486	-0.05900889	-0.01640727	0.10680243	0.01433813	0.08376195	0.17221393	0.12998577	0.13093903	0.13351759	-0.01851220	-0.06384838	-0.07771015	-0.07449199	0.12902274	0.33569872	0.26690183	0.08261932	0.28694746	0.09203635	0.12480001	-0.01362570	0.06117157	0.00854993	0.02752522	0.04410091	-0.04587465	0.23805516	0.20015476	-0.07971759	0.03189023	0.17801022	0.30931804	0.04249018	0.12669235	-0.07588942	0.15461657	0.23660486	0.22504020	0.11882039	0.23954955	0.36341364	0.27867736	0.21176707	0.27968260	0.22277721	0.17014507	-0.03128464	0.12979433	0.17279548	0.05201571	0.23674982	0.14709977	0.08621315	0.11933867	0.17923038	0.18290601	0.31207620	0.14591932	0.00778589	0.22792090	0.39522214	-0.01530028	0.08448753	0.46557848	0.30956701	0.17510515	0.28336749	0.08696082	0.39703083	0.35143949	0.15254588	0.30142972	0.44337367	0.39684326	0.31017389	0.36523501	0.04290250	0.09989635	0.04921694	0.10363960	0.04742149	0.28315515	0.29521345	0.20738636	0.31778272	0.39239905	-0.01556719	0.07114375	0.10130246	0.19887208	0.15989742	0.21114347	0.13679119	0.12587055	0.19346655	0.14155065	0.16087853	0.35805795	0.23917232	0.19217156	0.09842639	0.22553555	-0.09387064	0.30269160	0.13131135	0.12721395	0.21185360	0.18590687	0.17739955	0.19677075	0.07041036	0.15500861	0.25201254	0.09969040	0.42866795	0.09167707	0.22377143	0.26477669	0.28455874	0.40350210	0.18638513	0.09256440	0.07639014	0.16588484	0.09023849	-0.04104207	0.11726404	-0.01600504	-0.05231686	0.12856177	0.09405188	0.10391405	-0.00343042	0.06949008	0.12993282	0.19381764	0.09937570	0.12743623	0.15857024	0.15914006	0.09093968	0.06570675	0.10783422	-0.09966232	0.03285147	0.06250525	-0.00831845	0.17386202	0.12551427	-0.12029186	-0.04340802	0.08050292	0.21034848	0.10842423	0.22990930	0.16947545	0.23435045	0.22494596	0.22939032	0.12221576	0.09549350	0.19181308	-0.06987233	0.03388904	0.05116301	0.07034927	-0.00788192	-0.00236850	-0.07928593	-0.05384196	0.12789524	-0.01042577	-0.08720735	0.09817691	0.03209108	0.00341552	0.03295397	0.17972804	0.16673336	0.24804402	0.14792799	0.02740665	0.00346814	0.17052730	0.24299808	0.16954954	0.09127678	0.15354816	0.28581048	0.31916133	0.18541673	0.05710759	0.10341889	-0.02253435	0.07372879	0.07776096	0.08439784	0.01927207	-0.06471209	0.07061691	-0.11680166	0.01237062	-0.06780753	-0.04764848	0.02935949	0.22296926	0.17237294	0.06430504	0.09560637	0.08574226	-0.02223089	-0.02579582	-0.03326967	-0.01442144	0.26671761	0.04905739	-0.00377315	-0.04255401	-0.07645139	-0.04179943	0.30605524	-0.03847570	-0.00044322	0.08238700	0.14542960	0.05204880	0.11851858	0.23822438	0.19067800	0.14469130	0.01407841	0.07353215	-0.13122928	-0.13919105	-0.01256728	0.03614219	-0.04847190	0.29107695	0.19504446	0.15860668	0.05481140	0.18366778	0.03534281	0.29355867	0.30255301	0.19682050	0.05684838	0.28573792	0.15846233	0.15869527	0.20925411	0.04886270	0.02481739	0.20249313	0.20368201	0.09427934	0.13914651	0.08716365	0.11362556	0.07783900	0.04264525	0.11400245	0.88327709	0.34458124	0.40992178	0.20933323	0.28739899	0.09851333	0.23597299	0.26374496	-0.02666758	0.30539932	-0.03623837	0.09037688	0.19864265	0.30165744	0.43103585	0.19693491	0.18458039	0.22708029	0.29593598	0.37157817	0.16102638	0.13292600	0.07726949	0.09564300	0.19664804	0.04232495	-0.09070447	0.09112101	0.14317590	0.14926623	0.34767450	0.19020496	0.17922329	-0.09497972	0.02104114	0.02686541	0.10793455	0.15824441	0.16016050	0.22334045	0.12533078	0.12867391	0.28378046	0.07784279	0.19541334	0.13928614	0.16141909	0.13790101	0.28128435	0.30839397	0.07388975	0.13584109	0.00680231	0.21481613	0.30993659	0.15296539	0.11204132	0.12417374	0.08887523	0.02621143	0.17043882	0.10309223	-0.03704521	0.02468454	0.06716993	0.03147957	-0.00584319	-0.06723104	0.02407693	0.07470804	-0.06344541	0.08228050	0.01617473	0.14785498	0.12876661	0.15586207	0.09892473	0.12784975	0.18046381	-0.01631447	0.11554237	0.15967282	0.01647350	0.08542888	0.16846683	0.00499160	0.17916107	0.20215315	-0.04675343	0.20426589	0.09388438	0.20546203	0.12552819	0.18497278	0.03146315	0.02967485	-0.05401791	-0.02724368	0.08078434	0.10595948	0.23909510	0.08052677	0.10226982	0.13353996	0.00322740	0.13589904	0.04375584	-0.02413346	-0.00735585	0.09093319	-0.05589702	0.27494780	-0.01192032	0.05890149	0.13774555	0.14048957	0.09994275	0.12052247	-0.01316741	0.16336150	0.05896527	0.09250016	0.13260063	0.08750897	0.02330719	-0.03964895	0.11643848	0.20625832	0.18330448	0.17708555	0.23475890	0.06521515	0.13822339	0.24373215	0.13180481
17Networks_RH_ContA_PFCl_2	0.11347553	0.18669185	-0.02297132	0.08129255	0.09980559	0.17182749	0.18361392	0.20578212	0.28116662	0.17697712	0.21980555	0.13447524	0.14624358	-0.01713672	0.11729534	0.01942776	-0.12997989	0.07139594	0.08435562	0.22488026	0.04960270	0.19072187	0.26234468	0.02919697	0.30130090	0.17505940	0.26236915	0.22904698	0.21247720	0.22086788	0.21204599	0.29194352	0.27685372	0.20325456	0.11229821	0.25978942	0.19806194	0.13339139	0.21027615	0.27811005	0.22776384	0.04855017	0.26200309	0.02907190	0.19885771	0.33407972	0.31737195	0.19538768	0.03987165	0.12497883	0.26688620	0.24759654	0.19666302	0.16969291	0.23792364	0.18144542	0.24769700	0.31718319	0.27070584	0.10870247	0.09347927	0.08035198	0.10826807	0.00019222	-0.08315724	-0.06143681	0.14245056	-0.02850736	0.06768183	0.07841768	0.13475968	0.25309331	0.18344563	0.21633002	0.03966830	0.18592389	0.10060240	0.04431993	0.02920346	0.04616400	0.17865965	0.23490945	0.08961661	0.13484440	0.36491127	0.14944967	0.12850709	0.08482189	0.14960940	0.08691677	0.21026349	0.27552851	0.24318854	0.43115360	0.27863701	0.00486180	0.13734749	0.32885507	0.34174828	0.17291961	0.16312439	0.08431832	0.11305608	0.33701884	0.32091514	0.16253864	0.08782825	0.24522906	0.12050045	0.07383683	0.04416988	0.10744409	-0.01480289	0.02599245	0.11221738	0.15086058	0.18510349	0.18140983	0.08896891	0.06067711	0.15626262	-0.07289354	0.25992577	0.07107484	0.22134564	-0.02390293	0.13336178	0.34133829	0.07932648	0.26986009	0.14218840	0.18097483	0.31463759	0.03749111	0.08547626	0.09555575	0.25061165	0.15270254	0.00687729	0.18320030	0.05190763	0.09392350	0.26095103	-0.13176647	-0.01685298	-0.21934008	0.12503201	0.11272703	0.06410231	-0.02443320	0.03589711	0.17363092	0.13615424	-0.15192768	-0.23176302	-0.05621994	0.11785609	0.04953668	-0.22657000	-0.09682195	-0.03008760	0.06476542	0.00894100	0.11556122	-0.02602705	0.19156242	0.17068003	0.02643033	0.04461370	-0.04994556	0.19474532	0.01884615	-0.01152562	-0.03796177	0.12626145	0.09341651	0.14177139	0.07205247	0.02097511	0.20934461	-0.01358888	0.11900972	0.14849924	0.17353014	0.17524493	0.26275597	0.27974659	-0.08466375	-0.00001719	-0.15657243	-0.15621623	-0.02528918	-0.01374267	0.05221199	0.14582119	0.08089347	0.20516235	0.23489781	0.16220392	0.16720762	0.09635199	-0.00311668	0.16801575	0.00028659	0.01746963	0.11108379	0.03563954	0.21191848	0.10679522	0.19133337	0.06240956	0.17884111	0.17947880	-0.08059344	0.11185768	0.05745291	-0.09383580	-0.04003673	0.13933062	0.24894974	0.04794635	0.14078429	0.21005990	0.38695637	0.34226451	0.53185023	0.15194989	0.38324066	0.21402831	0.14693157	0.17144468	0.16613664	0.20871144	0.19952150	0.20060976	0.24562805	0.15608904	0.21835582	0.17727912	0.05273611	0.17615139	0.10408008	0.08380706	0.00542527	0.16870982	0.25128781	0.23982648	0.12670046	0.03598504	0.17869479	0.19312992	0.26519336	0.30287332	0.18024837	0.26757994	0.39557757	0.28617828	0.29995682	0.11585286	0.05700216	0.01757629	0.08756139	0.08565992	-0.01680129	0.14725009	-0.00958860	-0.01815509	0.18218423	0.09516149	0.09858311	0.17711775	0.03548075	0.23292258	0.34222718	0.21680055	0.12207238	0.22368487	0.10700446	0.09272052	0.11393704	0.12940495	0.27231769	0.10004432	0.10532843	0.20055982	0.29218239	0.22166245	0.48088360	0.14748263	0.12175689	0.15806325	0.24499019	0.13864891	0.31782036	0.42544921	0.39330696	0.28376304	0.00769173	0.27328570	0.02354258	0.05079143	0.16097745	0.10926167	0.18697242	0.37702875	0.20116828	0.23170642	0.13131508	0.16351653	0.32829229	0.38011861	0.52783162	0.06948115	0.01250354	0.06908010	0.06042939	0.06965905	0.03310741	0.02497986	0.09959786	0.18950623	0.16328681	0.12667439	0.14250098	0.09895272	0.08052310	0.17975307	0.02120073	-0.01967090	0.34458124	0.99091715	0.34003662	0.40716186	0.38879048	0.22669848	0.21956715	0.20481907	0.21323636	0.23576786	0.13866540	0.12925584	0.19322462	0.29242563	0.24773472	0.16219775	0.15875279	0.07454961	0.34484132	0.21058544	0.32629797	-0.05402904	0.07759292	-0.26594668	0.15098108	-0.07492950	-0.21027669	0.06525497	0.04236850	0.03461994	0.17853492	0.18846595	0.03894321	-0.16331569	-0.24774181	0.01964381	0.14619679	-0.06550108	-0.02354718	0.19035524	0.05500222	0.02198823	0.20133305	0.27796368	0.14806683	0.24619190	0.09772105	0.17706932	0.24716763	0.22291632	0.03186105	0.16557981	-0.01810372	0.32490036	0.46357449	-0.09015911	-0.14685061	-0.10835117	-0.11237153	0.03813777	0.09586950	-0.04131041	0.04419899	0.00694646	0.16201690	0.22758772	0.22190297	0.21666858	0.24067869	0.12315240	0.23269468	0.05680674	0.05417369	0.11238293	0.18866320	0.06570102	0.13633755	0.21119857	0.17292241	0.03170387	-0.04678409	0.14428087	0.05928194	0.24708218	0.30332112	0.01154965	0.15755350	0.09386230	0.00265618	0.11268047	0.05490248	0.03684171	0.19354816	0.29067833	0.19816618	-0.08144795	-0.13777489	0.07299981	-0.05331220	0.27984164	0.32864491	0.06314375	0.15092423	0.14027880	0.08617251	0.22095188	-0.07317526	0.06272002	0.07967739	0.14513784	0.04590978	0.15393942	0.00563545	0.10181107	0.13076187	0.05222479	0.13400634	-0.00074750	0.04479298	0.13719964	0.18274863	0.22290533	0.11823065	0.07062207	0.11742613	-0.00631811	0.19745552	0.10310309	0.15513522	0.10669232	0.07217520	0.01170137	0.11200753	0.14546177	0.14404695
17Networks_RH_ContA_PFCl_3	0.00491410	0.06594513	0.05570817	0.15126950	0.17185387	0.09054413	0.20828323	0.05534321	0.13077131	0.00545165	0.03512291	-0.03163137	0.10282454	-0.01308803	0.11884273	-0.04051614	-0.06256582	0.05843143	0.08462354	0.11099332	0.08542663	0.04987967	0.15152816	0.20384381	0.12518947	0.13290085	0.24209777	0.22845780	0.21670083	0.11226990	0.02627979	0.10237625	0.19983989	0.14767598	0.20727681	0.16190719	0.08860606	-0.06319307	0.17447224	0.22056891	0.25711124	-0.05617803	0.16087091	-0.13722689	0.08542931	0.19121897	0.14814159	0.06292419	-0.03502942	0.28730034	0.13643783	0.17106695	0.09542464	0.04524848	0.20741531	0.15463029	0.25542147	0.19323047	0.31497789	0.02703901	0.09146863	0.00303872	0.02991227	-0.10814781	0.11596641	-0.10889761	0.30463914	0.03991979	0.10410417	0.12974433	0.20117669	0.25599657	0.20633873	0.26118051	0.17665012	0.25836542	0.03068621	0.08977863	0.14565627	0.03576229	-0.14747180	0.31439167	0.24389141	0.18851353	0.36837414	0.15894847	0.22669585	0.04154744	0.09408082	0.03751199	0.03469707	0.08015642	-0.01602190	0.11743581	0.24590853	-0.06316912	0.16220185	0.11941824	0.32250757	0.10181803	0.21657653	0.00381718	0.02981788	0.31352363	0.18763654	-0.00338252	0.10915812	0.29492773	0.05429832	0.00272584	0.04976327	0.14349618	-0.07462780	-0.05231449	0.04312653	0.04214602	0.04858282	0.22661985	0.07387608	0.14913982	-0.06917105	0.18155439	0.15791656	0.16032951	0.11526191	0.14834316	0.29088466	0.19222394	0.07997033	0.15163509	0.32043086	0.18728130	0.20050945	0.01799175	-0.06196002	0.22033133	0.16132729	0.12986789	0.24574036	0.19350312	0.14208833	0.19572782	0.20187622	0.16333716	0.26474671	0.25451014	0.13421806	0.15910911	0.05674502	0.07556676	0.24025453	0.15008274	0.22019607	-0.07102613	0.06708448	0.06426436	0.07155748	0.00444248	0.24784303	0.22843677	0.01134187	0.17957386	0.08473480	0.16466833	0.10590006	0.25096019	0.03012420	-0.11699530	-0.02459304	-0.12671259	0.07833421	-0.04808006	-0.01731952	0.11911470	0.02119707	-0.03418153	0.05098580	-0.05814885	0.01798044	0.27880435	0.01731658	0.20669321	-0.02108975	-0.03582891	0.07645725	0.05701287	0.23234247	0.10049335	0.07105836	0.04164789	0.16057504	0.17435713	0.13482525	0.21654081	0.09858441	0.03783428	0.04645026	-0.00204566	0.01752473	0.00493312	-0.02646939	0.08238545	0.11150918	-0.00029108	0.12633799	0.17571019	0.05147074	0.15048472	0.06074794	0.01089400	-0.00980324	0.08539500	0.11255795	0.01535901	-0.04743535	-0.02536599	-0.11020639	-0.00980533	0.02698516	0.19395010	0.08062071	0.16664022	0.19964228	0.33429251	0.27913027	0.30583138	0.15196042	0.17036528	0.25001227	0.06573264	0.11342677	0.16358868	0.13193828	0.05534373	0.18762117	0.02617151	0.08363691	0.15749579	0.04673284	-0.01330346	0.05720338	0.14257898	0.04220251	0.00129495	0.03444552	0.00837951	0.10970898	-0.03597256	0.01280661	-0.03756151	0.12476159	0.08465707	0.09092493	0.19525406	0.17615023	0.23991591	0.23776965	0.17991436	0.26095397	-0.01312338	-0.15204078	-0.00881205	0.04754134	0.18043705	0.07768525	0.04698529	0.17316570	0.03285975	0.18688237	0.07705625	0.04558715	0.10066149	0.05270584	0.23798253	0.20939514	0.21941291	0.19526034	0.05737582	0.17890399	0.08307534	-0.04045400	0.29278177	0.14413133	0.04999087	0.06983239	0.10388262	0.12720611	0.22947611	-0.04185779	0.03943418	0.05227367	0.00654537	0.00783595	0.13146975	0.24380845	0.19525309	0.13758978	0.08552454	0.12226593	0.07803970	-0.00621575	-0.02930503	0.23036092	0.04676742	0.21895990	0.20891194	0.18018265	0.29025400	0.24073575	0.20745470	0.34434935	0.45739916	0.18205691	-0.05965970	0.14264148	0.12946294	0.08471311	0.05901088	-0.01102199	-0.00100159	0.25708017	0.09347057	0.08693494	0.05854110	0.20530622	0.12629606	0.17431566	0.07072633	0.33594989	0.40992178	0.34003662	0.93694924	0.28010779	0.41365275	0.19885426	0.08257664	0.20495304	0.19166677	0.36094416	0.08503776	0.24797370	0.29615073	0.34302578	0.31819944	0.18651345	0.06033044	0.16242750	0.25482444	0.25342696	0.22437950	0.40340547	0.34169772	0.23460255	0.36447530	0.33473474	-0.03116975	0.14985567	0.06676255	0.13450442	0.27132490	0.24312762	0.24261436	-0.03931176	0.20149987	0.14083697	0.02995046	0.18878923	0.08966010	0.05644428	0.10725342	0.08250705	0.24069276	0.09150019	0.20032275	0.01022848	0.16826916	0.16949450	0.15975785	0.18839465	-0.02901467	0.04579420	-0.05467020	0.12984251	0.31125560	0.05233065	0.22475836	0.15806133	0.22619451	0.13226366	0.27979123	0.06176747	0.12639412	0.14868116	0.19299348	0.02813521	0.03378273	-0.01823898	0.02501943	0.10914575	0.16007568	0.04027138	0.03526036	0.03636643	0.04702306	0.07300627	0.16828124	0.24058925	0.04283665	-0.01230831	0.08832258	0.15046566	-0.02836059	0.11525665	0.10957392	0.06906709	0.16113256	0.14222049	0.03757263	0.16633639	0.09608260	0.02454775	0.16250193	0.24807996	0.06514513	0.03640912	-0.04225424	-0.02005533	0.03608851	0.10384988	0.09573856	0.06641072	0.21735009	0.21545219	0.10726182	0.20830805	0.00091333	0.05882807	0.15863184	0.10816028	0.07377388	0.18017929	0.10613328	0.02878438	0.17348611	0.10283475	0.12288322	0.07000202	-0.07602421	0.28243921	0.20214436	0.20403062	0.11302931	0.17193967	0.22130118	0.17055685	0.21141586	0.13630811	0.24677394	0.09611752	0.14095451	0.04585513	0.08226834	0.11533449	0.11487046
17Networks_RH_ContA_PFCl_4	0.07081067	0.03138891	-0.01207258	0.01936994	-0.00263064	0.10027337	0.05096630	0.31458107	0.16523660	0.04080279	0.14589846	0.09204416	-0.02993797	0.00238838	0.01000017	-0.02829098	-0.12098613	-0.02645332	0.00988727	0.21124156	0.00992276	0.13455352	0.20166534	0.10642500	0.20774832	0.19866739	0.35357003	0.36875401	0.27138121	0.25190732	0.23563102	0.26773449	0.29762933	0.27917605	0.24139648	0.36289148	0.25176966	0.03587532	0.24250388	0.39266422	0.30970035	0.00777643	0.19008472	-0.04812645	0.22326328	0.11751396	0.41061082	0.22316589	-0.02030935	0.20606128	0.21881148	0.29013515	0.32260111	0.29889056	0.19199330	0.11574781	0.22043757	0.19285917	0.30497519	-0.04008704	0.12016066	-0.02274785	0.07545475	0.12008689	0.02903223	0.15631476	0.21546755	0.00462497	0.29300076	0.32362721	0.28859213	0.24802413	0.29304139	0.31226187	0.24467215	0.20514769	0.35239235	0.17355503	0.18534187	0.08484221	0.03875795	0.21414001	0.12030002	0.10251279	0.40470342	0.23145114	0.19700662	0.23000614	0.21042954	0.06011064	0.27112973	0.30981052	0.19119675	0.37561667	0.24518127	0.07677372	0.18937254	0.27433666	0.28809595	0.10487721	0.22234359	0.08131733	-0.03013456	0.27102033	0.37106504	0.07289474	-0.09020163	0.09658014	0.05044912	-0.11056377	-0.05477721	0.09233175	-0.05311605	-0.01142543	0.00585120	0.06432967	0.03123346	0.11770532	-0.01701434	0.12237083	0.10946605	-0.04584938	0.37809672	0.10023295	0.35547462	0.21277058	0.26425300	0.35687822	0.21577004	0.44138732	0.11657298	0.10801592	0.31986078	-0.03737762	0.01017239	-0.06195385	0.15781694	0.28170390	-0.04267904	0.14352572	-0.08176518	-0.01192791	0.14933774	-0.11741525	0.18396694	-0.14135349	0.03619366	0.12029954	-0.17815763	-0.23897502	-0.19265181	0.05481234	-0.07762219	-0.39996862	-0.40359427	-0.15751016	-0.02708816	-0.01583552	-0.27810020	-0.21598927	-0.12948319	-0.09546710	-0.07831734	-0.03402856	-0.17235684	0.00870148	0.01309027	-0.06116968	-0.04950586	-0.10996897	0.01577595	-0.01824663	-0.09830711	-0.16750594	-0.08013916	-0.22783426	-0.05596780	-0.01467399	-0.06948759	0.10775789	-0.10259699	0.00407131	-0.03039746	-0.01769064	-0.04483750	0.01882938	0.22509554	-0.23967722	-0.03002908	-0.25866322	-0.23643014	0.01107535	0.02897580	0.03126957	0.20174892	0.11227305	0.03197215	0.31925338	0.24879823	0.19876779	0.12958590	-0.03252198	0.08855453	-0.04743655	0.00780292	-0.05770846	-0.04598950	0.18620394	0.15490919	0.10972755	-0.01037374	0.07110114	0.08399857	-0.02301263	0.07099819	-0.09109077	-0.08798043	-0.19250579	0.10585098	0.21046486	-0.10145906	0.02531990	0.04467894	0.33306363	0.24431730	0.39321915	0.14512283	0.30472483	0.22808160	0.18982464	0.15854437	0.28435065	0.21578814	0.23525709	0.40116955	0.23780560	0.15482421	0.21568826	0.18949080	0.08211268	0.21318297	0.19202876	0.21451675	0.02523359	0.16140267	0.18884697	0.18061059	0.17139420	0.13524713	0.04222172	0.18493946	0.26562896	0.26215355	0.24119354	0.34564507	0.24626308	0.22185649	0.26255307	0.23801113	0.03222058	-0.08950093	0.21646459	0.13751916	0.06754211	0.22061393	0.18481224	0.14454749	0.26693120	0.22363445	0.39720870	0.14190429	0.15847273	0.22783085	0.32516861	0.33842664	0.35570517	0.15974740	0.28249241	0.15617076	0.13853642	0.12491876	0.35188277	0.39548741	0.31360811	0.28467907	0.27156270	0.32752769	0.40070014	0.02413291	0.11874037	0.19746776	0.27898618	0.17570763	0.27344443	0.56558280	0.33132580	0.25727061	0.05065333	0.09092033	0.17794745	0.18622901	0.21564875	0.14526485	0.28537230	0.41395539	0.31745939	0.08242251	0.04320334	0.15813508	0.46433924	0.11825601	0.50847422	0.07671398	-0.03612647	-0.07197284	0.00473586	0.08882070	-0.12492656	-0.06060007	0.11114661	0.02805265	0.02244925	0.05129393	-0.00702665	0.14635003	0.24007829	0.41072536	0.33547851	-0.04337747	0.20933323	0.40716186	0.28010779	0.96665262	0.29972938	0.23438283	0.16378905	0.15134964	0.26439807	0.25737447	0.38152310	0.32862218	0.14796447	0.00798010	0.06187601	0.09443997	-0.05751146	0.04170169	0.32655485	0.06830550	0.14075126	0.06036362	0.15217087	-0.40946821	0.04298318	0.19234595	-0.15982293	0.14045594	-0.07871689	-0.17516852	-0.00667171	0.02183785	-0.25011569	-0.40202653	-0.37026207	-0.15889341	0.12101964	-0.25897106	-0.19510827	-0.00222379	-0.12055599	-0.20034522	0.04900959	0.11764563	0.11242742	0.10953211	-0.06829607	-0.09416660	-0.06281525	0.12162062	-0.08401833	-0.00302077	-0.13096491	0.10572515	0.30121886	-0.25956305	-0.18717722	-0.11386111	-0.25790282	-0.06351028	0.13802420	-0.04487293	-0.12153385	-0.11757911	0.10628483	0.09659470	0.27858904	0.26491435	0.32594501	-0.01077139	0.29233326	0.00079923	-0.10675563	0.05763224	0.12781610	0.08721724	0.02149744	0.24534229	0.18879776	0.06089432	-0.03520933	0.06482530	0.10184482	0.27134062	0.22301241	0.11293135	0.25512692	0.00728163	-0.01042052	0.11239224	0.14468889	0.01829634	0.04601316	0.27891452	0.11218797	-0.01898991	-0.15358080	0.08149981	0.08801576	0.26297479	0.16400121	0.16103410	0.17891729	0.11741561	0.18118746	0.18912266	-0.07586268	0.05249286	0.14312744	0.09336646	0.02725602	0.10412149	-0.08572750	0.05487243	0.05988364	-0.10464144	-0.02087384	-0.10012571	-0.05080179	0.12001706	0.11631023	0.14773657	0.13206007	0.01323049	0.13756144	0.02757196	0.13141681	0.11789747	-0.01378916	0.02476985	-0.04792048	-0.10191083	-0.07090553	-0.05801863	-0.04832116
17Networks_RH_ContA_PFCl_5	0.12727254	0.14687244	0.03629304	0.02196836	0.10629304	0.14356003	0.21527503	0.12009561	0.25462449	0.06759169	0.22101612	0.06161426	-0.02237166	-0.00615886	0.15494827	0.01322185	-0.21716489	0.14954519	0.09850947	0.13715220	0.14809100	0.14054439	0.32537847	0.18427914	0.29039489	0.24402100	0.25069851	0.12947188	0.22682715	0.23246353	0.18137748	0.20356659	0.26207089	0.20249440	0.09318186	0.24982678	0.18673470	0.11548924	0.29921805	0.23997508	0.29995842	0.11966370	0.24432312	0.03837890	0.07114292	0.20760311	0.09182143	0.16838236	0.00682327	0.10170043	0.15866412	0.19721173	0.12856441	0.16426166	0.31258704	0.19495460	0.33893026	0.22806117	0.40882588	0.12841727	0.03084909	0.07821119	0.02427249	-0.02784227	0.11095579	-0.04141104	0.24616405	-0.01443897	0.20329316	0.22501845	0.21583589	0.29820593	0.13713718	0.22647562	0.13860142	0.25885667	0.10287779	0.14066229	0.14872218	0.17773245	0.07490126	0.35362237	0.32165353	0.23179174	0.40031493	0.09456337	0.13252539	0.04665961	0.01537235	0.02693176	0.14506749	0.05120827	0.15188031	0.27011555	0.27070190	0.09307829	0.18129009	0.25300647	0.38680710	0.21856646	0.25378989	0.20269368	0.22789038	0.25528067	0.30653172	0.15224660	0.03453622	0.41112199	0.07843171	-0.01184950	-0.02870373	0.02097290	0.18459146	0.10022314	0.07202000	0.12273232	0.19173618	0.07044781	0.01670481	0.02547673	0.13339177	0.11195729	0.25465601	0.27793836	0.22979641	0.24219889	0.20526045	0.23914672	0.07728051	0.17798798	0.28515487	0.28273097	0.25457774	0.00104724	0.01599102	0.27529723	0.27554924	0.24746097	0.19308852	0.26535631	0.17306896	0.23563326	0.32494437	0.06658721	0.09677737	0.06281794	0.13196977	0.17014327	0.11779504	0.05328841	0.17536003	0.17252542	0.15564779	-0.08678505	-0.07501514	0.09438023	0.21920448	0.12059625	0.10094686	0.16398619	0.02864113	0.07738147	0.13104512	0.16130849	0.11953205	0.23265774	0.04163221	0.11922400	0.09935646	-0.02974399	0.23522226	0.12655936	0.08010624	0.11643994	0.16847363	0.12320820	0.21664438	-0.03572760	0.06201272	0.20467837	0.13622335	0.32031348	0.04425487	-0.02224726	0.09319926	0.12355138	0.31341343	0.06190377	-0.07525071	-0.15942674	-0.06857386	-0.03099572	-0.01952525	0.03920973	0.05444990	0.01350044	0.04758651	0.18700001	0.22477911	0.04504468	0.08981862	0.14480644	0.25835644	0.01091578	0.02890196	0.24790975	0.11447137	0.23293698	0.23445466	0.08935157	0.14025659	0.18943724	0.06863885	-0.08887821	0.11139351	0.09285624	-0.03815033	0.04831914	0.07089339	0.22745034	0.13994261	0.16159134	0.21445167	0.33322437	0.35236333	0.42039521	0.24690689	0.34010478	0.28326711	0.10615951	0.17187758	0.31589414	0.24226559	0.20326255	0.26235263	0.18227856	0.20967200	0.26995474	0.18216165	0.05907046	0.17317133	0.04763856	0.19369031	-0.09742243	0.09975426	0.05805579	0.19638439	-0.01086197	-0.03445951	0.07214562	0.15971901	0.16817842	0.14633047	0.08556919	0.11258344	0.26407275	0.33124088	0.31393972	0.10402916	0.03367731	0.00466292	0.19209706	0.15966801	0.25827114	0.21896993	0.16627182	0.10802135	0.18040029	0.18630643	0.24750736	0.13081498	0.10457911	0.27901409	0.28544006	0.23821249	0.27126641	0.16009855	0.26903988	0.13655848	0.09651158	0.08944688	0.39249215	0.28791472	0.09543032	0.08294656	0.17166232	0.11569997	0.41581823	0.01098119	0.05041286	0.10692225	0.11540946	-0.04011976	0.21988297	0.24662444	0.33004973	0.19820620	0.14701397	0.18095684	0.16861746	-0.04209299	0.09587038	0.05021858	0.16055587	0.28427121	0.24167041	0.28668509	0.22354714	0.23092253	0.24647039	0.37639436	0.55750266	0.03979987	-0.14363172	0.02333915	-0.04049714	-0.04057862	0.12783424	0.01119936	0.15158889	0.02417007	0.11922454	0.04046521	0.03693714	0.21542395	0.15004672	0.32516657	0.30248763	0.16861203	0.28739899	0.38879048	0.41365275	0.29972938	0.89818032	0.24307323	0.19914112	0.15907261	0.24691046	0.37597512	0.18159199	0.36043682	0.25500479	0.29151916	0.35698247	0.17975744	0.00336755	0.01928360	0.27186984	0.21657836	0.31002332	0.19575220	0.26101003	0.01452162	0.28957250	0.20329177	-0.11252761	0.09886039	0.09841821	0.09291319	0.25882050	0.16338146	0.09368947	-0.08077148	-0.00918828	0.14121898	0.20422263	0.12602178	0.00634846	0.14570235	0.07650838	0.10755499	0.09170362	0.13473843	0.18810168	0.18837524	0.04152971	0.20234071	0.23942003	0.25325977	0.05194645	0.07751999	-0.16421311	0.17176507	0.34012540	-0.02746289	0.15409458	-0.07001753	-0.00048094	0.06100360	0.10857085	-0.09951865	0.05959569	0.04379380	0.10803840	0.12389485	0.15712571	0.05937552	0.07192121	0.10190102	0.18337026	-0.01680604	0.00017570	0.09782511	0.01299751	0.07990148	0.10878813	0.19089326	0.10186461	-0.04497232	0.03966015	0.19450574	0.00231793	0.15004734	0.31251913	0.03084559	0.15606541	0.04554045	0.05387635	0.04950924	-0.01290427	0.07778601	0.17305959	0.24870602	0.16066716	-0.09010817	-0.19692952	0.00681990	-0.02243835	0.16206308	0.30937582	0.08519197	0.29292053	0.10145468	0.09407552	0.13354592	-0.03230495	0.03854414	0.11742157	0.11128102	0.00693857	0.15758069	0.09969261	0.03356680	0.10078230	0.00477071	0.06891209	0.00978257	-0.02958565	0.25549581	0.18357715	0.12993894	0.03079204	0.16922640	0.05117226	0.05942555	0.14652556	0.20234091	0.19908221	0.18455575	0.16518451	0.10314538	0.16549859	0.15523097	0.14006668
17Networks_RH_ContA_Cingm_1	0.14131748	0.21640366	0.13390974	0.12856926	0.01266821	0.00268773	0.14210015	-0.00467210	0.10073336	-0.00948723	0.12120983	0.06995955	-0.00106025	-0.05820724	0.11655637	0.09998217	-0.02950757	-0.01135527	0.01685771	0.01558937	0.02890540	0.11868305	0.12888350	0.06050789	0.24928733	0.13881821	0.17986660	0.17181377	0.25783171	0.09834043	0.16504337	0.20637422	0.14675676	0.20942477	0.16697865	0.18037352	0.21079954	0.12942167	0.29847481	0.25657659	0.20515655	0.06501188	0.31102592	0.13254153	0.14483981	0.24740428	0.09642142	0.12310475	0.17035855	0.08012685	0.01267034	0.07533453	0.19618370	0.15804743	0.04490096	-0.01078804	0.07438841	0.10076584	0.04066976	0.07533807	-0.01826455	0.21268537	0.14234984	-0.01807158	-0.06499980	-0.02655843	0.17065352	0.08996928	0.10074890	0.18189597	0.10942451	0.17965563	0.06229669	0.12333054	0.14778459	0.18651738	0.21748847	0.08064667	0.07215376	0.18103312	0.06106135	0.11576380	0.13947639	0.10039132	0.22037974	0.16667505	0.01142289	0.04070642	-0.04055279	0.11381227	-0.00226114	0.10709234	0.13643716	0.17028380	0.24123470	-0.03348326	0.11896946	0.29607756	0.22043306	0.10411715	0.08300349	0.03222506	0.00583634	0.01177665	0.11686153	-0.08194092	0.00095483	0.23383911	0.02210822	-0.09149217	-0.05581095	0.12984404	0.22349078	0.23718708	0.15520961	0.09397402	0.12390232	0.07035664	0.01186020	0.03612684	0.04372953	0.10710591	0.04590606	0.08460998	0.19961399	0.07719822	0.09945626	0.19723153	0.18142249	0.20847113	0.16607649	0.25475283	0.16877134	0.04305514	0.18342098	0.01748199	0.01043217	0.11971070	0.14579618	0.08276468	0.07422698	-0.01041536	0.15561086	-0.02019065	0.04151397	-0.11645655	0.10046298	0.05385599	0.05075689	0.14843478	0.07312860	0.19083584	0.09025333	0.09745714	-0.00655439	0.10494796	-0.00808415	0.12864974	-0.02114769	0.02154856	0.19226828	0.01703075	0.10991594	0.10045562	0.07932725	0.10098373	0.00552602	0.08883331	0.16766193	0.18571457	0.19617677	-0.02581504	-0.03542993	-0.11745720	0.18949327	0.07844761	0.02869898	0.06565619	0.03182581	0.07028786	0.05975481	0.11184515	0.00001532	-0.01438709	0.02368821	0.02962724	0.08400487	0.10239594	0.09350822	0.08463901	0.01299053	0.04434605	0.06783369	0.01479136	0.00898898	0.08862975	0.09225787	0.15381342	0.10833854	0.11860399	0.16292666	0.11934503	0.28485596	0.02831666	0.07390281	0.18155304	0.07151324	0.24729464	0.09606146	0.12641153	0.09328563	0.13895011	0.10273462	0.10652251	0.04217496	0.03427443	0.01395418	0.01156525	0.02201133	0.14661645	0.05909043	0.07570971	0.12872526	0.20807162	0.18308039	0.28332137	0.11103267	0.31350191	0.22538642	0.21323777	0.18432931	0.15876638	0.17246425	0.25627553	0.22400458	0.24705427	0.18358658	0.18760765	0.13724074	0.05446075	0.26920789	0.17108848	0.15107150	0.07552675	0.11051536	0.00199559	0.03181213	-0.06443047	0.11533698	-0.01933410	0.11264466	0.01911156	0.16229648	0.07956039	0.17453184	0.23428614	0.09268724	0.11677343	0.12720303	0.19593098	0.08296246	0.06880436	0.03706452	0.08149884	0.16981895	0.15526605	-0.01687315	0.23024271	0.08626028	0.20362941	0.11950462	0.09512500	0.18100009	0.19477233	0.23284344	0.18492170	0.15761726	0.19231820	0.08174427	0.12478667	0.12804942	0.24232459	0.18304904	0.08754674	0.18266089	0.28000228	0.14353266	0.24220338	-0.03772704	-0.01447461	0.04667828	0.03633631	-0.01806458	0.12203076	0.21556931	0.27248599	0.17688519	0.05537788	0.09001371	0.06213442	0.02758566	0.22998454	-0.03573077	0.18894212	0.13086438	0.11323574	0.05715592	0.11161222	-0.00139487	0.14085352	0.12527885	0.29555799	-0.01461419	-0.13899727	-0.06815787	-0.09389008	-0.02760627	0.10679324	0.07187742	0.21176463	0.02160009	0.13810656	0.07486245	0.09306030	0.22116638	0.08499424	0.23578525	0.14072554	-0.02034622	0.09851333	0.22669848	0.19885426	0.23438283	0.24307323	0.96337219	0.18511985	0.16469850	0.03017283	0.08363479	0.19328086	0.17525748	0.02520961	0.01826611	0.15300548	0.14541724	0.01917287	-0.14439874	0.08641305	0.04820590	0.11893724	0.03062467	0.05801105	-0.05499195	0.16742862	0.03534599	-0.10887422	0.13757680	0.09984590	-0.10789691	0.19942515	0.14743343	0.05658566	0.03238529	0.01295144	0.11957568	0.20416875	0.05391100	0.11589878	0.21918058	0.08482742	0.04314790	-0.01826957	0.15212196	0.02141853	0.12453874	-0.00674261	0.03135528	0.20415612	0.11741818	0.06265651	0.09445437	-0.10111997	0.01655148	0.04399535	0.08086137	0.07664407	0.04551429	0.10613898	0.06009142	0.14482501	-0.02869399	0.10210299	-0.10291020	0.02174277	0.01458988	0.09926881	0.08030682	0.15353661	-0.09789035	0.06612923	0.09559542	0.08389574	0.05393414	-0.00649899	0.11965068	0.04604736	0.15611197	0.18355697	-0.02294640	-0.01706075	-0.01867704	-0.04791281	0.17221321	0.20566612	0.08176078	0.17035619	0.14341534	0.17517552	0.11833524	0.03448331	0.09766068	0.04613447	0.15913717	0.19372461	-0.06101366	-0.02892275	-0.04444489	-0.05669908	0.17216302	0.11071425	0.06280297	0.20929105	0.12057465	0.11082497	0.09978340	-0.06190824	0.14638055	0.11676335	0.06715145	0.02094240	0.09366339	0.03714932	0.06194890	0.08682817	0.02457935	0.11448483	0.01013501	-0.09125072	0.27519879	0.23872972	0.15027230	0.09144831	0.15310981	0.19090900	-0.01596956	0.13175428	0.10997387	0.13253458	0.19587921	0.19057033	0.16373723	0.20536744	0.22485890	0.20556057
17Networks_RH_ContB_Temp_1	0.28252509	0.20116054	0.21029390	0.24949258	0.08364365	0.14383120	0.22708213	0.04759556	0.13603846	0.02911950	0.07998562	0.05096543	-0.03049826	0.02903737	0.19813792	-0.04381969	-0.13764830	0.02008718	0.00018045	-0.01268434	0.00390341	-0.04693365	0.06826891	0.06686431	0.17707677	0.13995017	0.01286922	-0.06120447	0.11387186	0.02384264	0.09949399	0.15924314	0.14929456	0.15391352	0.07862086	0.04623325	0.16592156	0.21658284	0.32399085	0.16665982	0.17926647	-0.00213045	0.13626706	0.06492564	0.20456192	0.18383306	0.00512406	0.14504108	0.16350971	0.04007525	0.05444131	0.05148139	0.07863918	0.10827208	0.09618728	-0.08558797	0.19582793	0.03382396	0.22357858	0.17931769	0.12040452	0.29431272	0.11467774	0.11694586	-0.12206822	-0.00762693	0.13424670	0.00550937	0.02250372	0.07867810	-0.02179955	0.13218334	0.08154956	0.11996004	0.10801366	0.16813144	0.07274885	0.07633382	-0.06117238	0.04088889	0.22801249	0.21068346	0.21825609	0.04220012	0.13966983	0.13312448	-0.01228795	-0.03531807	0.02573740	0.00088226	-0.04639699	0.00682897	-0.01851798	0.09861184	0.08492097	0.02303030	-0.00512287	0.24298457	0.11150033	-0.02297231	0.13489625	0.00266186	0.08551124	-0.02973744	0.07778314	0.01114042	0.16298316	0.27248972	0.37214004	0.04294723	0.16209268	0.28746820	0.25833387	0.24668936	0.15135994	0.30244849	0.21664127	0.28579486	0.07600971	0.05183699	0.21104746	0.13752142	0.07134245	0.27602871	0.23689205	-0.00719413	0.16414118	0.17493408	0.05267905	0.10935795	0.21687857	0.25430308	0.08849867	0.34314828	0.34976136	0.26181628	0.25729077	0.23318556	0.15416187	0.28212150	0.28771031	0.21269491	0.15580025	-0.04511622	-0.09441137	-0.13106438	0.18116236	0.08304856	0.19809173	0.30135455	0.08853793	0.29761100	0.30451662	0.10350276	0.03376872	0.17627317	0.28688535	0.15218625	0.09272287	0.11285462	0.15802892	0.16440978	0.05225756	0.06180056	0.35026984	0.10238338	0.12728358	0.34357342	0.37739341	0.04304622	0.31440820	0.12775853	0.12611071	0.03391843	0.13360211	0.21228310	0.19518961	-0.02582021	0.11013939	0.11460568	0.00151026	0.27339312	0.13988809	0.05236363	0.20967567	0.10033180	0.15553300	0.11329966	0.02968337	0.00388223	-0.06304662	0.06840326	-0.01968884	0.01195619	-0.06469476	-0.07594515	0.20011950	0.14510260	0.20848137	0.07317688	0.31672175	0.17837571	0.29030286	0.16032714	0.13314288	0.19324580	0.26846180	0.23580386	0.12593477	0.20125756	0.11171874	0.15013941	0.17846011	-0.05715413	0.16979289	0.04332469	-0.04944936	0.02501193	-0.01205588	0.03451962	0.01805666	0.04261176	0.11290551	0.13560662	0.10853358	0.17718627	0.11023233	0.09625736	0.18250828	0.02086707	0.23035080	0.18729336	0.10957763	0.14877442	0.13263505	0.10102747	0.10552461	0.21800297	0.17950890	-0.22786086	0.35802712	0.18959838	0.15280545	0.09152265	0.14734886	0.04297747	0.09671314	-0.00257078	0.11983744	-0.01210086	0.16649797	-0.00931419	0.14465300	-0.02639871	0.08373309	0.07774312	0.21160598	0.11403211	0.10273496	0.26842614	0.24446757	0.19140029	0.24138611	0.10595000	0.11634795	0.10549709	-0.00872198	0.12133946	-0.01400285	0.04796988	0.13504649	0.10459859	0.35138841	0.10269925	0.05146315	0.19930067	0.12211011	0.12857228	-0.02040190	0.10395782	0.19719079	0.30468363	0.10408257	0.08822870	0.02258412	0.13583879	-0.03949930	0.26853227	0.07969923	-0.06859317	0.09250289	0.04328295	-0.09794320	0.08609553	0.10683981	0.20763524	0.08506306	0.15017864	0.01743346	0.00744935	-0.00882179	0.19525241	0.03084167	0.06041591	0.13355281	0.18820925	0.17046669	0.04618028	-0.00360046	-0.06501617	0.22261179	0.22012056	0.24476735	0.07023005	0.18325673	-0.00806967	0.22674753	0.10702404	0.15857228	0.34361109	0.02747994	0.36886296	0.05818259	0.25640676	0.14199784	0.08176443	0.24839655	0.16221805	0.00774323	0.23597299	0.21956715	0.08257664	0.16378905	0.19914112	0.18511985	0.87497116	0.35234725	0.16605541	0.34291894	0.05008291	0.18164931	0.13091577	0.17159201	0.32404874	0.19522847	0.04235352	0.08991009	0.27848268	0.32460262	0.03447700	-0.09376155	-0.08137503	0.00141858	0.01320083	-0.07614566	-0.05661932	0.13611980	0.43443060	0.16523528	0.37038428	0.19836303	0.14550088	-0.06909828	-0.04834637	0.12439068	0.27885182	0.10704272	0.21286166	0.30152475	0.10746196	0.07313579	0.23281455	0.15344034	0.30430290	0.24793002	0.09447495	0.12234049	0.21448114	0.16798495	0.20846799	0.15741500	0.08359070	0.17238012	0.06369481	0.14957815	0.07915648	-0.02585682	-0.04714199	0.00640321	0.23543670	0.08227222	0.20039177	0.03898631	0.11598380	0.13043963	0.16595892	0.03842952	0.07555010	0.15434040	0.01877700	0.16309854	0.02269990	0.25256065	0.02523162	0.14358606	0.03196143	0.02474177	0.25186438	-0.01977599	-0.10571169	-0.00051777	0.00503278	-0.06954865	0.09694913	-0.05995470	0.09424631	0.26027980	0.14124385	0.17443373	0.07130129	0.15604010	0.01931845	0.10204511	0.14607647	0.00782069	-0.13346090	0.07589277	0.08953443	0.03000501	0.14778905	-0.00584231	0.05338927	0.34248243	0.21879263	0.23884795	0.10562928	0.10344038	0.30785059	0.20201257	-0.04539301	0.35986265	0.22356773	0.30771878	0.29659067	0.24755557	0.26741380	0.13631401	0.14096444	0.28087789	0.27454722	0.25192082	0.29690638	0.20651228	0.20612124	0.11445008	0.23284267	0.32170312	0.33448444	0.47061173	0.35801491	0.31987933	0.35592270	0.45225325	0.38895687
17Networks_RH_ContB_Temp_2	0.29485316	0.32403238	0.19714730	0.31568201	0.33856226	0.30617883	0.30542733	-0.02362899	0.15962522	-0.07848552	-0.06649235	-0.00111170	0.21758939	0.19348181	0.30712656	0.04644212	-0.03671249	-0.02328131	-0.02989344	0.08782918	-0.06834829	-0.04326527	-0.02810669	0.05347859	0.01319814	-0.00846796	-0.02492690	-0.04610111	0.02765763	0.02963919	-0.02172452	-0.08197410	0.12788346	0.03082102	0.03801721	0.07331952	-0.02938959	0.08317924	0.24149180	0.12437188	0.09577575	0.03987965	0.10593676	-0.10783466	0.13164820	0.16699382	0.05695310	0.00399750	0.07715390	0.13650618	0.04577280	0.05661226	0.06199806	0.04331226	-0.04557644	-0.14304780	0.06905531	-0.01464808	0.06369852	0.26047129	0.28396649	0.31223733	0.31556460	0.15706116	-0.06792912	-0.04567922	0.29737645	-0.00028857	-0.00967901	0.12409538	0.00361874	0.03005639	0.11081075	0.07392103	0.11325820	0.12646368	0.04757354	-0.06523588	-0.01635433	-0.05881055	0.09034387	0.19995504	0.19551350	0.07933305	0.13229911	0.13735511	0.03617563	-0.03316087	0.21802281	0.12114473	-0.12438938	-0.06804764	-0.13631413	0.05480350	0.10786059	-0.15576092	0.01674135	0.10557593	0.04726254	0.06191393	0.01766967	-0.01452097	0.10059905	0.08261885	0.11363619	0.09081377	0.16975683	0.23392606	0.15434136	0.22689213	0.16307634	0.15320950	0.02900627	-0.09267833	0.16416451	0.14751930	0.04290269	0.22827443	0.22583807	0.20255860	0.10441395	0.28493137	0.09446975	0.31881601	0.21901856	0.08607184	0.19812804	0.35204263	0.05350600	0.16534775	0.31965887	0.33945819	0.08971228	0.31051519	0.41179794	0.21798161	0.24653007	0.22999748	0.29062732	0.36709325	0.22100928	0.10134080	0.06625542	-0.01979730	0.05267148	0.06283354	0.08334600	-0.03494733	0.23959191	0.29129498	0.16028601	0.31871249	0.35113885	0.02131644	0.04178674	0.24189010	0.19233149	0.07616381	0.13844038	0.12931089	0.09179209	0.04659715	-0.05634963	0.02167742	0.17638587	0.00918322	0.08699772	-0.06399807	0.18262601	0.07330424	0.34725570	0.06259994	0.27107881	0.09489252	0.08624634	0.25126867	0.13954601	0.07004235	0.22428929	0.09584454	0.08348819	0.27850127	0.23779141	0.28078744	0.27041780	0.26128086	0.30491830	0.29699316	0.17353076	0.08173842	0.08571786	0.20165857	0.22406160	0.31427255	0.05535196	0.00057956	0.16082889	0.16108623	0.12403368	0.09446232	0.30072700	0.16574947	0.21223693	0.19077574	0.38112761	0.10039933	0.26660587	0.12263590	0.10518126	-0.08183816	-0.07190122	-0.02990055	0.20022282	0.12567705	0.26515205	-0.07839729	0.00339357	-0.10238888	-0.03316613	-0.01197672	-0.05417490	0.03440035	-0.00704877	0.12052079	0.05111310	0.06096062	0.00096957	-0.01152504	0.09264360	0.04038652	0.05378538	0.12520591	0.01623713	0.00731889	0.11975374	0.04724849	-0.04318412	0.08095386	0.09970907	-0.04030301	0.19768245	0.06399001	0.11071568	0.23153545	0.10411088	-0.06971292	-0.03389313	0.00173838	0.06526409	-0.07251700	0.15470889	-0.04382885	0.07659673	0.00164363	0.02357970	0.03313502	0.08640841	0.02352032	0.21723941	0.29484993	0.10227251	0.04444029	0.11371499	0.04037990	0.07116458	0.04281637	0.05115526	-0.02227227	0.00144538	-0.03166755	0.01816000	0.09687678	0.34668851	0.09883678	0.08372897	0.14260864	0.13281508	0.01858016	0.03609481	0.03781439	0.14339959	0.27046633	0.05661909	0.03465605	-0.03503540	0.01437617	0.02147624	0.14431043	0.08872558	-0.00585360	0.14622421	0.02029094	-0.22805768	0.02634716	0.23660701	0.08595973	0.05505099	0.05261439	-0.08615074	-0.05991481	-0.01304691	0.10209062	0.09647539	-0.02262062	0.24730690	0.22974403	0.15367924	-0.02553398	0.04405827	-0.10226784	0.05369485	0.08374335	0.08042618	0.09942948	0.12489456	0.12000689	0.21371033	0.13453857	0.10434942	-0.01227105	0.13957837	0.14884457	0.12573438	0.20618002	0.22091145	0.12972320	0.17803572	0.08743792	0.09341493	0.26374496	0.20481907	0.20495304	0.15134964	0.15907261	0.16469850	0.35234725	0.94371147	0.14647847	0.27144612	0.08192633	0.12923107	0.11204564	0.11430294	0.32063864	0.27992500	0.34318334	0.18005928	0.30301679	0.23871767	-0.06464549	0.01689980	-0.00270094	0.09309747	0.11660555	0.01448149	-0.00127549	-0.06885980	0.15987803	0.13456160	0.32438448	0.21912442	0.14821262	-0.04642834	0.09806196	0.13473098	0.12844340	0.03183175	0.19801171	0.15315144	0.04198377	-0.03961549	0.18064763	-0.06864705	0.29923093	0.19023934	0.13595192	-0.00187295	0.26483437	0.10787747	0.15024339	0.24384000	0.19226959	0.24396625	0.16506661	0.15285890	0.08985847	0.13049332	0.07687021	0.09421855	0.37768106	0.19026564	0.17622784	0.06644755	0.13765311	-0.05447503	-0.01176123	-0.15511725	-0.02994231	0.09633315	-0.04848113	0.20224458	0.19060335	0.20354283	0.25503909	0.16463871	0.12165725	0.02143960	0.10115888	-0.10207176	-0.11179045	0.07114197	-0.03392432	0.01188277	0.04169821	-0.17121049	0.08464956	0.25464968	0.17358867	0.24606995	0.33306651	0.14191749	0.01348007	-0.05825843	-0.05692037	-0.08234366	-0.08867359	-0.05925815	0.06343844	-0.03779739	-0.08404031	-0.12344291	0.04852250	0.29200679	0.09350879	0.17154301	0.10340726	0.04526339	0.13454142	0.13718615	0.00610207	0.19611155	0.12881279	0.19317994	0.20294629	0.10066853	0.09975581	0.10173102	0.05976663	0.24912449	0.15402422	0.08949863	0.24657863	0.13140223	0.14512157	0.12253542	0.15943390	0.28720177	0.24837143	0.19686162	0.28262085	0.22577451	0.24517776	0.20935195	0.14282222
17Networks_RH_ContB_IPL_1	0.03852771	-0.04485730	-0.07934657	0.02421794	0.14355915	0.11723045	0.12357486	0.18270443	0.15521511	0.16571914	0.11495560	0.17519626	0.02683865	0.02835402	0.10270582	-0.14744115	-0.20327804	0.10304164	0.05962576	0.16524871	0.01862878	0.12802950	0.13850914	0.03016518	0.16899373	0.00854441	0.16003345	0.18055804	0.15778938	0.13187777	0.08275308	0.03460084	0.23167857	0.20356542	0.10838834	0.12466926	0.18631264	-0.18059422	0.05898270	0.21233266	0.10254866	0.04729716	0.05420787	-0.06270581	0.06137695	0.03141087	0.19635358	0.01523543	0.03605901	0.12565252	0.08171958	0.07380916	0.03708399	0.11639851	0.07223394	0.00117479	0.06310133	0.09971875	0.09932151	0.01867673	0.11740582	-0.07836979	0.08712369	-0.06246494	0.03507691	0.07026128	0.13217489	0.06529588	0.28117447	0.14869609	0.18963098	0.18867913	0.09345466	0.14261356	0.04904102	0.19551948	0.14852667	0.21168937	0.20414578	0.11924940	-0.16530228	0.01909708	-0.02383314	-0.00110200	0.07568263	0.10603435	0.15852755	0.15090569	0.24251260	0.05783107	0.17927048	0.18487824	0.09006583	0.11277595	0.11284398	0.14914642	0.05747243	0.07171158	-0.01340202	-0.09591264	0.29514187	0.18760300	-0.01466568	0.30755057	0.18645131	0.14499465	-0.05104511	-0.10022247	0.02509678	-0.06748482	-0.19163347	-0.11160308	-0.23335683	0.00944095	-0.02968069	0.09400516	0.08168269	0.03149735	-0.03420235	0.16146573	0.09412460	-0.06576887	0.28543572	0.06873781	0.27303831	0.21750794	0.11114584	0.00568915	0.17714824	0.10701588	-0.17152302	-0.20390295	0.14401517	-0.05748366	-0.02294863	-0.06446733	0.14042721	0.26945464	-0.17288320	-0.12697582	-0.20131263	0.07473457	-0.19929050	0.07963284	0.25194446	0.01061156	0.14673246	0.20122755	-0.21500187	-0.35991729	-0.20535690	-0.13385326	-0.19378776	-0.35400833	-0.36410512	-0.16030149	0.09520105	-0.18415440	-0.11328899	-0.11184339	-0.39544386	-0.27362236	-0.28565239	-0.19737729	-0.29948890	-0.06367876	-0.17714612	-0.12878926	-0.25936053	-0.26334051	-0.06727589	-0.07091905	-0.11655131	-0.10834524	-0.34021931	-0.24129202	-0.00270861	-0.11141721	-0.07445805	-0.01834508	-0.14284395	-0.15678253	-0.07147924	-0.09139132	-0.18524599	-0.15000264	0.03091861	-0.29373451	-0.20073351	-0.43742623	-0.39368483	-0.02886892	-0.07877472	0.04598165	0.12760981	0.04901182	0.12561731	0.23492199	0.23944381	0.11959271	0.04666052	-0.01668050	0.03450799	-0.03234605	0.06051399	-0.11901410	-0.00027164	0.15137890	0.15235466	0.13205040	0.11528549	0.15151468	0.06744876	-0.08790630	0.00325291	-0.01797844	-0.07762239	-0.00732483	0.15936507	0.13285486	0.03780901	0.12999223	0.08975484	0.10403359	-0.00228558	0.18956152	0.10093541	0.11116011	0.07886924	0.09510978	0.19224848	0.26767294	0.07918116	0.07666909	0.24979114	-0.04176646	0.14947415	0.08378429	0.05837530	-0.04845311	0.03994709	0.11896944	0.10929781	-0.02735046	0.06044361	0.00015420	0.10088344	-0.07722124	-0.00375720	-0.02401577	0.03315877	0.03943934	0.05425459	0.06697264	0.06621624	-0.05622579	0.01248615	-0.00151588	0.09109120	-0.07627944	-0.09607351	0.21231180	0.33953483	0.14646816	0.22377297	0.41525927	0.16925587	0.35279106	0.19297635	0.36428274	0.14629462	0.13614288	0.20796563	0.15828981	0.14757219	0.26761575	0.18989440	0.23460452	0.27049665	0.11637177	0.03063537	0.25179997	0.24179616	0.19413643	0.14559170	0.13864214	0.18614091	0.21290375	0.18214314	0.16385483	0.21912117	0.15547413	0.03732383	0.14244777	0.31014337	0.14267744	0.08987446	0.19586378	-0.04527145	0.29476885	0.12829182	0.11226609	0.32207489	0.33813745	0.24189527	0.35085520	0.19680909	0.17663229	0.27025423	0.46276373	0.24094032	0.44768905	0.02662412	-0.06308098	-0.13702882	0.04094029	-0.03520324	-0.22469385	-0.03388341	0.06702868	0.01214924	0.00868820	0.07049345	0.01972443	0.22521651	0.12561289	0.41603212	0.30132417	0.08956994	-0.02666758	0.21323636	0.19166677	0.26439807	0.24691046	0.03017283	0.16605541	0.14647847	0.91504031	0.51428489	0.32948480	0.51209150	0.29276464	0.12721681	0.04895072	0.05207618	-0.14452710	0.05957979	0.35492835	0.09580266	0.09852004	0.11708333	0.38808013	-0.21642854	0.13766584	0.37094025	-0.06058074	0.18265417	-0.08633927	0.15377772	0.07387081	0.10763604	-0.08625890	-0.31291874	-0.28170720	0.12636709	0.16542441	-0.15384887	-0.32164967	-0.00426308	-0.15235156	-0.24917919	0.19408866	0.19687954	0.20320845	0.24929662	-0.06019048	-0.04898152	-0.16763097	-0.07154875	0.00714237	0.05783945	-0.04970591	0.22000927	0.33473345	-0.34427789	-0.15987146	-0.20536397	-0.30822473	-0.01316979	0.08436178	0.01367679	-0.09065492	0.04557081	0.21741230	0.23031777	0.53145599	0.35036276	0.24385574	0.32133340	0.50847080	-0.04886536	-0.07765227	0.18065658	0.09919937	-0.06324083	0.07453104	0.04416473	0.02920379	0.06208007	0.04660838	-0.11703175	0.07654086	0.10353936	0.08948709	-0.01890576	0.01834840	0.00657252	0.03457673	0.10670228	0.08231914	-0.03147754	0.03441455	0.11468763	0.07203966	-0.02924881	0.03906921	0.10920991	0.00032006	0.12829698	0.07864239	0.06912017	0.11028318	0.07310254	0.03965896	-0.01198778	-0.11944135	0.07378662	0.14662182	-0.00765519	-0.06451755	-0.01439179	0.02034791	0.12768165	0.10387742	-0.02025316	-0.03663428	-0.02696560	-0.07638503	-0.02353497	0.06335031	0.08032854	-0.01805422	0.09522442	-0.01169059	0.11660540	0.08102827	0.06325908	0.04099604	-0.01841268	-0.13162216	-0.17406608	-0.09445631	-0.08914288	-0.04861434
17Networks_RH_ContB_IPL_2	0.10522262	0.02676370	0.00975823	0.07300559	0.14957866	0.10644158	0.13996802	0.10805596	0.16001917	0.20080369	0.11891902	0.12563790	-0.04650050	0.04457147	0.19575485	-0.17701160	-0.18492858	0.11406768	0.12286164	0.08810236	0.16493568	0.08810005	0.14077126	0.22115225	0.18397820	0.05750053	0.14735251	0.16101952	0.15675829	0.17647642	0.06879749	0.07497504	0.23724178	0.20892816	0.12740916	0.06522502	0.13060699	-0.11391563	0.19652958	0.14685481	0.19590000	-0.02283887	0.06861351	-0.11769888	0.05877746	0.15336083	0.09248999	0.07484465	0.03735578	0.15136638	0.08920102	0.04222868	0.05054629	0.08719604	0.13311672	0.09923241	0.20958582	0.12819226	0.26924985	0.03412396	0.02611854	0.01845577	-0.00414414	-0.01894373	0.06245948	-0.03002792	0.27177480	0.02739811	0.27184416	0.23244187	0.10428015	0.24180100	0.15277656	0.21129543	0.16995017	0.24937645	0.12286832	0.21224174	0.15099219	0.14525903	-0.09860863	0.24132165	0.22281860	0.08754542	0.23208613	0.11742714	0.15183110	0.09472250	0.14549812	-0.03082825	0.07975961	0.06211379	-0.04643811	0.12418187	0.19120854	0.12186316	0.11492135	0.11484866	0.12329089	-0.11421474	0.35380660	0.09260199	0.13533381	0.30007715	0.17750075	0.10708821	0.15382496	0.20119292	0.19192901	-0.01172708	-0.03354253	-0.03018748	-0.02792905	0.01039452	-0.04152226	0.07989687	0.07118523	0.08516420	-0.06484839	0.10861795	0.13444663	0.13690682	0.35164899	0.32614987	0.37090368	0.20103564	0.28813826	0.18945362	0.21574576	0.10637408	0.18632386	0.06282085	0.18082093	0.16219687	0.05338270	0.33586671	0.40963363	0.41228239	0.11388701	0.20658478	0.14261834	0.30380127	0.02709329	0.18982926	0.28406678	0.08901280	0.23195117	0.23728805	0.03808356	-0.00413339	-0.00041748	0.16387999	0.18510017	-0.20156310	-0.14656337	0.02772850	0.27155140	-0.08493998	0.17884380	0.15367038	-0.20551504	-0.05090153	-0.17382438	-0.12495615	0.08485442	0.07438826	-0.13106139	0.01656565	-0.05005922	-0.27032771	0.17517782	0.02736199	0.01250405	0.06610776	-0.22968512	-0.05492170	0.15228587	-0.10102805	0.07375902	0.10852958	0.00424903	0.24102466	-0.07214943	0.01766511	-0.03275954	-0.04555630	0.20414919	-0.06521513	-0.14587919	-0.27285167	-0.19295445	-0.00156037	-0.14281815	0.04722511	0.00179743	-0.06253933	0.15482787	0.15132709	0.26998540	0.02460804	0.09870678	0.13345226	0.16011297	0.01235489	0.10639861	0.10332342	0.04355791	0.17733025	0.15189542	0.13404235	0.06911796	0.18738725	0.01630837	-0.18483557	-0.02094291	-0.00241372	-0.16970101	0.00595591	0.08481178	0.19001567	0.08952213	0.24946135	0.19621742	0.20362997	0.09324058	0.18594521	0.19343523	0.14294182	0.19164394	0.03680777	0.16283380	0.30883817	0.14309628	0.10608833	0.18720933	-0.10067691	0.14267675	0.16679986	0.11241513	-0.12955266	0.10478534	0.13021309	0.09885276	0.00815739	0.08362948	-0.02582695	0.15647401	-0.05201745	-0.00218310	0.03315509	0.13770781	0.05446057	0.03203101	0.08279189	0.06469860	0.01988209	0.13850556	0.04653918	0.08833594	0.00658794	-0.08251691	0.21374888	0.39760880	0.20794313	0.16842972	0.32439638	0.17658795	0.18996484	0.15578349	0.22804681	0.05337160	0.15299857	0.28921926	0.13113952	0.16246577	0.29593366	0.23048764	0.18587607	0.18444787	0.10983282	0.02975442	0.35888109	0.24025906	0.13492411	0.05398418	0.06308984	0.09662598	0.28611218	0.04762666	0.12574801	0.12520888	0.08626099	-0.01729275	0.10467642	0.26517088	0.19290344	0.13125986	0.25810455	-0.01691299	0.21261184	0.06562568	0.02451196	0.28820026	0.22492768	0.27095142	0.46217248	0.26785761	0.21412107	0.33947586	0.31030728	0.32284555	0.51189160	0.08363422	-0.12768580	0.00524611	0.05845071	-0.03468125	-0.04575828	-0.09543453	0.06177534	0.03069239	0.04136831	-0.01231233	0.02261915	0.28172951	0.13383814	0.46717110	0.31008518	0.25033531	0.30539932	0.23576786	0.36094416	0.25737447	0.37597512	0.08363479	0.34291894	0.27144612	0.51428489	0.94363378	0.25771680	0.54803908	0.40285566	0.30457705	0.31218699	0.23788825	-0.09256010	0.17653593	0.44125960	0.29747581	0.11958565	0.21606554	0.39097265	0.00594004	0.24808013	0.37154591	-0.05522920	0.22593938	0.09420585	0.20745620	0.39751379	0.26227053	0.08498850	-0.24878415	-0.11991251	0.11776814	0.14436148	0.03559953	-0.10422371	0.11279871	-0.08185422	-0.13996540	0.37843415	0.13214964	0.29344035	0.23985910	-0.04413523	0.01042922	0.00563152	0.08363798	0.09107734	0.02526623	-0.11123470	0.18279426	0.30553140	-0.12961097	0.02120740	-0.08272517	-0.15160385	0.00460169	0.14723266	0.02396822	-0.08263777	0.04799028	0.16671458	0.16614571	0.42404631	0.14699081	0.12647459	0.27121865	0.30142385	-0.09908115	-0.09503346	0.12782421	-0.03716290	-0.02458485	0.06737512	0.06474605	0.03570501	-0.03692463	0.04824093	-0.04695132	0.00954666	0.03554145	0.08146137	-0.10909775	0.08913367	0.01486303	0.02329295	0.08905994	0.00061766	0.02606698	0.01779098	0.12015796	0.03265096	-0.03267459	-0.01563344	0.02984800	0.04926426	0.09787666	0.12478257	0.03101073	0.19348629	0.16518569	0.08711790	0.08083029	-0.06481789	0.00444881	0.14504264	0.05626308	-0.16009168	0.17375294	0.08921543	0.15544521	0.21907624	0.09231957	0.02222873	0.12328650	-0.09235601	0.10104938	0.07391539	0.06909029	0.05534783	0.15481749	-0.01117787	0.02320915	0.13697175	0.21139462	0.20430419	0.13088449	0.07514085	-0.07798481	0.02607339	0.09862435	0.09603417
17Networks_RH_ContB_IPL_3	0.14775711	0.01789590	0.00371643	0.10487155	0.03654540	0.13370533	0.15001778	0.27506894	0.20211391	0.19152518	0.15699545	0.13965353	0.11425719	0.09060717	0.10019378	0.05477342	-0.11737005	0.12634579	0.03621420	0.11113376	-0.01464614	0.14127081	0.17396939	0.19868559	0.29038350	0.04643990	0.18975351	0.15589593	0.22812122	0.33680351	0.26660325	0.22276064	0.23074895	0.31719521	0.15010486	0.35124711	0.16690938	-0.08250556	0.20297710	0.40269428	0.26669704	0.13341103	0.14483208	-0.06691556	0.18272196	0.04274494	0.29068951	0.21390671	-0.08973421	0.15422464	0.12165020	0.22208452	0.35344346	0.39173820	-0.00263546	-0.07824690	0.00200882	-0.05046008	0.08605115	0.17650070	0.12813499	0.19901007	0.18005381	0.11639472	0.08377905	0.06202105	0.02503640	0.09443790	0.38043398	0.27558761	0.19757440	0.20987825	0.22942160	0.24741827	0.29850378	0.23976962	0.37065513	0.29037026	0.29709176	0.25931618	-0.08308497	0.05333160	0.10328643	0.13318251	0.26675259	0.37045141	0.23955664	0.52751429	0.27171782	0.18991969	0.28306801	0.29282357	0.28757202	0.21917956	0.25097356	0.42452073	0.24214343	0.35252658	0.15184045	0.14367789	0.32808351	0.27411605	0.04932750	0.13082573	0.26264590	-0.04808843	-0.05117539	0.02703252	-0.00420076	-0.06560039	-0.13645883	-0.07093471	-0.05849270	-0.06417194	-0.07494369	-0.02454086	-0.05334022	-0.13468887	-0.08958450	0.14551436	-0.01446685	-0.11048974	0.47359160	-0.01327248	0.31004258	0.21109129	0.24762807	0.17282137	0.23548833	0.22886863	-0.04925540	-0.03664423	0.28504291	0.03536917	-0.01121929	-0.08312946	0.11561514	0.17477552	-0.14657806	0.05052775	-0.11766727	-0.00099873	0.03433726	0.02334482	0.23490100	-0.07182301	0.02345652	0.12380178	-0.20780073	-0.29226352	-0.14254817	-0.03091652	-0.28294241	-0.30184254	-0.38130877	-0.21908941	0.03180099	0.10522454	-0.17216417	-0.08679021	-0.21299235	-0.20156854	-0.07876943	-0.04295011	-0.21611762	-0.01442673	-0.18555640	-0.13128123	-0.06344572	-0.10473356	-0.01625993	0.00469742	0.08138041	-0.11495270	-0.11124315	-0.20719236	0.06731019	-0.14911675	-0.18119169	-0.06608438	-0.14690391	-0.05250640	0.03709558	-0.04670751	-0.07102376	-0.02300409	0.10165374	-0.20479176	0.00221421	-0.24563837	-0.24646010	-0.07699178	-0.07895575	0.01429212	0.19101707	0.25523897	0.04002356	0.33667943	0.20566028	0.35745729	0.26470935	0.10096448	0.10486379	0.07856451	0.00773143	-0.10918666	0.08270320	0.21165622	0.19846371	0.28429983	0.11170267	0.06984605	0.08622655	0.01344960	0.10857337	0.07633154	0.04784818	-0.11820274	0.16818196	0.08004004	0.00375202	0.02008146	0.01755702	0.14351919	0.06318858	0.23263957	0.10532879	0.21815833	0.13422484	0.13335994	0.20629743	0.43172497	0.20108006	0.19252971	0.37642083	0.11016431	0.12774418	0.25360443	0.21552052	0.11331357	0.13794470	0.13676856	0.29407868	0.17561069	0.15218803	0.06059803	0.03926107	0.03612246	0.25245565	0.08402928	0.25043054	0.11055039	0.10658929	0.15511640	0.29130806	-0.08441204	-0.01768831	0.02083396	0.34578681	0.13186485	0.00924615	0.34081222	0.16549260	0.13969845	0.23400274	0.24072687	0.23008733	0.27142805	0.19102832	0.51414521	0.20859774	0.17395321	0.20427368	0.10676980	0.36451749	0.36505072	0.25510850	0.43878746	0.27650166	0.27792830	0.26008060	0.37893292	0.46559477	0.30016040	0.41661121	0.26640662	0.47361985	0.31304708	0.11436736	0.24579452	0.32092037	0.16345640	0.12448157	0.30821520	0.39458101	0.33459365	0.06592927	0.23068035	0.00905709	0.45261050	0.28970028	0.39103804	0.15035518	0.54945182	0.30745710	0.21505425	0.17592290	0.10325596	0.08849113	0.41968324	0.00912966	0.34844622	-0.02015642	-0.11976234	-0.15066009	-0.11349528	-0.07448472	-0.22948211	-0.06010998	-0.00325439	-0.08306262	-0.12076736	-0.00273288	-0.12553388	0.03350465	0.35527499	0.35071802	0.35744295	-0.16731347	-0.03623837	0.13866540	0.08503776	0.38152310	0.18159199	0.19328086	0.05008291	0.08192633	0.32948480	0.25771680	0.97664783	0.34151675	0.06341236	-0.08964244	-0.03153032	-0.14738226	-0.15914385	-0.01302063	0.29860780	0.03100814	0.13041807	-0.02868079	0.30682255	-0.30926323	0.08112000	0.17462655	-0.06513205	0.02738174	-0.17257744	-0.15091098	-0.12152062	-0.00336995	-0.35108247	-0.38209106	-0.34111492	-0.08662895	0.23768812	-0.22334487	-0.24924917	-0.15568114	-0.16295471	-0.14044464	-0.01327487	0.13978404	0.12472229	0.19165436	-0.12172057	-0.01058209	-0.20791591	0.05176818	-0.13793658	0.05988152	-0.13129951	0.18651597	0.27260756	-0.34464799	-0.18583873	-0.05078303	-0.25136753	-0.05673624	0.04240411	-0.04436384	-0.21281530	-0.11820536	0.18627204	0.10166639	0.34175839	0.42267849	0.41672950	0.05307080	0.46325771	-0.14519508	-0.12399179	0.03427079	0.02546499	0.21133786	-0.03977246	0.14317952	0.10103279	-0.04737024	-0.11280246	-0.07891758	0.07364426	0.12303437	0.09805202	0.06904664	0.27965319	-0.09304307	0.00234360	0.00113719	0.17532500	0.12748124	-0.09633274	0.08235844	0.13008582	-0.02920101	-0.09275760	0.00450743	-0.04724818	0.10866281	-0.04818009	0.15886256	0.27249336	0.02616522	0.11262850	0.00802014	-0.11853915	0.02242148	0.06365686	-0.01210839	-0.04245823	0.01208573	-0.08849554	0.05225387	0.04929204	-0.03735621	-0.11867008	-0.03433885	-0.15012448	0.13763820	0.05195906	0.08097725	-0.00891100	0.03450266	0.02161399	-0.03978892	0.04851673	0.19732831	0.01671782	0.05090842	-0.04569710	-0.10548498	0.01659234	0.02030073	-0.07642721
17Networks_RH_ContB_IPL_4	0.02833023	-0.08754453	-0.05047040	-0.01006563	0.00641784	0.01962622	0.07982741	0.11975071	0.13586246	0.18473027	0.10465084	0.08534915	-0.17879515	0.00371218	0.08034487	-0.11829878	-0.08236886	0.12682808	0.09425664	0.09264260	0.06604566	0.15591442	0.11861608	0.11679719	0.19523179	0.08695501	0.23053431	0.15489114	0.22877347	0.19312804	0.20147593	0.19607264	0.23841163	0.22065440	0.09629326	0.22085889	0.21587408	-0.12207098	0.17647374	0.15858372	0.23470103	0.10615604	0.10173222	-0.08408557	-0.02922579	0.09853686	0.17286271	0.14042053	0.07636418	0.09373622	0.11769533	0.10089968	0.00042407	0.06632702	0.19372836	0.08673579	0.18309729	0.08492303	0.21811319	0.04095055	-0.07161330	-0.00085724	-0.03777518	-0.07983356	0.07430386	0.09004149	0.29338765	0.14035621	0.50969211	0.38399434	0.22959777	0.27785997	0.05355352	0.12337545	0.08204991	0.13444851	0.18669935	0.21431236	0.23436492	0.23515738	-0.16020738	0.14445318	0.25133424	0.08980443	0.13232768	0.03653303	0.11995559	0.11627494	0.13205566	0.04958602	0.14421056	0.16061726	0.07936824	0.15432625	0.09923082	0.19120089	0.14444111	0.09373746	0.07756861	-0.08126012	0.29445062	0.18671679	0.09523775	0.24011966	0.17972785	0.16855996	-0.00407506	0.11468371	0.06575030	-0.08287959	-0.17561260	-0.07530947	-0.01765902	0.02048854	-0.06373429	0.02134904	0.00402289	0.00670446	-0.07125464	0.02966690	0.15198179	0.20390006	0.34650493	0.43061791	0.47086270	0.42550829	0.18773351	0.12921993	0.25169122	0.10622716	0.06531210	0.05153212	0.14885507	0.07301214	-0.04312471	0.13103463	0.27591368	0.49367160	0.08307123	0.07544221	-0.02749676	0.16857850	-0.08002948	0.25190861	0.37441719	0.14946328	0.20974370	0.27953235	-0.10785386	-0.20351817	-0.15119897	0.07106386	-0.05344094	-0.23975895	-0.29907310	0.04276063	0.17147382	-0.12155893	0.08460647	0.01155974	-0.31187482	-0.27124817	-0.19302807	-0.23034139	-0.10899454	-0.03468612	-0.11612488	-0.03456910	-0.11522844	-0.18866416	0.16088986	0.06692619	-0.05751105	-0.02414653	-0.25907228	-0.13622681	0.05872572	-0.08090612	0.07388232	0.00308997	0.03728722	0.14553682	-0.13755512	-0.14434804	-0.19840881	-0.17709166	0.14651066	-0.17124608	-0.21590031	-0.39987509	-0.30587006	-0.08297082	-0.12514004	-0.02688930	0.08816413	0.01303387	0.04762884	0.21492020	0.38190388	0.09324346	0.00931444	0.10409381	0.12501141	-0.05978881	-0.00645993	0.06378743	-0.00905291	0.10407211	0.21543270	0.13834472	0.09005086	0.10789281	-0.09541643	-0.10731528	-0.02424719	0.11858559	-0.08995136	0.03663972	0.15948539	0.16987136	0.06412964	0.20240179	0.09320149	0.13305836	0.08734839	0.17133572	0.16287911	0.21954669	0.19353011	0.04839410	0.23257986	0.38763257	0.23260329	0.19088226	0.28310825	0.02767831	0.26279923	0.16896341	0.13250558	0.00331744	0.08843318	0.05418386	0.15259247	-0.06880809	0.08394930	-0.02380387	0.17122187	-0.00559550	-0.00796979	0.04292638	0.05713523	0.10193809	0.12948661	0.04250914	0.04129024	-0.00256132	0.14171966	0.10651094	0.02068403	0.01693781	-0.06063254	0.27226858	0.34907138	0.27032172	0.27996785	0.55744540	0.27571642	0.48888567	0.25726855	0.61168265	0.15012551	0.15057169	0.33940294	0.11682410	0.12926642	0.40462266	0.15300221	0.37911389	0.21438581	0.10933563	0.00686333	0.35916112	0.42828464	0.17376839	0.09851726	0.06696991	0.07903450	0.25655276	0.09523391	0.16035287	0.14357942	0.17099227	-0.03058298	0.21497540	0.32767513	0.16027697	0.10168461	0.25945197	-0.02497067	0.32249805	0.07715032	0.06017140	0.09666585	0.31108208	0.36272347	0.42067885	0.12417420	0.15145420	0.34470665	0.45081267	0.15414030	0.49549754	-0.04624367	-0.18242627	-0.17806884	-0.06098784	-0.16601349	-0.16704624	-0.07737988	0.04815095	-0.02609921	-0.02520332	0.02981170	-0.00492901	0.40369354	0.18364196	0.65997309	0.59778585	0.01493060	0.09037688	0.12925584	0.24797370	0.32862218	0.36043682	0.17525748	0.18164931	0.12923107	0.51209150	0.54803908	0.34151675	1.09289080	0.24380749	0.00771403	0.13309093	0.14169168	-0.13602931	-0.01331837	0.35617488	0.09902312	0.00237804	0.30289196	0.49994639	-0.16815292	0.11036854	0.59152566	-0.02292646	0.24554372	-0.12372040	-0.02450053	0.21135080	0.02310203	-0.17157558	-0.30044570	-0.23596326	0.15577858	0.12306558	-0.11843660	-0.33274899	-0.06743237	-0.23709655	-0.26693027	0.07372519	0.09813918	0.13832509	0.19509624	-0.15455988	-0.04532935	-0.09907220	-0.06119542	0.05126618	-0.06743656	-0.16706573	0.09532958	0.25731106	-0.29271356	0.04443589	-0.17117391	-0.21660877	0.00909696	0.10190853	-0.04826734	-0.17273799	-0.12108768	0.05609658	0.02691982	0.44608786	0.19742059	0.15521124	0.11671404	0.36448508	-0.17381284	-0.07845982	0.09232322	-0.05917394	0.01572164	0.08965503	0.07481045	0.07665360	-0.01194207	0.08823137	-0.03174141	-0.03777779	0.14759094	0.16272034	-0.03972764	0.07719405	-0.09054249	0.08278185	0.07905764	-0.07221012	-0.01571887	0.08497339	0.10610523	0.04255205	0.03258271	-0.01683609	0.05154985	0.02232196	0.17747483	0.16123312	0.03190316	0.13861171	0.07009431	0.10104807	0.01469775	0.01390067	0.08982100	0.14793848	0.09340128	-0.02989583	0.06977666	-0.06180467	0.06362688	0.07616433	0.00776874	-0.06334940	0.05283714	-0.15174075	0.11546307	0.14593288	0.11121946	0.09260867	0.15384971	0.02890796	0.02110007	0.12622438	0.13010801	0.10302892	0.14360966	0.01030031	-0.01867734	0.02623044	0.02925227	0.04977031
17Networks_RH_ContB_PFCld_1	0.12354688	0.09952415	-0.04333814	0.03497303	0.10604199	0.09774585	0.14349932	0.01507720	0.08144284	0.13103834	0.10393073	0.07888275	-0.08407728	-0.02794543	0.16399145	-0.12993798	-0.16420902	0.00162127	0.09001638	0.08288057	0.13374795	0.09508675	0.14869339	0.05187301	0.00137470	0.05629511	0.10407194	0.13522337	0.03799888	0.01312716	-0.08940378	0.01284255	0.18956963	0.10261759	0.18055745	0.04707187	0.05301822	-0.06069099	0.07739329	0.18173445	0.07751718	-0.12531665	0.08418233	-0.10268437	0.00995319	0.06464505	0.02435394	-0.04352358	-0.07012974	0.11659146	0.09826138	0.03742890	0.01136432	0.03348800	0.09578240	0.18463483	0.09256490	0.13966955	0.14282829	0.16843058	0.04468218	0.08956028	0.01965695	0.01118236	0.06865854	-0.05687037	0.19899927	-0.16824586	0.10211243	0.11523348	0.08296011	0.18941608	0.13950472	0.13280098	0.09480223	0.16848334	-0.04633624	0.12930751	0.13385813	0.08923153	-0.09410706	0.06721971	0.12735419	0.05291391	0.19850638	0.02151143	0.06108130	0.05715087	0.02667418	-0.14900955	0.08823063	-0.01914682	-0.04217600	0.05921975	-0.01382987	-0.01232505	0.10015509	0.06279195	0.15226968	0.00461059	0.23602862	0.22910957	0.26299099	0.22999161	0.10691274	0.01605374	0.13204448	0.16419670	0.18092251	-0.05197009	-0.07949211	-0.07949861	-0.01351100	-0.11631769	-0.06760723	-0.00828339	0.05645269	0.06485555	0.00078596	0.00642880	0.04830214	0.04328621	0.20407875	0.11111981	0.16925411	0.03442524	0.30141012	0.09497965	0.18892426	0.10329417	0.11322263	-0.04459674	0.19962326	0.12741285	0.00139860	0.15430896	0.16279036	0.13394469	0.17265951	0.04090776	0.14802530	0.29841482	0.00826194	0.12443886	0.14146368	0.05785775	0.22032539	0.15129869	-0.04053050	0.01406192	0.17673227	0.13069226	0.18612098	-0.07652617	-0.02232836	-0.03063591	0.19887607	0.02543227	0.16848780	0.10790925	-0.05049234	0.02336658	0.01624445	0.07466158	0.12863720	0.12664000	-0.06883092	-0.05713543	-0.05340240	-0.12051936	-0.02185895	-0.11722919	0.02632843	0.00959936	-0.02447621	0.10210237	0.26801526	0.11657542	0.14236048	0.13502760	0.19713077	0.11139994	-0.07630402	0.04728067	-0.07976246	-0.04725935	0.08845828	-0.06872780	-0.05579422	-0.10883730	-0.06124658	0.08607061	-0.12468919	-0.01703780	-0.04388230	-0.07843551	0.01012055	0.03149044	0.09189978	-0.05589640	0.06540582	0.03694158	0.12540257	0.11441984	0.07431228	0.16463484	0.07333482	0.10883291	0.04290534	0.07931614	0.06903981	0.18037923	0.03208491	-0.15512079	0.04077337	-0.03434073	-0.16554317	-0.03578081	0.02652973	0.16332550	0.14064194	0.09886340	0.18327831	0.09595004	0.13344896	0.06768491	0.02615511	0.01420905	0.05972314	-0.01900037	0.09644036	0.15177707	0.01847913	-0.06428587	0.07509257	-0.13360188	0.02557405	0.05716488	0.04073208	-0.08742357	0.03086617	0.02795026	0.00763266	0.01840084	0.05861662	-0.12058797	0.01333251	-0.06959361	-0.07310322	-0.02743920	0.03740603	0.03339021	-0.03767348	0.05204140	0.00027230	0.01166612	0.03227902	-0.00743071	0.09216389	0.08559005	0.01083642	0.00977982	0.19529945	0.08327858	0.05319083	0.12505381	0.05157637	0.09091808	0.06130405	0.03049044	-0.00848433	0.05655259	0.18764506	0.05195155	-0.05250532	0.09757717	-0.01860995	-0.02784590	0.17077495	0.01856873	-0.18375038	0.27061912	0.10439574	0.06820847	-0.02798154	-0.09727997	-0.10287567	0.17238658	-0.02619635	0.17539269	-0.02125107	0.02022430	-0.07143346	0.01423220	0.20967809	0.09737163	-0.06374426	0.08035677	0.02859333	0.09184994	0.00615870	0.01755513	0.37409922	-0.00126150	0.14341523	0.39990226	0.30369241	0.35654049	0.31292656	0.21653129	0.36434810	0.43247769	0.04168364	0.00040955	-0.08220582	-0.05605324	-0.05287838	0.06910506	-0.02626419	-0.05809937	0.08439140	-0.04949474	-0.02173168	0.15709684	0.20906157	-0.06246531	0.23279462	0.06413387	0.37937830	0.19864265	0.19322462	0.29615073	0.14796447	0.25500479	0.02520961	0.13091577	0.11204564	0.29276464	0.40285566	0.06341236	0.24380749	0.80621861	0.34312333	0.22255814	0.27239137	-0.01209201	0.15551643	0.28681827	0.22030721	0.10893809	0.07133272	0.24781181	0.13772483	0.22103287	0.28027563	-0.03373666	0.09758436	0.03434218	0.20877749	0.23271767	0.30181237	0.24382444	-0.00032984	0.01590206	0.09661109	0.17391051	0.05521373	-0.04987951	0.21586224	0.07106680	-0.00212396	0.32312581	0.24258394	0.12843650	0.03653002	-0.05496019	0.08387180	0.23962274	0.17792201	0.23042502	0.14861690	0.03030858	0.15149648	0.27166221	-0.01069851	0.01540788	-0.01558775	-0.03106792	0.09981208	0.01813945	-0.08876501	-0.09823481	0.04925476	0.07022490	0.01459981	0.19389780	0.10648320	0.02917790	0.21681338	0.16416063	-0.08158254	-0.09115487	-0.03787874	-0.06942804	-0.05361996	0.03387204	0.02921942	0.01868313	0.05799419	0.07907395	0.00446067	-0.03873394	0.03054762	-0.05682570	-0.09810976	0.07263250	-0.05519390	-0.03302080	0.03583903	0.00325086	-0.00257467	0.00060816	0.07507067	-0.02512854	0.05364842	0.04153683	-0.03431199	0.06549804	0.05578529	-0.04985136	0.02593358	0.11945364	0.13244158	0.06824227	0.07712733	-0.04984481	0.01649093	0.03634313	0.07046676	-0.04650665	0.05123854	0.12451744	0.13650664	0.17831815	0.06120855	0.07818673	0.14493685	0.21463748	0.04835866	0.00802742	0.02827169	0.04873704	0.23236709	0.00110975	0.08016074	0.11535500	0.03366794	0.14551125	0.01721330	0.03075720	-0.07786154	0.03769586	0.07108109	0.10076177
17Networks_RH_ContB_PFCld_2	0.12328848	0.23902943	0.08340905	0.12653192	0.24190373	0.23247610	0.26188141	0.06215309	0.20321648	0.22830307	0.19981268	0.08244245	0.17881874	0.07539163	0.19307293	-0.04041059	-0.06987362	0.15096499	0.18847776	0.16319166	0.21324496	0.14367020	0.22038148	0.11253000	0.16986466	0.18347513	0.14843900	0.12920902	0.14127652	0.13987184	0.03847678	0.09939733	0.20983726	0.07596483	0.13395290	0.01861314	0.04365342	0.05706565	0.15027754	0.16339072	0.21134928	-0.06587219	0.20046616	0.05800799	0.21394380	0.28320448	0.03095253	0.13076571	0.04227775	0.24341182	0.24238987	0.20878702	0.09903074	0.07004798	0.22100991	0.26302401	0.27549762	0.23814842	0.28929012	0.11262814	0.11533904	0.05298808	0.08773716	-0.03629288	0.05005511	-0.05488330	0.09013043	-0.08083990	-0.11984873	-0.08511735	0.02517571	0.17493026	0.17099160	0.17011438	0.02169223	0.16411870	-0.05771846	0.07680421	0.07138401	0.11478198	0.08298852	0.19524320	0.07604917	0.11101554	0.22930584	0.15610928	0.18620377	0.01774502	0.06710947	0.09355176	0.10571271	0.11376221	0.06261335	0.12119772	0.15310829	0.05163370	0.13960803	0.16919933	0.27786287	0.06146352	0.21392875	0.13813290	0.17835784	0.22395262	0.11173602	-0.02583168	0.11927357	0.23635126	0.21092905	0.03360280	0.04823871	0.06212001	0.10863047	0.03182613	0.04639305	0.08474301	0.15576587	0.16316635	0.09092282	0.08369606	0.06907979	-0.03716599	0.02634608	0.12269857	-0.04033646	-0.07161477	0.13210017	0.01976649	-0.03686735	0.02779316	0.16332347	0.09710252	0.15053780	0.06489045	-0.00665610	0.32539138	0.19441921	-0.07044431	0.10618278	0.11889438	0.28386266	0.33340344	0.29183304	0.10247844	-0.01612673	0.07891982	0.17163428	0.12139135	0.19118292	0.21469588	0.24422821	0.20302411	0.26590627	0.07295095	0.20164353	0.06325042	0.21517123	0.09796359	0.23948074	0.29205200	0.10940158	0.26774762	0.22130250	0.29775789	0.28024160	0.32018146	0.08369068	0.11638324	0.09916714	-0.04948243	0.07958593	0.08589532	0.10470459	0.25254688	0.19922580	0.18818913	0.31922222	0.12918732	0.07800714	0.30595003	0.22245075	0.22589190	0.12676457	0.06215272	0.17570869	0.19553867	0.12719391	0.06041709	0.02905567	0.04592027	0.12748284	0.09513095	0.02334897	0.09915622	-0.03757467	0.02320155	0.17084572	-0.02657243	-0.06871154	0.01080194	-0.00664056	0.06288499	0.16321969	0.06008172	0.13667885	0.26232699	0.15425159	0.19992532	0.06625403	0.17399045	0.17563244	0.24201900	0.18089615	-0.11368061	0.02857749	0.08255835	-0.12171022	0.11691564	0.04351323	0.21510251	0.25743205	0.19334654	0.30866428	0.24013099	0.33708577	0.28519865	0.20236255	0.20617802	0.21880688	0.03851150	0.15988641	0.06320538	0.14589651	0.05695145	-0.00330520	0.01973988	0.09286371	0.19179285	0.18228099	-0.10726296	0.11948083	0.15973784	-0.04581226	0.09471323	0.17644696	0.09314245	0.21174145	0.08623400	0.09546205	0.14461892	0.23197269	0.18307584	0.14907276	0.09177257	0.15894350	0.21421043	0.23039466	0.17702507	0.09533237	-0.06429566	-0.00579557	-0.00225738	0.04444402	0.05639553	0.04216352	-0.08695929	0.05421878	0.01322179	0.09026624	-0.17522283	0.09562942	0.11177047	0.02412257	0.13892423	0.01671699	0.00799407	0.11818602	-0.06362316	0.16388335	0.12928173	0.01115686	0.16609598	-0.12290612	0.02927593	0.08105262	0.06648106	0.00600748	0.26457782	0.05499013	0.08343488	0.05833578	0.09979010	0.06068347	0.12585173	0.08487835	0.26909893	0.15456001	0.04343821	0.21656380	0.06114177	-0.01851227	0.00858380	0.25010405	-0.02291787	0.00486862	0.11409441	0.34330332	0.33760409	0.17623915	0.09965819	0.50484301	0.40327437	0.19782148	0.05317854	0.14400053	0.00480437	0.07259438	0.16729977	0.03181313	0.10362064	0.28242321	0.19614386	0.08899432	0.19043821	0.10600575	-0.06409366	-0.01019357	-0.14723564	0.27929604	0.30165744	0.29242563	0.34302578	0.00798010	0.29151916	0.01826611	0.17159201	0.11430294	0.12721681	0.30457705	-0.08964244	0.00771403	0.34312333	0.87304633	0.35186287	0.23480946	-0.00204620	0.15021132	0.18997415	0.32214424	0.36490024	0.12823680	0.17160061	0.25711175	0.35079769	0.09964017	0.00994256	0.13426183	0.31435914	0.34026004	0.28974763	0.32250646	0.40617211	0.16080952	0.17638250	0.15518627	0.15039418	0.29468463	0.18840049	0.27461014	0.25777378	0.29667322	0.39015608	0.26207811	0.21434282	0.08255321	0.26629204	0.36722158	0.26166626	0.35345855	0.26015066	0.17287930	0.09146614	0.21909929	0.27832942	0.16493126	0.09279897	0.11201409	0.12663645	0.10530672	0.08670962	0.06225761	0.15911318	0.22687660	0.20730019	0.13000073	0.04886450	0.10286525	0.06702252	0.27867210	0.11681426	0.00332838	0.05864372	0.02175660	-0.08896207	0.01696029	0.12516761	0.02388505	0.05200572	0.01024227	0.07017691	0.10109753	-0.03629972	-0.00446015	0.07824505	-0.14122771	-0.01341839	0.05629097	0.02430868	0.05972407	-0.08651504	0.04098890	0.14881626	0.08897697	0.05624458	0.03514697	-0.05125868	0.10160102	0.01379890	0.02999759	0.10200987	0.02834116	0.09563282	0.25147600	0.13206265	0.22318443	0.01752756	0.06183885	0.16652743	0.21075409	0.01983612	0.20856698	0.23884226	0.19651025	0.25335215	0.18602531	0.26276795	0.13110076	0.15414938	0.14023401	0.16974925	0.19476523	0.09475374	0.21792272	0.18997721	0.07831052	0.17232351	0.14248311	0.32020356	0.16120726	0.19901930	0.16276272	0.23832577	0.26365314	0.26889397
17Networks_RH_ContB_PFCld_3	0.34905760	0.32611505	0.21713199	0.30758270	0.19049328	0.25819220	0.30543390	0.03632099	0.26978304	0.11085810	0.15867547	0.03458191	0.04838596	0.04278149	0.38725389	0.06783838	-0.16529391	0.16046460	0.12931595	0.07007465	0.12692494	0.05640001	0.19093437	0.14511077	0.21447757	0.25377795	0.12324147	-0.00007205	0.27421011	0.11919692	0.12278377	0.13308838	0.28884112	0.22897163	0.12752449	0.19081837	0.07240790	0.31095703	0.40140372	0.22188611	0.28612791	0.05188989	0.29510727	-0.02398443	0.11016254	0.12691336	-0.03874008	0.01298351	-0.02074762	-0.01975952	0.19813105	0.17821331	0.06439568	0.10281844	0.29527367	0.15800072	0.38132124	0.05452149	0.38533400	0.21377746	0.11793709	0.33072663	0.18030251	0.02903809	0.05739719	-0.10409366	0.23033094	0.01565003	0.04149501	0.17137004	0.08570253	0.19042845	0.10077206	0.25196740	0.19209355	0.30426769	0.06809977	0.10700587	-0.02382402	0.07506508	0.15422797	0.38156635	0.46920650	0.27076744	0.30013101	0.03676862	-0.01175127	-0.08266087	-0.07622146	-0.06297564	-0.07488866	-0.04957245	-0.05660661	0.07459657	0.20845829	-0.00373186	0.15052216	0.25148070	0.34491990	0.21211064	0.11460175	0.10009878	0.20313613	0.06593899	0.07492508	-0.04194487	0.12678907	0.40175585	0.27955033	0.07178552	0.18775926	0.22400964	0.39374079	0.16812211	0.17537061	0.18133696	0.20733828	0.11257256	0.08730764	-0.05759106	0.09508367	0.24058717	0.05541921	0.31086875	0.10441296	0.05880176	0.17960935	0.12959362	-0.08962053	0.03612514	0.37750243	0.32074140	0.08713878	0.27665266	0.18483732	0.48109784	0.29453009	0.13994322	0.40465284	0.32513640	0.43351991	0.33514172	0.43014035	0.17491959	0.08574962	0.23080062	0.18734807	0.04257859	0.41772870	0.49968278	0.49790108	0.26139687	0.45779982	0.23731158	0.29807602	0.35147431	0.39077710	0.32605972	0.42851093	0.42660123	0.28137999	0.27895157	0.26120809	0.26391512	0.46650152	0.25120442	0.11958209	0.32298500	0.39041464	0.14936615	0.36387369	0.19518160	0.26828618	0.30482503	0.39377045	0.37446479	0.32798327	-0.05933871	0.18079955	0.26484561	0.15653328	0.51131239	0.11557162	0.06379849	0.32156693	0.23031635	0.26849407	0.36136345	0.06369385	0.17571627	0.18026159	0.09731259	0.00569069	0.10486862	-0.18539772	-0.07878466	0.13562396	0.01426742	0.01684058	-0.07209914	0.29445583	0.24791617	0.37344099	0.20774395	0.16819764	0.35991495	0.37971104	0.29313478	0.19146378	0.14512321	0.10972760	0.16353009	0.14854084	-0.01310511	0.22797360	0.08328181	-0.08440032	0.06087025	-0.01585765	0.09501973	0.18477559	0.18860384	0.22797026	0.30217871	0.34848368	0.35116010	0.24959773	0.19308721	0.43314622	0.14461405	0.22232427	0.27863086	0.31131702	0.14820680	0.20568430	0.19094190	0.09789138	0.34459132	0.21798615	-0.01704791	0.27429259	0.11341009	0.27634130	0.03203714	0.12906493	-0.01794554	0.18158750	-0.02188864	0.07747785	-0.02335442	0.06318617	0.08858011	0.20268730	-0.07509123	0.01256327	0.21180503	0.41122013	0.24951839	0.12274814	0.26188662	0.23656851	0.16638795	0.14084296	0.27292459	0.18977496	0.05780511	0.07420281	0.08228978	0.12896508	0.02499295	0.14304020	0.15009113	0.26902444	0.23889948	0.17891247	0.26780159	0.21351911	0.14898830	0.12138277	0.12370834	0.17000247	0.46491108	0.18843961	-0.02159729	-0.15062826	-0.04033175	-0.09479096	0.32952213	-0.08239284	-0.11657163	-0.01472740	0.04404816	-0.14099577	0.09069005	-0.02257106	0.26941039	0.16329954	0.13577666	0.13737124	-0.02993531	-0.11760336	0.13912961	0.06907425	-0.04607925	0.00804729	0.10591676	0.25766679	0.24317602	0.00253743	-0.13114796	0.33339111	0.22683626	0.15533166	-0.05220414	0.25168871	-0.03774039	0.18397624	0.38343539	0.11318700	0.20244402	0.07683127	0.23021450	0.07636887	0.18404923	0.28625327	0.24247178	0.11725418	0.12892463	0.28871842	0.43103585	0.24773472	0.31819944	0.06187601	0.35698247	0.15300548	0.32404874	0.32063864	0.04895072	0.31218699	-0.03153032	0.13309093	0.22255814	0.35186287	0.92159706	0.23518431	0.09600021	0.05382237	0.10317059	0.39837439	0.19780798	0.14214205	0.11718614	0.43808856	0.40693892	0.07536854	0.11713945	0.08985926	0.39305736	0.33294910	0.49348968	0.38746054	0.36563757	0.20550929	0.27390743	0.34981848	0.30601414	0.43196612	0.29020476	0.29359911	0.24605615	0.33011038	0.22365727	0.09772542	0.32879530	0.27622149	0.13153214	0.28655658	0.50449369	0.38657284	0.09742708	0.30620082	-0.02974099	0.14566149	0.13965170	0.39481550	0.40848437	0.15583090	0.22683231	0.03618011	0.22328870	-0.06929468	0.26693748	0.18324598	0.15272061	0.15822191	0.01241901	-0.06842189	-0.07735797	0.23090086	-0.07379301	0.09267924	0.10323124	0.13218665	0.03693331	0.16527992	0.03612123	0.11014365	0.21918098	-0.10257972	-0.04623225	0.14732257	-0.10692877	-0.01209817	0.11768907	-0.09843931	0.17114469	0.17985317	0.12741337	0.12100466	0.02636347	0.22905146	0.09572156	0.15463681	0.10588296	-0.08231764	-0.12809177	0.01882445	-0.03687472	-0.00563425	0.14591323	-0.04365436	0.18987289	0.26352886	0.15713140	0.24278311	0.05151306	-0.04366269	0.18216743	0.15868870	-0.13042847	0.35127428	0.21445659	0.18295137	0.29335833	0.25586151	0.18867752	0.11174038	0.10216551	0.28524716	0.19709920	0.17864130	0.16037432	0.19092857	0.18704216	0.07991131	0.18907030	0.24808188	0.36151671	0.40864037	0.41296149	0.34828133	0.35142641	0.40398367	0.34540427
17Networks_RH_ContB_PFCld_4	0.11714993	0.19222077	0.07236979	0.08287687	0.14787359	0.05414141	0.14016790	-0.05504346	0.06835768	0.05875889	0.09345308	0.09894679	-0.04974907	-0.03086872	0.09415643	-0.09058470	0.01714193	-0.03005186	0.06535026	0.01691687	0.18213634	0.02553124	0.13542378	0.06630518	-0.07551822	0.07097814	0.10950967	0.19259571	-0.04279644	-0.02596116	-0.08900505	-0.07737598	0.16935630	0.02429967	0.04915652	-0.03883287	-0.00749356	0.11827903	0.17206359	-0.06014866	0.01445958	-0.05578178	0.11518378	-0.01274163	0.02499630	0.13320148	-0.01574115	-0.04614689	0.12025089	0.02893507	-0.04795146	-0.07151122	-0.04959620	-0.08518275	0.06141855	0.14355650	0.11823201	0.22833559	0.09285815	0.08137780	0.03710400	0.09739032	0.03223916	0.04766062	0.02444751	0.03400648	0.31649261	0.00749639	-0.03498708	0.14686131	0.07674391	0.10122016	0.05845081	0.08034505	0.06409217	0.03239947	-0.04009320	-0.07335859	0.00419984	-0.00842452	0.08851546	0.17296130	0.13600586	-0.04464164	0.08803258	-0.07490189	-0.03820328	-0.17176874	-0.04381188	-0.11147482	-0.10714721	-0.11149449	-0.19183463	0.00674860	-0.00860720	-0.23708001	0.06516018	-0.03716937	-0.00847716	-0.06160266	0.06229729	0.03748128	0.18977300	0.09560246	-0.05636084	0.07439865	0.13210043	0.20540292	0.06414126	-0.03401947	-0.05269148	0.03520348	0.00791620	-0.05634452	-0.03725326	0.01059882	0.01958883	0.12207919	0.01355042	-0.01869584	0.18434300	0.22397418	0.02614234	0.28958669	0.20303235	0.07485415	0.21536661	0.21775096	0.23496584	0.17240365	0.25128971	0.21185788	0.03473744	0.16289466	0.14080758	0.18053339	0.19739232	0.23410469	0.34634230	0.20085715	0.17220470	0.19899541	0.06626584	-0.04353892	-0.01402735	0.06160315	0.11377939	0.04478001	0.18139048	0.23227493	0.13125607	0.37358724	0.43258160	0.08049873	0.08240600	0.17469060	0.08067486	-0.02225634	0.12658176	0.10685364	0.08817847	0.03257951	-0.00151324	0.01365238	0.21489478	0.01650009	-0.07249571	-0.01680671	0.05011224	-0.01885993	0.18169993	-0.05632856	0.08902476	0.04975925	0.06326075	0.26770532	0.19808865	0.26678102	0.33968276	0.18302606	0.31569928	0.29427996	-0.03408776	0.10977342	0.02220602	0.07384564	0.13406712	0.17645922	-0.00754600	0.00706367	-0.00339128	0.04471853	0.01505879	0.00936284	-0.07956303	-0.07209701	0.02276912	-0.10891691	0.10313016	-0.13525290	0.03173446	0.04386551	0.13694651	0.04082196	0.15740475	0.27455281	0.04669761	0.06825463	0.08597661	-0.07651031	0.04527563	0.14967488	0.01945634	-0.07953718	-0.03660465	-0.04585939	-0.10675006	0.12267894	-0.03146827	0.15714267	0.11753849	0.14741174	0.15725816	0.10501677	0.14980605	0.00600911	0.06301711	-0.04802522	0.06628028	0.05599505	-0.00253267	0.04804544	0.01290729	-0.00535518	-0.07203159	0.07318048	0.00251171	-0.01201644	0.03636399	-0.11270889	0.12724809	-0.01292664	-0.07306049	-0.02895215	-0.03598990	-0.13845144	-0.00940352	-0.10742571	-0.07784468	-0.01085813	-0.01452114	-0.06335270	-0.05323530	-0.03482651	-0.08196546	0.08631851	0.06368815	-0.00080356	-0.01669254	0.13807793	0.04663723	-0.09305500	0.10045582	0.07929216	0.08368223	0.13880023	-0.05858534	0.09561033	0.01236874	-0.08586426	-0.10446426	0.02282387	0.21719231	0.05460722	-0.05034383	0.08451227	-0.04212636	-0.11704670	0.02744632	-0.08602021	-0.09735024	0.12305071	-0.09303441	-0.05441238	-0.17597187	-0.07412631	-0.20500885	0.06533363	-0.11631820	-0.02471864	-0.18153626	-0.05820621	-0.13638308	-0.09945323	0.06276792	-0.02030328	-0.01052124	-0.04079848	-0.05570497	-0.15233258	-0.06965850	-0.14653400	0.09795280	-0.18573475	0.11820181	0.31565943	0.14655926	0.15233468	0.13802433	-0.07575921	0.16350714	0.19940200	-0.01366225	-0.02327830	-0.04192782	-0.03462492	-0.02842041	0.11604195	-0.00671846	-0.02177149	0.04637349	0.05301651	0.08217705	0.19181689	0.29984038	-0.08294101	0.25269124	0.08078203	0.21611235	0.19693491	0.16219775	0.18651345	0.09443997	0.17975744	0.14541724	0.19522847	0.27992500	0.05207618	0.23788825	-0.14738226	0.14169168	0.27239137	0.23480946	0.23518431	0.74708502	0.06387153	0.01591432	0.11725360	0.10413743	0.01837814	0.03541891	-0.03678726	0.13706960	0.08699831	0.10136232	-0.07847841	0.00633233	0.13289399	0.11173797	0.36765095	0.21783284	0.31082909	0.07410677	0.08163424	0.05601161	0.03316794	0.04407303	0.07845883	0.11886421	0.04463511	-0.02968946	0.23665895	0.01020449	0.05386792	0.02931892	0.00485733	0.05059188	0.34391924	0.12511225	0.36546942	0.09295486	0.06470896	0.00903439	0.04578540	0.20252842	0.11560918	0.00147574	0.03996281	0.10540013	0.11012929	0.00297139	0.01431751	0.00992320	-0.06680547	-0.10854947	-0.00509002	-0.17204086	-0.14091218	0.02729631	-0.14578470	0.02807071	-0.01522959	0.02277954	0.00821489	-0.03112653	0.06389561	-0.03322540	-0.00677207	-0.04415255	-0.01476403	0.01088665	-0.10523223	0.02211671	0.02696538	-0.14416767	-0.02877821	0.05561530	0.08946256	0.10014087	-0.02907231	0.00218312	0.02479940	-0.02721667	-0.07039000	-0.03340559	-0.00120337	0.01678720	0.03227996	0.00933790	0.04529650	-0.09939587	0.03099026	0.10462744	0.10751316	0.11773205	0.09046270	-0.00585667	0.06015784	0.13061672	-0.06889593	0.02960459	0.13618400	0.05419500	0.12812832	0.04183075	0.09485490	0.15882737	0.09996941	0.08008167	0.09154335	0.00654856	0.15551758	0.26364023	0.05985732	0.04175276	0.09496163	0.07766078	0.24556204	0.07773495	0.18660926	0.08377779	0.06402823	0.15123746	0.12108519
17Networks_RH_ContB_PFClv_1	0.02703961	0.13849316	0.05035891	0.14963771	0.23957600	0.21384426	0.22299705	-0.06686515	0.11061241	-0.04137983	-0.17672319	-0.15398597	0.08833457	-0.00983457	0.06151518	0.05377874	0.12743380	-0.03117794	-0.03563157	0.02388812	-0.13490659	-0.12171205	-0.14171729	-0.12279104	-0.05266637	-0.16037098	-0.16491963	-0.13480982	-0.12788059	-0.11796971	-0.24011562	-0.18172398	-0.04159716	-0.13190573	-0.10513904	-0.07661137	-0.21304555	-0.09127546	-0.05106844	-0.04744730	-0.18962585	-0.02914377	-0.08503219	-0.08096587	-0.14389726	0.13170216	-0.03542378	-0.09982222	-0.14880687	-0.09024331	-0.13199612	-0.13690375	-0.20995561	-0.24497096	-0.22635536	-0.07476298	-0.24194669	-0.07221418	-0.18671478	0.17159657	0.13668606	0.20114113	0.14132329	0.08682474	-0.03849726	-0.13247057	0.08198610	-0.11541407	-0.10764000	-0.03328229	-0.03410002	-0.05473760	0.03615471	-0.04543806	0.04555160	-0.04640377	-0.03222638	-0.18802413	-0.07626045	-0.07607341	0.04979243	0.01456574	0.07212803	0.05652957	0.10644728	-0.04189162	-0.03040478	-0.08653249	0.08500844	-0.02152064	-0.05743079	-0.04384141	-0.07693939	0.03953686	0.04984259	-0.19210240	-0.14128562	-0.04379102	0.02731406	0.02894833	-0.14180472	-0.06152312	0.05629876	0.06421401	0.09905748	0.15630486	0.45307316	0.09454108	0.14445662	0.51355905	0.40073036	0.09625956	0.05034726	-0.34703470	0.10808006	-0.02698542	-0.06072607	0.29387635	0.32337656	0.17455119	0.00442029	0.19332211	0.00454620	0.09674404	0.09450530	-0.04893572	0.06566300	0.38698176	0.03304739	0.04630705	0.19697810	0.23484628	0.07201630	0.23564148	0.15603101	0.01069927	0.07436578	0.05174786	0.23516580	0.27689627	0.02743112	-0.08547155	-0.05612290	-0.07488589	-0.03809606	0.04589278	-0.01132758	-0.04206421	0.12066183	0.16746098	0.10121617	0.15820158	0.25443981	0.09221065	0.06850314	0.20356150	0.03256376	-0.01034422	0.07448757	-0.01738031	0.19152227	0.14097200	-0.05746552	0.03351399	0.00763193	-0.00644343	0.35261013	-0.21440860	0.08398070	0.04836526	0.13072185	-0.07582566	0.18569514	0.02798927	0.03701513	0.24904377	0.06875601	0.09747145	0.14627020	0.00614772	0.04919067	0.08821975	0.28000931	0.54575793	0.28013108	0.38501493	0.21511765	0.27921865	0.17002571	0.20814319	0.13952043	0.19320035	0.16777998	0.18092911	0.08696979	-0.09697612	0.03149739	-0.00388492	-0.06702421	0.02607851	0.03354788	0.04887236	-0.02084357	0.19313373	0.19626932	0.06798870	0.16541258	-0.05089216	-0.04800639	-0.14068036	-0.18555514	-0.13563870	0.00561484	0.09168246	0.13718326	-0.07001692	0.00429729	-0.03536133	-0.05075838	-0.08956921	-0.02104683	-0.01461076	0.01403221	-0.10015964	-0.12954265	-0.12512789	-0.17213309	-0.12390245	-0.17107027	-0.07070650	-0.16532457	-0.07649235	-0.16822521	-0.23923579	-0.11089279	-0.10802238	-0.16893250	-0.19155710	-0.13490392	0.04086973	-0.09400745	-0.11287767	-0.11702417	0.12768002	-0.04224831	-0.12133115	-0.13473969	-0.01022577	-0.11257865	-0.11421511	-0.06677353	-0.11495645	-0.13097070	0.01885263	-0.15519513	-0.02096155	-0.18701790	-0.11025129	0.10895045	0.17975032	0.04168873	-0.13157045	-0.12391433	-0.18185359	-0.05484832	-0.15027134	0.02277029	-0.11809636	-0.00845963	-0.16498015	-0.03314306	0.03950414	0.16534185	-0.13035811	-0.08001667	-0.06478977	-0.10608416	-0.07861930	-0.05898977	-0.00728654	-0.04690887	0.00339207	-0.09116648	-0.08127602	-0.07246706	-0.15420618	-0.03942267	-0.02028162	0.08232044	0.09688662	0.04026035	0.04900778	-0.08218102	0.03020423	0.15756122	-0.11975803	-0.03258241	-0.08541857	0.01017152	-0.14886476	-0.16060689	-0.02994550	0.00477060	-0.16562521	0.29699530	0.00435441	0.01463697	-0.04159882	0.08188946	-0.07983075	-0.05080923	-0.14324882	0.12321136	0.32970130	0.30001731	0.33778703	0.10841376	0.28849807	0.13918246	-0.34571556	0.34559591	0.02830439	0.07900277	0.18731814	0.01397392	-0.00045726	-0.11705300	-0.18819488	0.03977057	0.18458039	0.15875279	0.06033044	-0.05751146	0.00336755	0.01917287	0.04235352	0.34318334	-0.14452710	-0.09256010	-0.15914385	-0.13602931	-0.01209201	-0.00204620	0.09600021	0.06387153	1.12579133	0.36965957	0.26680704	0.04802714	-0.06203884	-0.13645999	-0.12146963	0.08667641	0.01072851	-0.03733300	0.03662832	-0.10865251	-0.11100280	-0.00852961	0.09931989	0.05472499	0.13859447	0.15366439	0.15301898	0.10476344	0.03034261	0.00166045	0.22667362	0.11603912	0.09396558	-0.04682039	0.00129629	-0.09005978	0.00574906	-0.01482243	0.20723581	-0.01163371	0.23601691	-0.04018092	0.09131266	0.20457437	0.37169786	0.36195797	0.25192707	0.09668005	0.03252260	0.12181432	0.13933963	0.10572096	0.08693439	0.19626467	0.14648155	0.04478686	-0.03250735	-0.11535243	-0.23440218	-0.21345941	-0.12610773	-0.13722007	-0.23307571	0.08866397	0.11920482	0.02508507	0.14871683	-0.00572220	0.04202166	-0.04562762	0.00515526	0.02462401	0.13286480	0.07922929	-0.07095857	0.02836633	-0.04477915	-0.00155362	-0.03333281	0.13451484	-0.03647409	0.16159645	0.21687691	-0.01520877	0.04148731	0.03298141	-0.12483411	0.02665772	-0.03395117	-0.18833840	0.01833793	0.03241628	-0.11658529	-0.17355542	-0.16267224	0.14426594	-0.15785141	0.00180943	0.01801181	0.07868483	-0.12618703	-0.03253008	0.20556186	0.13645751	-0.07811324	0.00943161	0.04333723	0.23084076	0.16157361	0.24425926	0.24912897	0.16452326	-0.01191819	-0.00234820	0.06043911	-0.02196319	0.13791135	0.00059506	0.11110994	-0.02163919	0.04967431	-0.08267738	0.02208554	0.04592265	0.15566833	0.07736820	0.04616510
17Networks_RH_ContB_PFClv_2	-0.03822179	-0.08176471	0.06003074	0.17348722	0.12607517	0.08986354	0.08369297	-0.06713487	-0.08054753	0.01465268	-0.17291019	-0.13591797	0.02838770	0.04928664	0.05038661	-0.12631652	-0.00367663	-0.01444135	-0.08391147	-0.06008607	-0.05994419	-0.11756719	-0.21667983	0.10130879	-0.11816952	-0.05136568	-0.09164123	-0.03379510	-0.11533098	0.00798322	-0.19392017	-0.15600377	-0.00829509	-0.13197721	-0.10085842	-0.08993666	-0.14072700	-0.16266250	-0.10353611	-0.08065200	-0.08911199	-0.09664148	-0.18186437	-0.14167224	-0.08245282	-0.01207217	-0.12676350	-0.02983137	-0.10102956	-0.00196085	-0.10485743	-0.07148912	-0.10941502	-0.06349679	-0.10277137	-0.02916905	-0.04107369	-0.07513955	0.03382068	0.03481928	0.00410160	0.05786563	0.02366137	0.02135651	-0.06818001	-0.00902286	-0.05250241	-0.19718432	-0.15898278	-0.08346518	-0.05695710	-0.00283406	0.18018738	0.02498027	0.10536990	0.01767733	-0.05070752	-0.11709033	0.01226254	-0.00682263	-0.03723143	0.00465274	-0.04008725	-0.04920250	0.05102152	0.02390182	0.07628139	0.09848821	0.09569925	-0.01446688	-0.03372074	0.01243228	-0.10775995	-0.07336230	0.05162312	-0.03090744	-0.08446069	-0.05815144	-0.03217933	-0.08340435	0.10923359	-0.10305925	-0.07736943	0.11274351	0.03251699	0.01820371	0.40237252	0.00178342	0.26981742	0.28662007	0.36241842	0.16074294	-0.13200064	-0.24612496	-0.05754330	-0.04076670	-0.12695645	0.24640363	0.19959940	0.32136543	-0.11052193	0.02669965	0.01239733	-0.01899050	0.05428597	0.00285040	0.10360071	0.12902626	-0.01608275	-0.08492105	0.05437721	-0.05524230	0.06662721	0.21148429	-0.07156248	0.00472157	0.01261324	-0.08986301	0.07686393	0.14320617	0.11182076	0.07314159	-0.11995812	0.01960588	-0.03007736	-0.01288322	0.05636989	0.06442095	-0.06939787	-0.02515623	0.00594533	-0.00663984	0.09547851	-0.04323745	0.00668866	-0.00258558	0.09941845	-0.06118607	0.03986391	-0.01393815	0.04155179	0.21151040	-0.13984580	-0.00662788	0.05374999	0.02130547	0.21796949	-0.18341221	0.02353148	-0.20292476	-0.11089837	-0.10306436	-0.06205362	-0.02450216	-0.18992272	-0.12285645	-0.06159067	-0.10464827	0.01503637	0.02182607	-0.17098416	-0.02343574	0.07559326	0.29551133	0.09219588	0.05528363	-0.00010460	-0.00996029	0.00661495	0.03774834	0.00181453	0.15102544	-0.06447558	0.06664233	0.02646651	-0.08336033	-0.08320756	-0.05085162	-0.09090790	-0.07822979	-0.04224561	0.06460891	-0.04767426	0.18610099	0.18602675	-0.04124066	0.05661480	-0.08038668	-0.22347491	-0.04193085	-0.16935009	-0.12682629	-0.06732494	-0.03528121	0.04601440	-0.01021876	-0.12771152	0.02867183	0.05559909	-0.02820333	-0.04875254	0.08107555	0.00685359	0.01104182	-0.09084883	-0.02691454	0.06538593	-0.17226765	-0.07601201	-0.11994052	-0.07064486	-0.06699432	-0.08304318	-0.24747548	-0.12192444	-0.27179138	-0.04134710	-0.05800459	-0.09979027	-0.05958192	-0.12162771	-0.04137469	-0.14809924	0.13847550	-0.02291289	-0.17446567	-0.06965121	-0.07715744	0.03252527	-0.05504247	0.07481776	-0.05219310	-0.08585736	0.08746702	0.04476230	-0.03642343	-0.06536013	-0.05031428	0.03282081	0.01310760	-0.16893470	-0.05526653	-0.02607429	-0.12754783	-0.11944716	-0.07952847	-0.03024084	-0.16234326	-0.01451958	-0.12592262	-0.05320056	0.05410505	0.04479359	-0.12128203	-0.03854922	0.04352538	0.06778160	-0.06366234	0.04521662	0.06438652	-0.10168609	0.05694656	-0.05049972	-0.08620281	-0.03301831	-0.08655758	-0.05268121	-0.03286488	-0.02619224	-0.01142033	0.03649639	-0.02698736	0.03774391	-0.05729275	0.14236184	-0.08764927	-0.07169456	-0.03346250	-0.06497540	-0.07418200	-0.08252524	0.00304314	0.16627419	-0.08956690	0.27145291	0.14567453	0.06117090	0.12400857	0.18276462	-0.00395680	0.11042246	0.05239349	0.38681927	0.33509505	0.35415122	0.47911301	0.17691050	-0.00113159	-0.03109455	-0.20170290	0.27193780	0.02111387	-0.07001992	-0.00681914	-0.04803496	-0.00480168	-0.06804564	-0.16474554	0.26282729	0.22708029	0.07454961	0.16242750	0.04170169	0.01928360	-0.14439874	0.08991009	0.18005928	0.05957979	0.17653593	-0.01302063	-0.01331837	0.15551643	0.15021132	0.05382237	0.01591432	0.36965957	0.97179563	0.41577137	0.30389914	-0.03778922	-0.01337017	0.02888775	0.08934614	0.05516253	0.05105124	0.01364597	0.04012479	-0.00989458	0.03843321	0.10686244	0.15348533	0.11708048	-0.01825271	0.02796222	-0.00661582	0.03655761	0.05874241	0.18211256	0.10209489	0.12833139	0.00068346	0.20037566	0.07005505	0.11996429	-0.05035305	0.17662562	-0.12892274	-0.12131958	0.00441429	0.00943280	0.09808706	0.16400848	0.21485377	0.18578112	-0.03620822	-0.02909670	0.06854232	-0.00050305	0.00377609	-0.10116640	0.24631412	-0.03563800	0.07421766	0.03464427	-0.04987498	-0.06280340	-0.06860511	-0.03878246	0.01223367	0.04189700	-0.04809938	-0.14068417	-0.01090962	0.01359304	-0.09617592	0.02139085	-0.07608680	-0.14224459	0.06923807	0.24972434	0.05754913	0.04372794	-0.05092476	-0.08929670	0.02757983	0.02772778	0.06048262	-0.21322065	0.04748265	0.15201211	-0.05686815	-0.07220071	-0.06603772	-0.14248601	0.24518300	0.08916278	-0.17123127	0.10722703	-0.04242600	-0.07334686	0.08547871	-0.13255718	0.09959461	-0.19093287	-0.08482046	-0.12328334	-0.06291771	-0.15597516	-0.13799031	0.04318380	0.15281331	-0.07727854	0.01246084	0.06185890	0.25013099	0.06895168	0.19945353	0.09146243	0.06228024	-0.08717611	-0.05931913	0.03776805	-0.16882746	-0.03651516	0.00162554	0.00634762	-0.01266932	0.12916713	-0.02382438	0.03460181	-0.07117063	0.03326540	0.02335809	0.01234715
17Networks_RH_ContB_PFClv_3	0.12178815	0.05278232	0.05189895	0.13383195	0.20644552	0.19893712	0.16933966	0.13306153	0.15546473	0.15890138	0.02050447	0.06567768	0.04441022	0.05557918	0.10747522	-0.12207251	-0.08885427	0.05309652	-0.01856275	0.05842013	-0.01390168	0.04876035	0.00614852	0.08965746	0.13894002	0.02470140	0.13120848	0.04240235	0.06780451	0.18782661	-0.03855093	0.03568004	0.20169578	0.06500604	0.00372921	0.05911271	-0.00813255	-0.17051523	0.07476560	0.21812289	0.08824040	-0.07124780	0.01745223	-0.11926697	0.10275930	0.17786045	0.22086490	0.20606287	-0.07071337	0.12852836	0.13852352	0.16988912	0.05932477	0.10334716	0.07883649	0.04842587	0.14237689	0.01938557	0.19567717	0.17439184	0.13035025	0.12836560	0.07168294	0.08852444	0.00582988	0.00463028	0.06251205	-0.11786226	0.14703636	0.15291117	0.10146498	0.18704547	0.24526280	0.18028004	0.18488276	0.10925933	0.09743287	0.05198298	0.17437113	0.10524980	0.00645761	0.04427761	0.04170943	-0.01564288	0.21880613	0.25475341	0.22650663	0.26148520	0.30154786	0.10051250	0.20399185	0.22255970	0.10145121	0.21531707	0.20407825	0.15532029	0.03063369	0.17265935	0.06546615	-0.09229056	0.36693270	0.15483221	0.15048639	0.31894005	0.32807520	0.21023576	0.34563879	0.12898448	0.25041302	0.25109366	0.15234422	0.07578855	-0.09778089	-0.23361040	0.02450193	0.09478779	-0.07527607	0.24888502	0.14063125	0.30205612	0.06537817	-0.04058100	0.42167310	0.14927193	0.37478010	0.15810545	0.32451043	0.44510910	0.27075378	0.13434769	0.11715572	0.06513700	0.28048574	0.22917690	0.00282592	0.09255817	0.30129319	0.24660720	0.03267359	0.27925612	0.12566690	0.21654220	-0.01338208	-0.08544161	0.10694868	-0.10269588	0.10016810	0.12888781	-0.11713866	-0.20411974	-0.10908058	0.14644094	0.03872315	-0.27701170	-0.33769099	-0.10636876	0.12233272	-0.04133251	-0.14219758	-0.13722357	-0.14053229	-0.04074077	-0.12020547	-0.02921851	-0.03936014	0.05974357	0.05579121	-0.21695276	-0.04075770	-0.26018839	0.02676414	-0.04467254	0.03752217	-0.08377133	-0.19057907	-0.04958841	0.14473656	-0.00727015	0.06599148	0.06993935	-0.07172091	0.09776333	0.14646413	0.33470309	0.07274854	0.16887431	0.25554038	-0.13729138	-0.08317397	-0.25395686	-0.26244000	0.13451109	-0.04298913	0.08842673	0.17004029	0.06072175	0.00581052	0.23095925	0.29991506	0.25338086	0.08878887	0.09849722	0.06096761	0.15896007	0.13615459	0.03889092	0.09677381	0.04131283	-0.00604882	0.08961157	-0.05510225	0.04494697	-0.02430832	-0.11145116	0.14016073	0.01150460	-0.09231740	-0.04966537	0.10252633	0.13540068	0.01152116	0.11316183	0.05905773	0.10991340	0.04506238	0.20151995	0.07810923	0.05881415	-0.00428055	-0.07695463	0.12844469	0.20765136	-0.00278297	-0.05105368	0.06741338	-0.13086001	0.04344969	0.09936841	0.09956834	-0.14600492	0.02422736	0.08081823	0.01775383	0.13117271	0.10413355	-0.02670029	0.09779044	-0.02784510	0.02890537	0.04929913	0.24069334	0.09055755	0.12390108	0.11656025	0.13387989	0.04186462	0.09981422	0.06337247	0.14883333	0.06406615	-0.18884815	0.08892114	0.18357473	-0.00798043	0.07351588	0.08463776	0.11703331	0.09418952	0.08672425	0.20366995	0.06737129	0.13797074	0.25862364	0.05224053	0.05388074	0.13947152	0.07777979	0.13324991	0.16231430	0.12242671	0.04224877	0.28113328	0.18778600	0.20320585	0.21102558	0.07004034	0.13272332	0.32640656	0.10364937	0.19673386	0.21270261	0.15724565	0.06110262	0.18335977	0.43820618	0.17121938	0.05067829	0.08367446	0.00630728	0.13701563	0.01221049	0.15050077	0.25327195	0.22458091	0.56728272	0.44645069	0.28662720	0.14668894	0.36070971	0.36681414	0.23806483	0.45956784	0.28334028	0.16879284	0.08890948	0.23388254	0.05015708	-0.12967280	-0.00709199	-0.13693491	0.25552776	0.02847666	0.08344983	0.13390761	0.03305478	0.01772799	0.27095674	0.14360703	0.03072319	0.29593598	0.34484132	0.25482444	0.32655485	0.27186984	0.08641305	0.27848268	0.30301679	0.35492835	0.44125960	0.29860780	0.35617488	0.28681827	0.18997415	0.10317059	0.11725360	0.26680704	0.41577137	0.96602347	0.32430780	0.14008767	-0.05269593	0.14972741	-0.31072912	0.04078629	0.14337013	-0.15510354	0.05589624	-0.10377417	-0.03414836	0.13345798	0.16460252	-0.07842284	-0.35229796	-0.31420416	-0.11342050	0.16848794	-0.20985638	-0.08937621	0.12329453	-0.02743219	-0.13577011	0.28738171	0.23003721	0.18099651	0.17136316	0.06507860	-0.03234397	-0.03814899	0.07928973	0.11068006	0.19021636	0.14388157	0.46543818	0.49283226	-0.28975454	-0.22146874	-0.09787866	-0.27476914	0.02781767	0.01962201	0.15515903	-0.19097130	-0.03471807	0.06160121	-0.05668124	0.24313248	0.18095590	0.17710581	0.08647783	0.32394077	-0.04900278	-0.10126137	0.15472361	0.10744495	0.03307696	0.11093511	0.05621165	0.02469777	0.04568442	0.10418703	-0.02429333	0.06834812	0.08841432	0.11523795	-0.02813198	0.08729678	0.06381684	-0.09870702	0.20218015	0.19645508	0.02592718	0.03115275	0.12829756	0.03994437	0.13628634	-0.05025714	-0.08942831	0.01191115	0.12383394	0.05567664	0.07062782	0.04086967	0.09605635	-0.03584424	0.03843627	-0.08661047	0.08347379	-0.01978695	0.09727400	0.03109311	0.14252814	-0.10016661	0.07968447	0.08322328	0.13080738	0.02085961	0.13644120	-0.00080089	0.11224411	0.02699492	0.00085780	0.05970519	0.00026767	0.02879506	0.01292429	0.13579336	0.10426824	0.09111175	0.00712908	-0.03455678	-0.11996246	0.03979926	0.07728891	-0.01320594
17Networks_RH_ContB_PFClv_4	0.32657126	0.16207689	0.22040407	0.31191924	0.29602805	0.29856005	0.25359965	0.17129394	0.16551651	0.18271798	0.11481219	0.06407953	0.14005509	0.19709591	0.32980773	0.11369676	-0.07091044	0.14961949	0.11027723	0.11736229	0.14276183	0.15813004	0.12830972	0.24589844	0.16506626	0.18705437	0.07272739	-0.14363460	0.14493899	0.17821612	0.08414204	0.19124663	0.18495125	0.11718550	0.03935052	0.07407744	0.03899127	0.22667682	0.27039763	0.22231586	0.22810449	0.04704264	0.17330041	-0.05699423	0.22532161	0.21385545	0.02342233	0.19527367	-0.06452456	0.12016500	0.19670912	0.26058022	0.14418563	0.20408946	0.18936752	0.02909347	0.26673522	0.02030031	0.35934942	0.14547120	0.21432392	0.30896390	0.17262196	0.09728184	0.07576731	-0.00259802	-0.00164124	-0.06716683	-0.04326883	0.00921465	0.02722411	0.11829327	0.13540909	0.16930252	0.13026792	0.17442341	-0.01193352	0.10676669	0.12269505	0.18291220	0.24558074	0.33706039	0.16909721	0.14645823	0.25160502	0.25528475	0.20387997	0.08161209	0.18522526	0.13583434	0.06602494	0.10792042	0.11502242	0.18715098	0.22303292	0.15320193	0.15764756	0.32507486	0.37570530	0.18642682	0.31585610	0.22788031	0.16232398	0.12712786	0.25537150	0.01573225	0.24134839	0.34906025	0.27710321	0.10027050	0.26171355	0.30492640	0.36821989	0.10434662	0.09021356	0.16973167	0.05711907	0.21989587	0.09911814	0.14256192	0.06480211	0.02678018	0.10252363	0.16653914	0.10889633	-0.01350841	0.24651821	0.15995769	-0.02365481	0.02060731	0.29223699	0.24511715	0.20837042	0.32576163	0.14512846	0.37003434	0.25410283	0.01817419	0.22128322	0.32821071	0.55881344	0.52164503	0.37604453	0.07936152	0.08190532	0.06381254	0.12662168	0.10626892	0.28166673	0.30924158	0.35239082	0.24485751	0.30904273	0.10777075	0.15346028	0.18736749	0.35200426	0.32049047	0.28383845	0.31630835	0.23496651	0.34757874	0.39567619	0.39830460	0.48648307	0.39940917	0.12771237	0.28858938	0.34165803	0.05802515	0.24479589	0.25815847	0.13239717	0.26470936	0.36172994	0.27342302	0.40036608	-0.05270781	0.13577955	0.36739362	0.06223913	0.34697388	0.28158128	0.15528306	0.33800437	0.28379960	0.26270195	0.20405059	0.06410106	0.05054653	0.11534033	0.22505058	-0.00862800	0.19437853	-0.02054696	0.03463545	0.13218313	0.14079792	0.06741797	0.10024950	0.27669879	0.25315468	0.34308668	0.27642908	0.24282252	0.17947045	0.35357855	0.18150342	0.08169031	0.17127422	0.11906529	0.11226707	0.09789210	0.02566063	0.23637903	0.12181769	-0.05354982	0.03330851	0.09257304	0.07963397	0.17717622	0.15824783	0.24565723	0.19951788	0.19458093	0.27001136	0.19076982	0.15090625	0.25294629	0.02438719	0.25253526	0.25380449	0.23934627	0.11451558	0.13351784	0.10617798	0.08471358	0.33388501	0.23920980	-0.12152354	0.27096927	0.14554159	0.14389808	0.18870357	0.20647293	0.05614524	0.11782261	-0.03683464	0.12074846	-0.01430384	0.24048936	0.11269483	0.22128514	0.07934997	0.13947430	0.10374844	0.27249229	0.17577110	0.24793865	0.17998785	0.14419967	0.16783139	0.02558932	0.20147353	0.11101825	-0.02479347	0.10529967	-0.02980118	0.12255005	0.07827016	0.19932705	0.17024412	0.19127687	0.05922460	0.12652069	0.15066028	0.16767578	0.09711187	0.14014967	0.26696194	0.26728164	0.32641371	0.09530408	0.10488145	0.09053049	0.05855813	-0.01868283	0.35484727	0.00037058	0.00301989	0.16402725	0.07827309	-0.04658033	0.15550885	0.06796427	0.33663913	0.13057267	0.17505441	0.12301766	0.06470274	0.05060166	0.20166072	0.23384594	0.08242413	0.14411816	0.14526455	0.45324307	0.33486733	0.10057333	0.01912550	0.38598541	0.31969192	0.29876570	0.15860412	0.24107024	0.06135490	0.29834384	0.17590680	0.02872383	0.20851516	0.11399321	0.25302770	0.05274747	0.15598150	0.05743095	0.03201602	0.01506473	0.08010105	0.13522237	0.37157817	0.21058544	0.25342696	0.06830550	0.21657836	0.04820590	0.32460262	0.23871767	0.09580266	0.29747581	0.03100814	0.09902312	0.22030721	0.32214424	0.39837439	0.10413743	0.04802714	0.30389914	0.32430780	0.92918895	0.25597613	0.01870693	0.11201526	0.23025407	0.21177393	0.02474077	0.05011932	0.02214665	0.36598554	0.24371197	0.32749217	0.30631242	0.21635482	0.03651304	0.07134037	0.08191393	0.27170573	0.24512084	0.27899665	0.42898755	0.35975398	0.40526656	0.48056793	0.32561178	0.31376363	0.18817518	0.19038156	0.34512272	0.24358300	0.39410364	0.16063727	0.30457971	0.08178351	0.29822700	0.16466537	0.20398771	0.19504182	0.12504304	0.03930861	-0.00151328	0.16512554	0.06360901	0.15047679	0.16356954	0.22674284	0.04796545	-0.00726022	0.12011166	0.09860446	0.24224889	0.12006772	0.13602524	0.10409463	0.08619857	0.07121812	0.14935160	0.05945944	0.09987973	0.15653671	0.01356734	0.02646327	0.18317616	-0.04458434	0.01336938	0.08512541	0.05613808	0.21814386	0.17146626	0.03091508	0.17657272	0.14117482	0.12406102	0.07255077	0.05135267	0.10619496	0.14391441	0.06620523	-0.03073689	0.05577375	0.06728034	0.06646752	0.15161595	0.07099734	0.24543906	0.09111043	0.18200199	0.03661678	0.02247573	0.18237776	0.13717113	0.02101256	0.33495696	0.15413381	0.23077112	0.27226093	0.30365184	0.17628186	0.18752506	0.04738151	0.24749780	0.14968116	0.11922710	0.14412899	0.10027285	0.13390642	0.07276038	0.26224105	0.23726466	0.38793377	0.44272614	0.30706443	0.24039250	0.31283481	0.40893486	0.31747871
17Networks_RH_ContB_PFCmp_1	0.17090675	0.14617769	0.20686953	0.17941720	0.17315342	0.19577665	0.16202949	0.14680790	0.20688747	0.24855412	0.23905910	0.05504723	0.19966066	0.12472924	0.13587812	0.11389642	-0.00783655	0.15528232	0.16256006	0.13879536	0.19920964	0.25591921	0.23115174	0.34187851	0.39796997	0.22554776	0.33248578	0.17873998	0.33870410	0.34084926	0.21598714	0.22162974	0.26769396	0.13823536	0.07127351	0.15934370	0.00184214	0.17341693	0.26486330	0.32033210	0.20008423	0.07096188	0.25668606	0.16970462	0.30884896	0.26294995	0.11712421	0.35688950	0.03025371	0.21853808	0.32952573	0.33454466	0.35816054	0.31806084	0.22252339	0.25458193	0.29076407	0.20562719	0.31681623	0.04040620	0.10490292	0.07801478	0.10178329	-0.00137997	0.11787100	-0.00675097	-0.03997628	0.02544812	0.00619064	0.04714547	0.17785786	0.16309870	0.20436970	0.25148234	0.20155434	0.31048016	0.04706349	0.06489281	0.22081116	0.08519676	0.17372830	0.31198766	0.03269468	0.19827976	0.33906475	0.37504476	0.42615278	0.18448470	0.13281620	0.21118115	0.18955413	0.21306302	0.40447065	0.32934636	0.55048576	0.24068171	0.38353589	0.47571573	0.53184074	0.20711808	0.19915878	0.28727095	0.06217736	0.24275546	0.24873926	0.00122446	-0.04338934	0.22727872	0.10538619	-0.00345999	-0.00741219	0.16276595	0.25627997	0.02866389	0.01895402	0.09352780	0.08200315	0.07309746	-0.03187682	0.01585979	0.00276793	-0.23186101	0.25475900	-0.06605105	-0.07099237	0.03238695	0.22462353	-0.02376962	-0.14800271	0.12951936	0.04229394	0.11665521	0.27674741	0.04448130	-0.15930566	0.19509697	0.12071657	-0.12990692	-0.02968880	-0.00683914	0.13261895	0.24709669	0.65004039	0.00997302	0.09293501	0.02485642	0.09207502	0.13563513	0.20969836	0.00968266	0.21343371	0.09429944	0.01187657	-0.02122558	-0.00580470	-0.11489423	0.12217040	0.32631088	0.01931028	0.25347325	0.16540773	0.27801906	0.45902612	0.42502669	0.17504361	0.46807324	0.02734150	0.14256908	0.11639538	0.03830557	-0.00440683	0.17152997	0.05413237	0.28095680	0.40510002	0.09188927	0.29755406	0.17264220	0.03248107	0.48895434	0.14888404	0.15820582	0.30124455	0.08564757	0.29736396	0.31914899	0.13104225	-0.03324568	-0.00416862	-0.01679153	0.00801158	0.05493574	0.01693829	0.02138104	0.11539404	0.26964337	0.14791640	0.06436729	-0.00179080	0.17527499	0.04546179	0.02372905	0.23974507	-0.08518392	-0.01217741	0.17153247	0.06549546	0.24910433	0.06122701	0.18976490	0.16473430	0.15592774	0.12766562	-0.06729497	0.06519500	0.24558197	-0.02394804	0.05867877	0.18082451	0.33364878	0.20964670	0.29879166	0.30073258	0.34165726	0.40472347	0.48385722	0.21933696	0.38013819	0.27291177	0.15301359	0.09744763	0.18665677	0.16632743	0.17946531	0.12969112	0.26164641	0.02988524	0.23493976	0.20647794	0.05707611	0.16294315	0.23351114	0.16367125	0.00746339	0.21592403	0.18342701	0.23557558	0.07979010	0.12256628	0.16319032	0.30750811	0.27316379	0.28755359	0.13707085	0.23524606	0.27282105	0.26702059	0.15127707	0.16160383	-0.08352916	-0.01518363	0.10804822	-0.06766328	0.08549744	0.14471242	-0.04603671	0.14448079	0.03548009	0.15427789	0.12107555	0.10801850	0.10251247	-0.07030216	0.18996329	0.33972299	0.12462932	0.23672340	0.07207016	0.29564916	0.20802595	0.15495231	0.25687610	0.03732591	0.21267947	0.33910938	0.24208193	0.20255200	0.46586188	0.07746439	0.05775014	0.09812839	0.20661680	0.22569965	0.28515547	0.19521122	0.51946386	0.30936308	0.16484447	0.38244973	0.21769942	0.11878223	0.27112090	0.30579505	0.29075031	0.10289050	-0.00885839	0.30180675	0.30109778	0.06508146	0.26998428	0.40318123	0.46659167	0.16868795	-0.02175708	0.10751114	-0.05270217	0.02354380	0.13788729	-0.04247966	0.15376419	0.14042019	0.17724548	0.08602279	0.20596263	-0.04314163	0.02446536	-0.03517873	-0.05033288	-0.03142889	0.16102638	0.32629797	0.22437950	0.14075126	0.31002332	0.11893724	0.03447700	-0.06464549	0.09852004	0.11958565	0.13041807	0.00237804	0.10893809	0.36490024	0.19780798	0.01837814	-0.06203884	-0.03778922	0.14008767	0.25597613	1.03436200	0.14281593	0.26488743	0.00175996	0.37065754	0.07827669	-0.02236109	0.05752285	0.20919237	0.15058303	0.05585573	0.12555103	0.05633290	-0.01848137	-0.03143658	-0.07248842	0.24587502	0.11842733	0.09353044	0.23303552	0.21425349	0.37484754	0.18955518	0.34179641	0.10601896	0.08283362	0.23704467	0.47553672	0.09761363	0.56662131	0.03197258	0.32110019	-0.04419516	0.38965231	0.35473876	0.05489868	-0.00180155	0.03643920	0.00106426	-0.05792873	-0.00369918	-0.04826355	0.06883456	0.18965484	0.32283771	0.20778946	0.03309383	0.36394699	0.32112352	0.25859390	0.29459529	0.00769607	0.04084392	0.04313555	0.04135211	0.06280683	-0.01025376	0.07869284	0.12596103	-0.02396214	-0.04194419	0.11874632	-0.03415029	0.08040454	0.19858764	0.08382438	0.15984719	-0.01759353	-0.04921835	0.03116749	-0.08674625	0.07130526	0.02316275	0.15061967	0.13762008	-0.06410668	-0.12347044	0.08259589	-0.12317484	0.04995381	0.12654501	0.10047021	0.15542488	-0.00848104	0.05644925	0.11165165	-0.00956554	0.02218366	0.07607136	0.15230175	0.01096890	0.09577084	0.01452897	0.02410273	0.09109258	0.06615112	0.04369294	-0.03917385	-0.21996999	0.00810140	0.10602593	0.15840265	-0.01037550	0.09138708	0.11760957	-0.01818884	0.15419981	0.00294863	0.15315373	0.12677837	0.04401910	0.06459607	0.17498277	0.21864369	0.10120314
17Networks_RH_ContC_pCun_1	-0.15052883	0.04526178	0.04865172	0.04976654	-0.02542794	-0.17142600	-0.06318894	-0.08326662	-0.06243456	0.00517323	0.14740845	0.06662447	0.07246325	0.18122690	0.06304800	0.15437672	0.14194629	0.20022367	0.19704554	0.17897565	0.26730645	0.18002457	0.08145202	0.37590120	0.19784853	0.21499465	0.31596657	0.27456687	0.35070902	0.18445874	0.17658823	0.17711875	0.37112473	0.29707981	0.27796566	0.21488816	0.25533942	-0.13974586	0.08436057	0.13029843	0.35433670	0.15446516	0.08525096	0.02522577	-0.05667530	-0.04528346	0.13102516	0.05782945	0.03866323	0.27233321	0.17124532	0.14892104	0.11114133	0.04336370	0.22323074	0.21828410	0.21924758	0.25758368	0.26983377	-0.14017484	0.03454258	-0.23743688	-0.03994489	-0.21195245	0.20310954	0.15036537	0.22563796	0.04937981	0.07499462	-0.03214882	0.16625082	0.23124434	0.10852819	0.25321368	0.05812747	0.15969874	0.06467239	0.20862438	0.27779303	0.14090992	-0.20786443	0.26327185	0.18625714	0.11327613	0.15397897	0.04601876	0.07084623	-0.12624346	0.02249806	-0.04004892	-0.06609722	0.00995547	0.08394265	-0.13970262	0.16583652	0.07077069	0.05949011	0.05930535	0.07452058	0.15156465	-0.00449733	-0.07103952	-0.24492258	0.27212117	-0.04418687	-0.16142959	-0.16631591	0.08624836	-0.09752687	0.00554212	-0.12946363	0.08417857	0.11870222	-0.01347688	0.03166216	0.01339445	0.04670269	0.10564978	0.02965572	0.01482780	-0.12162578	0.28078024	-0.12241261	0.21533600	-0.17492538	0.13346368	0.00051200	-0.28609833	-0.10726842	-0.09984421	0.17065211	0.06864153	0.00627841	-0.18103135	-0.24246529	0.22626700	-0.12583453	-0.06289044	0.21203859	-0.17496888	-0.08738384	-0.07389729	0.05220336	0.80684412	0.59457135	0.46771659	0.23699508	0.32134678	0.08127983	0.06115113	0.12281604	-0.14697790	0.02137487	0.19934400	0.49164609	0.18787738	0.06992406	0.00608545	0.53033326	0.47400413	0.13028568	0.13352301	0.05396737	0.01671616	-0.05241878	0.19479148	0.01501907	0.01685402	-0.00104206	0.04933154	-0.03648317	0.13329971	-0.03329468	0.22671121	-0.10882890	-0.21549614	-0.18269840	0.04383758	0.03424963	0.04208700	0.07273093	0.10264241	-0.06258009	-0.22181704	-0.01075390	-0.17034777	-0.06252902	0.12730131	0.17257580	0.31132975	0.51507200	0.15702418	0.27854846	0.20092041	0.12456497	0.06234882	0.07450654	-0.18423850	-0.17417102	-0.19915470	-0.05582033	-0.06397950	0.10622177	-0.23564460	-0.07298673	0.00690350	-0.02775548	0.10090583	0.02450730	-0.05010600	0.17327586	0.16537047	0.08766631	0.26236714	-0.05161380	0.06521428	0.12493357	0.06284383	0.16859458	0.28229712	0.21068524	0.31845882	0.16562199	0.25610046	0.22199309	0.23409991	0.22593834	0.27142592	0.30208025	0.32798909	0.08086580	0.13600927	0.24054533	0.03554263	0.23668488	0.05599677	0.19964779	0.18095223	0.08255945	0.22294358	-0.06201475	0.04557328	-0.01223387	-0.05951528	0.03450950	0.04961252	0.23199005	0.02643132	-0.07511312	0.09551857	0.05680682	0.15555501	0.19141356	0.13068600	0.12871078	0.07579791	0.16645460	0.17504184	0.14228603	-0.21199422	-0.04594007	0.02547683	0.06298541	0.26215594	0.06624856	0.21848536	0.30123647	0.05631271	0.27240067	0.08680689	0.12956934	0.23494540	-0.25733596	0.26904722	0.23798941	0.17416021	0.19549532	0.19387760	0.21769610	0.12878084	-0.08254076	0.15651959	0.09243470	0.09764884	0.07262761	0.11092019	0.01511669	-0.08468806	-0.04986361	-0.06707663	0.05911397	0.02435288	0.03716039	0.06851144	-0.02815262	0.14455368	0.10781051	0.24788464	0.05380478	0.20141445	-0.02477450	0.02657961	0.14117052	-0.00406244	-0.13467824	-0.02312164	-0.08003115	0.14620398	0.13001218	0.13088549	0.17647324	0.21972506	0.06712889	-0.07428832	0.03412351	0.01277378	0.06604383	0.11956780	0.01670663	0.04036252	0.21293379	0.15290638	0.13390211	0.07695414	0.20768038	0.13144794	0.14949284	0.11603759	0.47062936	0.13292600	-0.05402904	0.40340547	0.06036362	0.19575220	0.03062467	-0.09376155	0.01689980	0.11708333	0.21606554	-0.02868079	0.30289196	0.07133272	0.12823680	0.14214205	0.03541891	-0.13645999	-0.01337017	-0.05269593	0.01870693	0.14281593	1.34927450	0.76569052	0.52186454	0.46110076	0.68150547	0.42931991	0.42930712	0.16291959	0.24731310	0.13129608	0.13441926	0.34379951	0.26984590	0.67624112	0.29513814	-0.07477070	0.43515929	0.13553037	0.05465862	0.12273377	0.11154372	0.00977519	-0.08236715	0.18630007	-0.10083833	0.28299789	-0.03401721	-0.19642502	0.13595319	-0.05575245	-0.17057888	0.01738606	-0.01641659	0.01328477	0.23910521	0.48808660	0.37494280	0.71582908	0.02406283	0.39671974	0.01095953	0.34631059	0.38143555	0.25743199	0.14010250	0.06978506	-0.02463426	0.02093713	0.19303712	0.06636972	0.18781062	0.21798909	0.04864526	0.03028205	0.00443465	0.14935936	0.02844814	0.09892126	0.12200450	0.19247956	0.10031772	0.13744421	0.05803195	0.04887715	0.00079102	-0.02678923	0.22846391	0.36536873	0.04223827	-0.03473917	-0.00502508	0.07222323	0.13533031	0.08054411	0.01838728	0.14606974	0.13351647	0.09843814	0.09593567	0.06247165	-0.08742428	0.10521633	0.10850757	0.10793444	0.18830589	0.14815425	-0.11927998	0.22150100	0.10650907	-0.02427676	0.00897439	0.06889370	0.01676686	0.04794827	-0.00601465	-0.04263124	-0.13975124	-0.19598919	0.12318068	0.27723143	0.26351399	0.01193873	0.01852072	0.26036453	0.04689384	0.06345324	0.08223039	0.14736668	0.09504895	-0.00755700	0.12426875	-0.05581435	-0.08416441	-0.01016179
17Networks_RH_ContC_pCun_2	-0.00845717	0.09463881	0.03313723	0.12944690	0.10586918	0.03413063	0.14211820	0.07733359	0.13527449	0.23981333	0.20703938	0.17724047	0.12231841	0.18331945	0.17603386	0.09217791	0.04583178	0.28697501	0.22223546	0.21678154	0.22547677	0.28222722	0.18012172	0.35016539	0.35818744	0.19251085	0.38482543	0.26423342	0.43998617	0.35388052	0.27887096	0.25714028	0.48677618	0.44284953	0.29427628	0.34029616	0.25356728	-0.18399450	0.15221886	0.34451832	0.37310684	0.21519446	0.18190156	-0.01759987	0.00566107	0.05182018	0.23772848	0.14327465	-0.03270413	0.24864626	0.20988068	0.22390632	0.21682446	0.26190330	0.17536252	0.16946302	0.10892038	0.20552988	0.21540562	0.07316943	0.09257166	-0.03795011	0.10447422	-0.14120801	0.11490253	0.03725955	0.12368618	0.03480061	0.24514018	0.10001395	0.22991719	0.30258927	0.21953763	0.33313309	0.17625668	0.37583891	0.18953304	0.37253582	0.36415394	0.33761079	-0.23964197	0.21900216	0.13833705	0.12938390	0.25026238	0.22330044	0.20085179	0.18445586	0.19411586	0.05656597	0.15269049	0.20571019	0.25801131	0.02020489	0.25723885	0.29782170	0.19684637	0.27411007	0.18071122	0.15803009	0.23564267	0.23655358	-0.10218330	0.32506123	0.10237062	-0.11217359	-0.06837674	0.07655755	0.02340793	-0.00903791	-0.15882341	-0.03325858	0.08557175	-0.08466032	-0.10446010	-0.03537661	0.04811717	-0.02723750	-0.01068349	0.05076986	-0.16881013	0.08549968	0.14269168	0.16488710	0.03579490	0.20055114	0.15636293	-0.23677052	0.00281174	-0.03700054	-0.03399103	-0.07522985	0.20272853	-0.06181807	-0.25732378	0.14582997	-0.03331419	-0.01380417	0.04007364	-0.19584428	-0.14251700	0.05500659	0.02645339	0.67412648	0.59485195	0.22610985	0.31683591	0.37021575	-0.03752842	-0.12829471	0.03597777	-0.13300748	-0.11060557	0.01841383	0.14426845	0.02144797	0.17903356	0.08642919	0.35237273	0.32662174	-0.04145242	0.01785777	-0.01681940	0.00343220	-0.13594708	0.22745289	-0.09078812	-0.06983576	-0.05598042	-0.04358503	-0.06908916	0.06588297	-0.02024132	0.12768583	-0.11657678	-0.18752861	0.03491478	0.00674033	-0.00087022	0.06212743	0.05912446	0.02072863	0.00345584	-0.16714058	-0.06318848	-0.18001067	-0.03742497	-0.08483464	0.06679962	-0.01252437	0.14287642	0.06101368	0.08804452	0.10926490	0.16845927	0.15153272	0.08155786	0.01858444	-0.09497914	0.03325742	0.08527324	0.01165928	0.18645199	-0.09681401	-0.05328760	-0.02248719	0.05139973	0.21691396	0.15787749	0.17568189	0.23461244	0.20089488	0.09168692	0.14490251	0.04094911	0.22695528	0.07015047	0.07622839	0.29628524	0.32941105	0.26716035	0.38420498	0.26237927	0.22969634	0.23615419	0.32896485	0.21940447	0.38121533	0.31452025	0.34209411	0.22820767	0.33240759	0.32518685	0.09662208	0.35892624	0.05705068	0.24763070	0.27139838	0.21192880	0.22131740	0.00063084	0.11294569	0.13271156	0.02900623	0.08899696	-0.00186493	0.19408358	-0.03129769	0.02491307	0.17626161	0.15579602	0.17139652	0.18673855	0.17302080	0.20613011	-0.00563189	0.05372083	0.07808981	0.26708712	-0.07288752	0.01347287	0.21564894	0.13361458	0.25187531	0.20032612	0.34640613	0.37921746	0.26016788	0.31808172	0.34595466	0.27109937	0.26030852	-0.09859255	0.19416878	0.33987628	0.30476623	0.29301810	0.34138247	0.35793085	0.30081070	0.02186163	0.36592270	0.27217509	0.20331655	0.26596983	0.16696073	0.18592430	0.15656830	0.12152762	0.17134329	0.21382950	0.14555908	0.12380357	0.26556498	0.20369261	0.34738418	0.13066799	0.35391248	0.13567479	0.44117395	0.15078131	0.24721205	0.34062200	0.28061753	0.01209642	0.10263008	0.17609970	0.31792007	0.26899569	0.44485889	0.30932661	0.45887512	0.06270940	-0.05352347	-0.06700330	-0.04300263	-0.05118376	0.02321256	-0.04336248	-0.03256733	0.13184760	-0.01114821	0.06086731	0.03401710	0.23641224	0.20617808	0.25869437	0.24252403	0.29107508	0.07726949	0.07759292	0.34169772	0.15217087	0.26101003	0.05801105	-0.08137503	-0.00270094	0.38808013	0.39097265	0.30682255	0.49994639	0.24781181	0.17160061	0.11718614	-0.03678726	-0.12146963	0.02888775	0.14972741	0.11201526	0.26488743	0.76569052	1.16991041	0.28056028	0.47266618	0.70160970	0.33135672	0.37171227	0.00450718	0.22619094	0.09663922	0.09853118	0.13009245	0.10273033	0.28853986	0.30187242	0.18712329	0.27676335	-0.06269156	0.02574912	0.07149134	0.07715881	0.14883211	0.17483516	0.23878596	0.06201579	0.12391723	0.10452405	-0.17111051	0.17437727	0.01839348	0.02623838	0.03203375	0.21468233	0.29833120	-0.01704075	0.24433055	0.17470724	0.32206742	-0.03341905	0.20193673	-0.02175044	0.15830894	0.25737502	0.42072455	0.20566359	0.28980599	0.36421021	0.26954236	0.29716036	0.41253423	-0.03811370	0.08486469	-0.01747857	-0.04004513	0.02234291	0.04761262	0.03843295	0.09357380	0.10875990	0.12996486	0.02170665	0.06519512	0.09426270	0.05524125	-0.01819953	0.11054498	0.00391418	0.20289400	0.00132662	0.02067525	0.00363420	0.02005002	0.09529838	0.08285582	0.02461581	0.11416907	0.12497631	0.08203938	0.14210461	-0.00364725	-0.00040897	0.21223561	0.09622460	0.04177014	0.10312006	0.02139064	-0.04334169	0.14699569	0.03555573	-0.01343892	-0.01137017	-0.01104665	0.05989142	0.06883048	0.04111904	-0.04159612	-0.01917038	-0.10971941	0.10159874	0.14552717	0.22523958	-0.04440265	0.07229158	0.13723447	0.00511253	0.10137854	0.03569071	0.11469616	0.02885855	-0.10183281	-0.02966073	0.01035295	-0.05408860	-0.00448873
17Networks_RH_ContC_pCun_3	0.12434524	0.20882596	0.24114404	0.32504486	0.18194620	-0.07040185	0.22807232	-0.31658760	-0.08948490	-0.06588086	0.05859849	0.01879541	0.07797833	0.03772651	0.23552576	0.15282239	0.02928892	0.10707916	0.14086298	-0.08608962	0.24720225	-0.09472306	-0.01953597	0.24501339	-0.14378217	0.09667132	-0.09672058	-0.14447908	-0.00793521	-0.11500340	-0.02509729	-0.06526781	0.09747524	0.10824083	0.21743200	-0.03163325	0.01821556	0.25043992	0.23155175	-0.04980895	0.09765696	0.11359898	0.08129721	-0.07577216	-0.14377112	-0.04328141	-0.34928605	-0.25383067	-0.02731064	0.07017787	-0.19145572	-0.18146766	-0.10081663	-0.07477101	-0.03109064	0.00739443	-0.01978962	0.03935494	0.06605133	0.17450313	0.12655810	0.21391303	0.11415100	-0.01122737	0.17225075	-0.12385245	0.20520196	-0.00369325	-0.29810290	-0.25897374	-0.06072366	0.01339207	-0.08364057	0.08386607	0.08648655	0.17558150	-0.18407159	0.04840029	0.14836727	0.11331099	0.03243378	0.22110976	0.31438134	0.19004322	0.01224571	-0.10734530	-0.10716724	-0.23969166	-0.22693581	-0.20657862	-0.49598226	-0.43907192	-0.28239629	-0.46924660	0.00793525	-0.07001519	0.14926943	-0.08332078	0.05190897	0.16943503	-0.08132106	0.04231300	0.06121289	-0.16072521	-0.34680086	-0.36310354	0.09941057	0.21082848	0.03449459	0.00548683	0.10300617	0.20503537	0.31947258	0.03986661	-0.01369071	-0.08181027	0.10943158	0.03421284	0.02254125	-0.14072473	-0.20034109	0.33783890	-0.32615386	0.08472067	-0.26498703	-0.09189135	0.08075881	-0.34905684	-0.16807951	-0.21684185	0.23419716	0.12972248	-0.14634906	0.06012614	0.00336297	0.41352279	-0.16939918	-0.23085387	0.51812362	-0.06150737	0.30792477	0.19349080	0.13887926	0.56111877	0.21081914	0.68880510	0.21034772	0.11237541	0.37806037	0.64813060	0.83371187	0.14525702	0.53725015	0.77776206	0.95673439	0.53255626	0.24553439	0.32662053	0.99900811	0.97244154	0.56336911	0.50136940	0.30407218	0.33375479	0.52149257	0.27473226	0.07513641	0.21349950	0.28509162	0.29786839	0.04397744	0.04582621	0.28271001	0.39024441	0.35548694	0.38369438	0.20831252	-0.01317018	0.18181466	0.18371360	0.27472001	0.30533038	0.07016033	-0.12027080	0.18913902	0.04242007	-0.17337040	0.62160394	0.30970051	0.68048352	0.77266404	0.33116523	0.24692379	0.12557073	-0.26179072	-0.16005961	-0.02052771	-0.41355702	-0.39548400	-0.30461400	0.16844432	0.13186016	0.28370182	0.15651696	0.08641863	0.31761396	0.29542953	0.11624519	-0.00733980	-0.10406557	0.21230227	0.10685851	0.06367783	0.18410626	0.05183647	0.05820352	-0.01196946	0.22156899	-0.05929638	-0.02021276	0.30944504	0.12737011	0.21888058	0.10369252	0.07665913	-0.18333470	0.13734761	-0.14974877	0.21873797	0.14555302	0.06351066	0.03788050	0.24956524	-0.03980446	-0.04221341	0.02464844	0.07584058	0.13761838	0.06571226	0.04545415	0.14643251	0.06591011	0.07531524	0.01098332	-0.16140224	-0.32963091	-0.14119555	-0.26246055	-0.07066882	-0.15814268	-0.13755614	-0.26568757	-0.24986510	-0.09939576	-0.16899726	-0.14391234	-0.02819087	-0.07611492	0.19225444	0.23983363	0.43046052	-0.10039629	-0.03708106	0.38896594	-0.01496637	-0.03646410	0.03735185	-0.14834997	0.06491449	-0.34371338	0.00893099	0.14452347	-0.13484563	-0.07514536	0.03900170	0.05681012	0.04493171	-0.06798959	0.22699902	0.11622621	0.04169498	0.07359224	-0.15502507	-0.32935754	-0.31404994	-0.26388243	-0.29905613	-0.31693258	-0.17866092	-0.25017171	-0.19292222	-0.42305472	-0.38871439	-0.34027624	-0.53102584	-0.09709525	-0.14715907	0.18842995	0.04691777	0.02304376	-0.09408308	-0.10361720	0.12481591	-0.31272494	-0.42640110	-0.22208824	0.05653034	0.41915493	-0.19721858	-0.60780486	0.10699027	-0.28164465	0.14560915	0.11234532	0.23770049	-0.02383098	0.20861297	0.48745727	0.10688326	-0.01001373	0.08007554	0.11239654	-0.02828137	0.18963759	0.20829827	0.05087742	-0.20937679	-0.15983675	0.72755855	0.09564300	-0.26594668	0.23460255	-0.40946821	0.01452162	-0.05499195	0.00141858	0.09309747	-0.21642854	0.00594004	-0.30926323	-0.16815292	0.13772483	0.25711175	0.43808856	0.13706960	0.08667641	0.08934614	-0.31072912	0.23025407	0.00175996	0.52186454	0.28056028	1.53355079	0.64637068	0.28893971	0.45350590	0.08224467	0.41619218	0.49339449	0.39236805	0.46387376	0.80902024	0.83834742	1.08691584	0.48197455	0.10238203	0.86322172	0.59533303	0.19091392	0.43368295	0.52443532	0.11698750	-0.09800231	0.21116278	-0.14491442	0.21558303	0.27584554	0.29538110	0.28131686	0.16584107	0.05748611	0.10175610	-0.08261348	-0.28939202	0.85908626	0.92662874	0.50999807	0.95218796	0.07665160	0.34563866	-0.03248459	0.61385325	0.55099837	0.23204213	-0.01099270	-0.34999490	-0.26088315	-0.33054265	0.20745420	-0.37872173	0.09947320	0.15307552	-0.11794226	-0.15961684	0.02173654	-0.11877917	-0.16762979	-0.03420336	-0.10522734	-0.01411044	0.05893152	-0.09535593	-0.25796620	-0.35175120	-0.17263629	-0.06522970	0.18043563	0.26240314	-0.03967746	-0.07096984	0.03661871	-0.10449438	-0.16086769	-0.09944836	-0.02715674	0.07213896	-0.11470070	0.00954562	-0.30385011	-0.40095262	-0.25776393	-0.02560344	0.27642747	0.13749356	0.20327667	0.16102726	-0.11049826	0.19260897	0.05197329	0.01798980	0.23516888	0.38682745	0.18197707	0.28667373	0.37045446	0.30732893	0.28056300	0.22050846	0.31858488	0.27281018	0.19729813	0.12281532	0.28379977	0.28847127	0.18405954	0.18839720	0.18471405	0.48669547	0.39613557	0.41552182	0.49858366	0.37401816	0.27151477	0.43250545
17Networks_RH_ContC_pCun_4	0.11773637	0.27407898	0.21748500	0.25943729	0.19861890	0.10783875	0.30142518	-0.00195925	0.19360651	0.14913286	0.25872857	0.17028632	0.14944777	-0.02942726	0.29051089	0.01658119	-0.08381484	0.17477447	0.23746400	0.20075647	0.23216491	0.20202879	0.24584871	0.27291233	0.22627151	0.19893550	0.22528172	0.16037384	0.34935440	0.10445622	0.10633140	0.12379143	0.37529881	0.30278565	0.30289831	0.19286581	0.13780794	0.10124366	0.36661913	0.32175712	0.27956160	0.03584137	0.25954569	-0.14982392	0.08578169	0.16708885	-0.08503503	-0.08090084	-0.00689216	0.20579657	0.08549500	0.04172291	0.11699330	0.14596917	0.12972615	0.12445231	0.17340117	0.17843687	0.22112938	0.16357069	0.07951818	0.18283257	0.24579870	-0.06211169	0.21580369	-0.00278175	0.34038412	0.06063296	0.05697925	0.09155415	0.21512634	0.24695149	0.14203517	0.28756874	0.32000976	0.32459946	0.06378612	0.18631725	0.32439744	0.17605762	0.02333603	0.32205353	0.26075084	0.33313871	0.30979003	0.13772485	0.13579816	0.00141561	-0.05662977	0.01016197	-0.10792199	-0.10501559	-0.04628025	-0.00393238	0.38630239	0.10074037	0.31494864	0.23621923	0.29784969	0.19726132	0.09055830	0.20889911	0.02930519	0.15393286	0.01040184	-0.32482059	-0.02263029	0.14633299	0.05723137	-0.06047154	0.00208484	0.12105794	0.22536043	0.03758194	0.04714177	0.05457367	0.18270474	0.04156195	0.03347216	0.05535095	-0.06584318	0.14472841	0.03416145	0.15198944	-0.01514940	0.11981383	0.26993804	-0.09164763	-0.05460448	0.05904625	0.12405712	0.08936553	0.21073587	-0.04418212	-0.11085338	0.29285962	-0.01557379	-0.04661057	0.19948414	-0.09797945	0.02896425	0.09410155	0.25357993	0.34478501	0.30380438	0.38318469	0.20196272	0.22522527	0.19356562	0.23476005	0.48559324	0.07119047	0.21399275	0.35168045	0.42289499	0.24265716	0.18192468	0.32173440	0.51694727	0.66230047	0.36694950	0.32510152	0.22022706	0.26905962	0.17989110	0.25465555	0.01694649	0.05058112	0.10355189	0.16906996	0.03204000	0.01466394	0.12726589	0.18262758	0.24621454	0.17491192	0.22666707	0.04704069	0.03026575	0.31442786	0.05248378	0.15195573	0.03415073	-0.08926237	0.09840953	0.09587868	-0.01036132	0.24858242	0.24545000	0.33150401	0.34484499	0.07946192	0.05742269	0.09371963	-0.15859161	-0.04014526	0.15102741	-0.03979083	-0.16701424	-0.00095351	0.16762550	0.12458199	0.33198320	0.06487888	0.07891511	0.33463909	0.25611250	0.28356353	0.15378813	0.02744872	0.22917066	0.20255836	0.08222319	-0.06411037	0.11588032	0.13182135	-0.08255426	0.20159993	0.14734450	0.29054853	0.26589416	0.29407675	0.30164282	0.36782617	0.30310170	0.32162276	0.15724253	0.17301217	0.27971307	0.22425493	0.13206471	0.21107413	0.20825523	0.11663407	0.19514317	0.10658520	0.11232377	0.21415476	0.20566865	0.02324753	0.23973256	0.15209228	0.23288294	-0.00269613	0.05064476	-0.07608164	-0.01853735	-0.17995008	0.14159974	-0.09241043	0.07133768	-0.00981144	-0.01420523	0.00963574	0.10474933	0.07428771	0.09175969	0.07012247	0.13378898	0.08945198	0.12085100	0.09360943	0.06035798	0.33403347	0.26833560	0.15060688	0.15165988	0.14364350	0.21162682	0.02099992	0.15283868	0.25407986	-0.02956153	0.12506349	0.34242278	0.27305545	0.30823226	0.18998251	0.43869611	0.20056093	0.13955383	0.32454303	0.10449699	0.07644736	0.02007401	0.04654161	0.07967003	0.17458206	-0.05621829	-0.03291660	0.06672196	-0.10586594	-0.07372654	-0.06518140	0.03416593	0.24551848	0.17841277	0.23794365	0.19100108	0.25109620	-0.03151382	0.21903305	0.29503019	0.09497979	-0.07592160	0.02257368	0.24999076	0.45013341	0.03276123	-0.01781385	0.31387159	0.22984861	0.13132686	-0.02075279	0.11204554	-0.06000461	0.08017521	0.36265078	-0.06569966	0.05061936	0.09879432	0.12730426	0.05860085	0.17106693	0.30604509	0.19824063	-0.00096718	0.01638202	0.41504948	0.19664804	0.15098108	0.36447530	0.04298318	0.28957250	0.16742862	0.01320083	0.11660555	0.13766584	0.24808013	0.08112000	0.11036854	0.22103287	0.35079769	0.40693892	0.08699831	0.01072851	0.05516253	0.04078629	0.21177393	0.37065754	0.46110076	0.47266618	0.64637068	1.23002230	0.31558184	0.17171595	0.17303978	0.23701519	0.31127090	0.29470267	0.35812233	0.40816990	0.46086356	0.51135063	0.35196560	0.25765139	0.57300422	0.31115683	0.24677529	0.27860422	0.32319764	0.13900371	0.05227377	0.31429071	0.10318451	0.16257140	0.25245501	0.17004577	0.39951919	0.07600805	0.19441477	-0.02828346	0.17247627	0.16805422	0.38490093	0.52039973	0.39179448	0.55664986	0.18659357	0.15529908	-0.20291282	0.34594853	0.43094307	0.35673281	0.22425855	-0.02163735	0.16605834	0.10328449	0.27345884	0.06974438	0.02436522	0.08179454	0.00434532	-0.03687467	0.04450228	0.00185999	-0.00131098	0.03333955	-0.12612511	-0.10427790	0.10253232	-0.15939888	0.07629896	-0.04465553	-0.20552796	0.14078778	0.08085431	0.15104255	0.00296700	-0.03254494	0.09327121	-0.05778163	0.05550685	-0.02377570	-0.15933179	-0.03813235	-0.00011411	-0.02810810	-0.02263955	-0.13958073	-0.15179685	0.09942802	0.15299734	0.14540940	0.16974917	-0.01163906	-0.02413640	0.16104156	0.06197699	-0.10261867	0.12525008	0.15595183	0.13733226	0.15022684	0.14483246	0.13662384	0.04927539	-0.02277359	0.21814322	0.23541238	0.17732873	0.06055986	0.21831564	0.20046356	0.05083729	0.18765765	0.09046458	0.32312640	0.24804688	0.25839985	0.19699392	0.24934651	0.15301043	0.20156424
17Networks_RH_ContC_pCun_5	-0.01746967	-0.05171086	0.01094283	0.06173706	0.09741205	-0.02654282	0.08910198	0.07409546	0.03573141	0.10913100	0.11024224	0.07434144	-0.14676508	0.06420182	0.04222784	-0.09732659	0.07553694	0.12977730	0.17996538	0.10253722	0.18804306	0.17979802	0.15552879	0.21780929	0.03923610	0.09866243	0.21828576	0.26505747	0.24446506	0.11574273	0.01113842	0.01221258	0.28742472	0.23372263	0.30002860	0.15626924	0.14099637	-0.16611780	0.10324268	0.21031615	0.23472762	0.08921388	0.07929542	-0.11054786	-0.16562405	-0.03778628	0.05356797	0.00739764	-0.12430739	0.10040649	0.04484453	0.05304397	-0.02816537	-0.01042756	0.07999227	0.13362385	0.04020454	0.12227331	0.13742336	-0.02887113	0.03545458	-0.09109160	0.00902653	-0.03634565	0.34013963	0.19356122	0.34617350	0.11996620	0.40238768	0.28635112	0.38188037	0.37234283	0.06152432	0.17371836	0.15856131	0.13530969	0.17655373	0.28682244	0.46090933	0.32201849	-0.21230698	0.18108221	0.29210650	0.14436051	0.13974338	-0.03415799	0.11482292	0.00224495	0.07335201	-0.13174061	0.02291627	0.00393683	0.02322456	-0.04247441	0.07372177	0.15992376	0.26654492	-0.04119210	0.09709223	-0.08253886	0.20251618	0.22100561	0.01398174	0.26688604	0.04084766	-0.00786037	-0.02714918	-0.05309256	-0.00538221	-0.05401133	-0.19095020	-0.05365980	0.01920586	-0.18519968	-0.16140633	-0.12880170	-0.11190822	0.09210787	0.03210795	0.00515217	-0.06523710	0.30032878	0.20086532	0.33757904	0.19707352	0.32625558	0.22732828	-0.14053655	0.09876897	0.01309635	0.06321462	-0.12131954	0.07710865	-0.00275820	-0.23955818	0.09847538	0.03815754	0.22714895	0.20478508	-0.12914226	-0.08638473	0.13833099	-0.12951672	0.55228362	0.65751836	0.60840880	0.25712149	0.35382097	-0.12558895	-0.13710606	0.02535033	-0.03145056	-0.01237617	-0.04398513	0.06340995	0.05539094	0.07046078	-0.09617398	0.43420655	0.27857589	-0.14562063	-0.17246009	-0.06590858	-0.17836403	-0.06018479	0.04847360	-0.10063805	-0.20295818	-0.22537345	-0.17988313	-0.13712994	-0.02590674	-0.03461140	0.10672344	-0.22843053	-0.16341426	0.04585862	0.01696631	0.07487938	0.05676677	0.13535517	0.07476653	-0.17538921	-0.15604362	-0.18206968	-0.17561843	-0.02872046	-0.07890170	-0.10446240	-0.16844797	0.04728354	0.12707662	0.04555770	0.02519773	0.05564752	-0.04444590	-0.04115681	-0.09516473	0.04547178	-0.12180337	-0.00938998	0.00155421	0.12226202	-0.07442133	0.02819951	0.06002763	0.00079358	0.09191402	0.15107713	0.01292073	0.20432164	0.14529074	-0.09578724	0.03229053	-0.04826051	-0.01655699	-0.11481585	0.00813470	0.10683307	0.13424475	0.17630036	0.16247446	0.14407122	0.07632788	0.11853626	0.05230519	0.10611458	0.10497631	0.16868946	0.08841723	0.13593212	0.34867808	0.15331503	0.00687853	0.26992627	-0.05136716	0.19408304	0.10653635	0.09679589	0.04249256	-0.01427706	0.17516598	0.08101732	-0.05676987	-0.07364351	-0.15033270	0.07013403	-0.13249076	-0.15877481	-0.01642350	-0.09162286	0.03354481	-0.02001598	0.03512148	-0.04152517	-0.13000353	-0.03547516	-0.05053326	0.21753141	-0.00349095	0.06846124	0.16260504	0.21009388	0.37716196	0.29178507	0.47353987	0.47188204	0.38450309	0.45528781	0.45069423	0.11603895	0.31140671	0.09709565	0.05511428	0.12883148	0.38576885	0.06469185	0.26710852	0.40588255	0.14096367	-0.11007232	0.28246810	0.33421384	0.20830968	0.06458589	-0.04811008	0.02548043	-0.00757903	-0.01346022	0.10813916	0.00362345	0.05098980	-0.05773875	0.08635922	0.15711864	0.06664028	0.01823313	0.22635010	0.00952404	0.41037344	0.08170753	0.01286398	0.29378047	0.13260332	0.11187543	0.26203834	0.05485498	0.31303490	0.28138089	0.36520561	0.09918711	0.32313004	0.02555224	-0.05755484	-0.12488753	-0.02009772	-0.11779614	0.02219167	-0.04394260	-0.14216854	0.14855034	-0.08304897	0.10875122	0.11486763	0.41610252	0.19272041	0.45224633	0.39519389	0.34123978	0.04232495	-0.07492950	0.33473474	0.19234595	0.20329177	0.03534599	-0.07614566	0.01448149	0.37094025	0.37154591	0.17462655	0.59152566	0.28027563	0.09964017	0.07536854	0.10136232	-0.03733300	0.05105124	0.14337013	0.02474077	0.07827669	0.68150547	0.70160970	0.28893971	0.31558184	1.22160284	0.27437253	0.37047200	-0.13545750	0.15257747	0.10686676	0.07039934	0.07329836	0.04194734	0.26638114	0.19438806	0.04299022	0.09279480	-0.20283020	-0.02917299	-0.14004915	-0.13586804	0.05704407	0.01076178	0.10258600	-0.13207148	0.01480466	0.02121653	-0.17369808	0.00360294	0.05669563	-0.07595182	-0.02932017	0.08219969	0.18080134	-0.04787136	0.28425812	0.03064228	0.15901895	0.03077621	0.20045280	0.00211887	-0.01097401	0.11122125	0.10726482	-0.01507377	0.22248874	0.13135225	0.06937502	0.18108603	0.23313362	-0.10807437	-0.09068803	-0.03314129	-0.09499083	0.00980004	0.02672458	-0.08226563	0.06072075	0.05907399	0.16292251	-0.04572055	-0.05419419	0.07922383	-0.12306870	-0.02827051	0.01477830	-0.07017650	0.18639647	0.03561592	-0.08038461	-0.07894021	-0.02602060	0.01641395	-0.01859053	0.09420041	0.08783752	0.04615677	0.11423974	0.05104570	-0.15047615	-0.05787012	0.04488060	0.13495015	0.05200475	0.05588804	0.07235746	-0.01843540	0.17816784	0.08981632	0.06423095	0.01595901	0.03412912	0.06498211	0.08730609	0.07292690	-0.00535509	0.09188400	-0.04325673	0.13313564	0.19776528	0.12165886	0.06940934	0.27547416	0.21960839	0.17406748	0.18959634	0.06416105	0.15796504	0.03122224	-0.02483179	-0.00091212	0.04209867	-0.03894650	0.01568957
17Networks_RH_ContC_Cingp_1	0.01769448	0.16670373	0.14056813	0.15116179	0.06551815	0.05486240	0.05492566	-0.12074392	-0.04459528	-0.04595017	-0.03931321	0.06207544	0.09962308	0.11770301	0.13089567	0.11189214	0.08140930	0.03877171	0.02482388	-0.11223477	0.00627351	-0.06125936	-0.03462166	0.07307301	0.06935756	0.14416408	-0.02650907	-0.04939873	0.07789026	0.10411874	0.08578696	0.04117890	0.19487554	0.12602107	0.15462690	0.15057962	0.03573305	0.02662047	0.07561648	0.14586913	0.18641591	0.16762739	0.13308916	-0.00305121	-0.08911216	-0.09200503	-0.03340912	0.00301916	0.01644664	0.00930913	0.04015951	0.11356732	0.04169676	-0.03427024	0.03422715	0.02845574	0.04127703	-0.01212588	0.03233483	0.17822151	0.14959243	0.10921178	0.07552381	-0.08683533	0.04394533	0.09951601	-0.03687155	0.08676059	-0.04526941	-0.09833766	0.02146403	0.00650557	0.00982828	0.17362582	0.06709156	0.08846225	0.09902015	0.15830738	0.04463523	0.13912450	-0.10225548	0.07637700	0.16003445	0.07749114	-0.02433112	-0.01905532	-0.08218468	-0.12179173	-0.00136911	-0.07041227	-0.17511778	-0.08203730	0.04967320	-0.27661386	-0.02143789	0.08734513	-0.05821867	0.11542559	0.01358886	0.16763038	-0.03901648	0.02309096	-0.12664126	-0.08488164	-0.20404198	-0.21223721	-0.15715287	-0.01814760	0.05069360	0.01485088	-0.03405059	0.10053913	0.15323008	-0.01242646	0.00292954	-0.05197276	0.01148731	0.05587863	0.03661277	-0.07410494	-0.16931434	0.11541667	-0.18281983	0.08506325	-0.14353684	0.01153125	0.01531143	-0.34549487	-0.19608290	-0.23829013	-0.00633382	-0.02990425	-0.08402826	0.06110175	-0.03336493	0.11151434	-0.12162176	-0.14770825	0.16986361	-0.20007699	-0.04191479	-0.03935856	0.03028292	0.47986070	0.23704098	0.31222867	0.29097627	0.19931925	0.10872651	0.18642057	0.21174102	-0.08947147	0.06646190	0.37155684	0.43512109	0.29715661	0.19859473	0.18110081	0.37444945	0.36301513	0.21514466	0.20936919	0.06886011	0.05225047	0.06284052	0.09639013	0.00265894	0.06991158	0.13021069	0.14121121	-0.07531371	0.05702332	0.16544667	0.22456325	0.11155668	0.09656971	0.00986724	-0.07524880	0.04772426	-0.03160263	0.09006626	0.08321473	0.05833787	-0.17231366	0.05373297	-0.10278320	-0.19808856	0.14141434	0.07810305	0.38894041	0.35937631	0.17273787	0.16549542	0.11349161	-0.12839267	0.11429190	0.01514274	-0.16304365	-0.26895046	-0.14810254	0.15918922	0.12005118	0.15050633	0.07425639	-0.01085599	0.06876280	0.18992974	0.05269063	0.05836940	-0.07394761	0.14448693	0.00329531	0.08631682	0.16994238	0.11622150	-0.00871070	0.08228398	0.10296597	-0.07276670	-0.12680869	0.00052654	-0.04679782	-0.04373071	0.00749081	0.05378765	-0.00732672	0.14403818	0.00929715	0.14537172	0.17860023	0.03721693	0.07119542	0.22636353	-0.06818525	0.10051390	0.04866234	-0.00253286	0.21801886	0.09646807	0.06624031	-0.03935198	0.06250454	0.13521977	0.12000705	-0.00510979	-0.17661801	-0.03213940	-0.14884925	-0.01091343	0.09969283	-0.07051910	-0.07151661	0.04563472	-0.02297558	-0.05677314	-0.10387159	0.00945346	0.02730557	0.17509338	0.12413905	0.30368259	-0.07740049	-0.09708740	0.02335609	-0.03715391	0.01314149	0.17703957	0.04805541	0.14381845	-0.04492191	0.13694403	0.13096648	-0.18136300	0.05593686	0.11930137	0.05610495	0.13621128	0.12942523	0.05436506	0.16163738	0.10592663	0.11712085	0.03448302	0.03904807	-0.03142344	-0.05552128	-0.10042796	-0.16265773	0.06861572	-0.06715326	0.01824572	-0.04401062	-0.00377095	0.04356936	-0.21030166	0.09257710	-0.04405756	0.28539586	0.01550771	0.05883107	-0.01324593	0.12555278	0.12810055	-0.11642182	-0.27140908	-0.19137392	0.01396014	0.11149465	-0.07494665	-0.11836825	-0.00646428	-0.11983595	0.06252781	0.04937757	0.07626000	-0.02849873	0.08402430	0.11913961	0.07040511	-0.04373339	0.05423787	-0.00125690	0.07924561	0.00136495	0.03301692	0.05651440	-0.12561936	-0.03003654	0.20493628	-0.09070447	-0.21027669	-0.03116975	-0.15982293	-0.11252761	-0.10887422	-0.05661932	-0.00127549	-0.06058074	-0.05522920	-0.06513205	-0.02292646	-0.03373666	0.00994256	0.11713945	-0.07847841	0.03662832	0.01364597	-0.15510354	0.05011932	-0.02236109	0.42931991	0.33135672	0.45350590	0.17171595	0.27437253	1.12881981	0.22655931	0.23582633	0.23991518	0.05292392	0.08740444	0.22430231	0.45981927	0.50833086	0.36894871	0.11599495	0.36890652	0.23071584	0.06149822	0.18377103	0.26224672	0.01049740	-0.03885917	0.08319138	-0.12085362	0.15103217	0.11534777	0.02882368	0.10411346	0.00408548	0.09152017	0.14177944	-0.00516025	-0.12347593	0.30505297	0.33256038	0.29260401	0.46921037	-0.01871212	0.20880376	0.02492089	0.34382829	0.29780839	0.15826387	0.07274361	-0.14266128	-0.02326708	-0.15734067	0.15193887	-0.03589194	0.12991158	0.21659236	-0.06508745	-0.00580121	0.11499361	-0.05956097	-0.04253160	0.08889346	0.00300798	0.07424013	0.01207531	0.00648498	-0.12717100	-0.16394723	-0.00145149	-0.00663640	0.11064854	0.29089870	0.03799958	0.04122887	0.18525097	0.07911350	0.06327809	0.04196783	-0.01416554	0.08961143	0.00893553	-0.08193864	-0.14324926	-0.26212766	-0.13208949	0.01985023	0.16876273	0.08273308	0.11493634	0.09332795	-0.06519816	0.17003503	0.15092271	0.06235790	0.02703805	0.22097586	0.11684837	0.09520172	0.13190251	0.09145961	-0.04214216	0.06963421	0.12124916	0.18555870	0.18443482	-0.02703385	-0.00443192	0.22895681	0.11211603	0.04452153	0.09973295	0.17835855	0.13700399	0.02952439	0.20120411	0.14125261	0.04577582	0.15594512
17Networks_RH_ContC_Cingp_2	-0.11055803	0.00588383	-0.02230894	-0.03590561	-0.08505768	-0.10556398	-0.02803103	-0.01180823	-0.00480519	0.02447095	0.11469973	0.05508772	-0.06344422	-0.05086574	-0.04184496	-0.02845946	0.03839605	0.10341027	0.09042508	0.08341604	0.10652794	0.03318697	0.09196201	0.05541195	0.26833013	0.23396857	0.17419559	0.24225168	0.30074559	0.15366486	0.12531909	0.27789123	0.20555129	0.21887350	0.16270387	0.11991426	0.28372139	-0.01141993	0.07423491	0.14620292	0.31060396	0.07798623	0.08458379	0.13941531	0.02468222	0.10660398	0.19124427	0.11926201	0.18019950	0.11357420	0.07619382	0.10728704	0.08133181	-0.00668663	0.16747173	0.09559222	0.12838503	0.23690981	0.12716134	-0.01179677	-0.06398057	-0.06945775	-0.04808227	-0.10502288	-0.00847172	0.09006703	0.08975883	0.01614976	0.13665046	-0.00743447	0.05970886	0.21576770	0.10486138	0.13894614	0.07136804	0.12864019	0.21793129	0.25480462	0.10572676	0.20671573	-0.13046599	0.16713960	0.11491690	0.14540757	0.13087638	0.03167475	-0.00918803	-0.00917624	-0.01551193	0.03779585	0.10983977	0.24596212	0.19912419	0.10757108	0.10763546	0.08992946	-0.01535644	0.13511594	0.08504258	-0.04659148	0.08634352	-0.03134573	-0.10201099	0.16497982	0.06851301	-0.00338838	-0.05201992	0.01457483	0.04432073	-0.01572225	-0.05959970	-0.04001945	0.13945930	0.13902114	0.06641146	0.04653505	0.17201569	0.19175801	0.06651579	0.00618155	0.00012614	0.09885578	-0.04315832	0.16511704	0.04544475	0.00060991	-0.04425849	-0.11710581	-0.05230023	-0.05353093	0.07945315	-0.03717725	0.08255781	-0.01022926	-0.02171437	0.10462215	0.04790836	0.05825669	0.01793798	-0.08492466	-0.03246265	0.01494938	-0.01474304	0.41434111	0.23339663	0.11359953	0.27258036	0.40482555	-0.02960575	0.03155013	-0.04917285	-0.05044541	0.00333914	0.12107301	0.18448458	0.08424161	0.13469976	-0.02269086	0.16239600	0.10304648	-0.00201904	0.05255982	-0.04588389	-0.06465619	-0.00958443	0.08305281	0.11103597	0.19019298	0.05637620	-0.03121459	0.03420119	0.09514927	-0.14848195	0.03239265	-0.11415367	-0.15243976	-0.09473746	-0.08843158	-0.06669063	-0.00552331	-0.02259492	0.03200667	-0.10524742	-0.12790235	-0.05885267	-0.08388367	-0.02648952	-0.07512189	-0.08404979	0.12662190	0.04452708	-0.02143240	-0.03085949	-0.07419614	-0.01652115	-0.06775774	0.20207513	0.05301322	-0.01660821	-0.08676055	-0.04169381	0.02631714	0.07720524	-0.06727038	-0.04450374	0.10941968	0.03368996	0.15748549	0.00594778	0.16054484	0.15667941	0.19122750	0.04197273	0.03156219	-0.09646712	-0.03588898	-0.02132330	0.09327510	0.06195579	0.13315843	0.11851699	0.15961457	0.17063609	0.14224895	0.13301857	0.30506260	0.20790049	0.28243650	0.20504500	0.18317250	0.14994291	0.12623572	0.19850900	0.06715500	0.18874172	0.03970904	0.27290064	0.22147123	0.05176936	-0.00764762	-0.02715676	0.13257482	-0.04982313	-0.07138869	0.11894567	0.13563076	0.22902445	0.03109062	0.00369917	0.17618405	0.02156551	0.12024116	0.23171410	0.11777751	0.15298583	0.14146283	0.09097263	0.19078668	0.02648567	-0.07593056	0.00756647	0.11712430	0.10243220	0.05102469	0.04339759	0.22011727	0.19501727	0.21769003	0.14965128	0.12585008	0.15083133	0.18297147	-0.02445660	0.19800344	0.12434575	0.18982065	0.18525266	0.19723594	0.07568478	0.15052526	-0.02675035	0.10974739	0.09420790	0.08368840	0.14726239	0.25374831	0.09821215	0.05949523	0.06338768	-0.01771316	0.05933657	0.15395885	0.21279582	0.25397690	0.07360774	0.21760412	0.26129212	0.11165660	0.08824734	0.13324723	0.04960159	0.07816761	0.11410477	0.11411953	-0.04152636	0.07380837	-0.01687532	0.13489108	0.14905328	0.33065544	0.22294241	0.29559409	0.04492692	-0.07894123	0.03311182	-0.05941414	0.01149309	0.02221250	0.02891442	0.15188906	0.07586811	0.12547011	0.09121160	0.03872004	0.16992263	0.07660710	0.19622735	0.06888283	0.13671065	0.09112101	0.06525497	0.14985567	0.14045594	0.09886039	0.13757680	0.13611980	-0.06885980	0.18265417	0.22593938	0.02738174	0.24554372	0.09758436	0.13426183	0.08985926	0.00633233	-0.10865251	0.04012479	0.05589624	0.02214665	0.05752285	0.42930712	0.37171227	0.08224467	0.17303978	0.37047200	0.22655931	0.96369444	0.11765897	0.09302691	0.16435711	0.09431568	0.11051392	0.13265258	0.19045609	0.26353943	0.11412998	0.20541071	0.05196712	0.12821032	0.04143644	-0.04135130	0.04985220	0.11740843	0.10647636	0.05712244	0.12631232	-0.07092993	-0.08842390	-0.02905000	-0.02368458	-0.14336802	-0.03849902	-0.00402416	0.10414783	0.00728553	0.12552633	0.13291174	0.22229212	0.05121493	0.12119753	0.00299950	0.11176261	0.04919587	0.10342057	0.24957813	0.27991900	0.12337631	0.14566909	0.13760816	0.17893549	0.09186644	0.08253653	0.14632916	-0.04049464	0.08524185	0.13268921	0.13777471	0.22022318	0.17683396	0.22416867	-0.01989191	0.07885401	0.14520879	0.18791003	0.05444628	0.01893900	0.15768402	0.22438957	0.00801661	-0.16625927	0.02075843	0.16226609	0.29839980	0.18198575	0.09826637	0.15230220	0.16627317	0.03134362	0.22529885	0.29576213	0.02483862	0.08414694	0.19797043	0.07835613	0.15094082	0.09057355	-0.00774445	0.20368403	0.13276203	0.03252254	0.07926932	0.10020819	0.12204947	0.09860967	0.07357129	0.09091009	0.01153470	0.05924763	0.11674786	0.21801114	0.23749117	0.08554377	0.08711597	0.19194157	0.09430437	0.16398505	0.10590308	0.07854420	0.16979890	0.09963435	0.08150972	0.04645363	0.05766056	0.12834987
17Networks_RH_DefaultA_Temp_1	0.20597961	0.29820371	0.25825189	0.28971514	0.08543918	0.15047722	0.21104730	0.03161047	0.13406252	0.01122348	0.20434695	0.07937793	0.09153181	0.08248463	0.26091418	0.12302860	-0.06351821	0.13989440	0.09507902	0.03876195	0.13295704	0.01936644	0.14955629	0.14937689	0.21568040	0.29765361	0.08887004	-0.06120574	0.20959508	0.12519499	0.24430156	0.23215665	0.18915789	0.18059448	0.16013410	0.07290701	0.21593075	0.35135326	0.39164843	0.14397096	0.31409833	0.02919002	0.26385260	0.14862527	0.25085098	0.09656110	-0.11563731	0.11512520	0.17195507	0.09861510	0.15208529	0.14985841	0.16897919	0.14985495	0.23496625	0.03262581	0.30609277	0.11223619	0.30357415	0.09301538	0.14300500	0.22006644	0.12871770	-0.02257634	-0.04622415	0.01362983	0.03388453	0.02461502	-0.17610108	-0.09566408	-0.07117597	0.11311760	0.05683658	0.16985970	0.05292813	0.21554441	0.00445071	0.14051212	-0.03574475	0.10602371	0.25386009	0.32468259	0.14094948	0.13178675	0.13988847	0.12721062	-0.04175749	-0.19365900	-0.05538875	-0.02695344	-0.10500790	-0.02010602	0.00430527	-0.05994469	0.11753295	0.04282141	0.07075503	0.25463788	0.22437578	0.21667993	0.05688957	-0.01904210	-0.05295018	-0.10728239	-0.08158485	-0.19858493	-0.00482819	0.28182658	0.24896708	-0.08031615	0.15350036	0.35688305	0.45563663	0.45344512	0.25185055	0.29601088	0.30527269	0.24061503	-0.01366009	-0.02988893	0.05473753	0.08048617	-0.27594858	0.10748902	-0.13997842	-0.14322584	0.01234575	-0.19020521	-0.17052191	-0.01950866	0.18787679	0.30817115	-0.00212806	0.15814047	0.22316704	0.33821010	0.03794111	-0.15012700	0.17809187	0.09965328	0.35744996	0.20404948	0.41017170	0.19231963	-0.06659458	0.00608154	0.16304642	0.10298391	0.38883219	0.54277499	0.34396756	0.15517224	0.32201849	0.38516447	0.50437968	0.27154918	0.32539285	0.34439764	0.34447984	0.40339059	0.44857827	0.49841452	0.43211260	0.41887274	0.46513515	0.31718199	0.10271958	0.55383297	0.52666038	0.27063079	0.23455485	0.27146537	0.13781140	0.25512675	0.43391102	0.28366920	0.19421324	0.00515744	0.09835448	0.26234430	0.10622129	0.29848090	0.23563407	-0.09013637	0.35007706	0.08056884	0.00129875	0.25818339	0.15022164	0.34277022	0.33107069	0.12447732	0.12588548	0.10698284	-0.14535526	-0.00035946	0.24111838	-0.09321408	-0.15689960	-0.06438971	0.25780172	0.20328416	0.35460174	0.13487925	0.12039811	0.24317512	0.34557654	0.37710644	0.10868849	0.20643452	0.27853925	0.25345446	0.29955230	0.09122938	0.10449950	0.06951938	0.04215868	0.15260570	-0.04220010	0.08329808	0.18299680	0.08270186	0.24371885	0.22247363	0.26712223	0.26610511	0.21661366	0.19517538	0.37784937	0.20420359	0.23225992	0.10208870	0.24334354	0.25795223	0.13721864	0.22780221	0.16269068	0.34323809	0.25987678	-0.10327315	0.40244267	0.21337258	0.13493104	0.08725381	0.16083689	0.07318516	0.12603162	0.03361321	0.21161474	0.07894350	0.16706894	0.04685378	0.23889219	-0.00264957	0.10495511	0.15593405	0.32661525	0.23640956	0.12038922	0.14346656	0.32716515	0.07037497	-0.03040374	0.13433651	0.05007486	-0.05438279	-0.04030199	0.05133635	0.03552376	-0.16090249	0.22881643	0.11841138	0.01840371	0.16307654	0.12869233	0.09348243	0.18735530	0.05121478	0.00202608	0.20003920	0.23015860	0.19959251	-0.09246107	0.03604196	-0.01132238	0.13083799	-0.09399988	0.14058844	-0.00946212	-0.20285936	-0.00923458	-0.01613627	-0.01773288	0.06947447	-0.19737158	0.23912578	0.13707708	0.14068816	0.14027277	-0.04262671	-0.00487691	0.18546293	0.05477785	-0.09548789	-0.29538701	-0.12053369	0.18228671	0.16128229	-0.17460818	-0.28682552	0.31301111	0.05144971	0.23264743	0.06123513	0.26469121	-0.08452661	0.34600885	0.24570399	0.21362254	0.55402566	0.08774388	0.51453249	0.08444715	0.16550155	0.09419695	0.02788187	-0.07922564	-0.07078025	0.16286835	0.14317590	0.04236850	0.06676255	-0.07871689	0.09841821	0.09984590	0.43443060	0.15987803	-0.08633927	0.09420585	-0.17257744	-0.12372040	0.03434218	0.31435914	0.39305736	0.13289399	-0.11100280	-0.00989458	-0.10377417	0.36598554	0.20919237	0.16291959	0.00450718	0.41619218	0.23701519	-0.13545750	0.23582633	0.11765897	1.03075085	0.33560553	0.33027260	0.25606293	0.44160274	0.34383359	0.40320195	0.27165723	0.25646784	0.50258565	0.49834498	0.42478150	0.42874485	0.49594454	0.23667010	0.13584304	0.30201104	0.11699799	0.34703235	0.33639287	0.30127960	0.36607496	0.21439654	0.21702297	0.08013778	0.00551017	-0.19231593	0.48073958	0.33994470	0.19738674	0.36091895	0.04969329	0.30444582	0.01766258	0.55280602	0.29417447	0.27147325	0.20592086	-0.09881148	-0.02396675	0.01124348	0.19539247	-0.15264211	0.31547800	0.21781994	0.13314874	-0.04456598	0.10345906	-0.01861009	0.10207073	0.26394275	-0.05238958	-0.13400234	0.10904144	-0.08278833	-0.14985700	0.05670131	-0.04998011	0.08909322	0.34380735	0.20652774	0.09506483	0.04165211	0.16972599	0.10048339	0.09450513	0.12535443	0.00794548	-0.03926650	0.16090272	0.04069099	-0.07653899	0.10313824	-0.01063013	0.10753242	0.32154492	0.25469228	0.31217467	0.17189688	0.03989146	0.37661426	0.18751208	-0.06483579	0.29323688	0.31582781	0.27921500	0.30963920	0.21344478	0.29525241	-0.07027530	0.07214366	0.24699867	0.33319673	0.32178054	0.17903900	0.11339206	0.34425946	0.08214659	0.17324677	0.23307166	0.46225924	0.52199238	0.34873340	0.45161741	0.36200966	0.46876263	0.50780831
17Networks_RH_DefaultA_IPL_1	0.20346720	0.25072709	0.12761779	0.22647866	0.21490129	0.14694394	0.25262237	0.02884087	0.11110697	0.13742144	0.13600119	0.11855557	0.19120389	0.16944571	0.27590575	0.08607659	-0.01986033	0.16661426	0.18936926	0.08672999	0.17822670	0.07052430	0.11283379	0.13673511	0.06692413	0.10355928	0.02386884	-0.03258901	0.13323848	-0.00218416	0.02570870	-0.03417597	0.18099360	0.13149955	0.10759966	-0.02190364	0.00878964	0.08648403	0.11592047	0.08986766	0.08613132	-0.02219501	0.10328026	0.00224899	0.06120104	0.06673679	-0.05753566	-0.03811576	0.01882771	0.13444648	0.07604257	0.03217956	0.03105343	0.03231775	0.05383072	0.08785409	0.09490441	0.07768583	0.13526166	0.13265468	0.22007164	0.11459298	0.15854140	0.02951846	0.09219367	0.03146577	0.06461017	0.01369763	-0.11777461	-0.12782065	-0.02327886	0.03597827	0.03079614	0.13744664	-0.00375762	0.21057064	-0.05218750	0.07768231	0.01052342	-0.00407583	0.01216811	0.21792510	0.12354807	0.04893172	0.05356614	0.06443456	0.09583652	-0.10186163	-0.00863779	-0.07480332	-0.13009599	-0.09929860	-0.05059670	-0.09654044	0.07148564	-0.00106714	-0.01054558	0.11113704	0.11817389	0.13366494	0.01073007	0.07262560	0.05776829	0.08249958	-0.06610267	-0.06839985	0.04734317	0.13528404	0.17696364	0.11696507	0.07145101	0.08903535	0.16032398	-0.00050610	0.05065517	0.13257747	0.15320323	0.11964842	0.06841044	-0.01580627	0.02018821	0.10297566	-0.09362575	0.10909429	-0.12601290	-0.04343256	0.02044325	-0.20181829	-0.20743717	-0.05640331	0.10806251	0.05399267	-0.02652970	0.12032346	0.05686973	0.31958900	0.09095230	-0.09342112	0.19634757	0.00871806	0.21910097	0.23254322	0.15680925	0.29347465	0.10861054	0.23537850	0.21336663	0.05461352	0.32127485	0.32630640	0.29982300	0.05747089	0.23835134	0.23724677	0.39850019	0.20001662	0.26992731	0.20307156	0.45489791	0.42480620	0.12549719	0.19692515	0.14829433	0.18118404	0.27953420	0.18414394	0.05021677	0.16784283	0.16390510	0.02618892	0.11082370	0.17749789	0.21213380	0.36707308	0.18438024	0.21040347	0.22814647	0.07742027	0.18172133	0.19566815	0.18512286	0.22365330	0.20285986	0.02864798	0.24074834	0.11015593	0.03943372	0.23216177	0.07231574	0.18812427	0.27688832	0.17175172	0.09712005	0.16049709	-0.10448873	-0.00736783	0.22802814	-0.06641055	-0.11951557	-0.08511559	0.15636432	0.06815738	0.22165270	0.09970047	0.13111570	0.13926909	0.26088993	0.18507512	0.11589670	0.09672363	0.22749327	0.21954052	0.16544800	0.08048682	0.14497658	0.11188561	-0.02081996	0.13923980	0.03155164	0.09660470	0.20995097	0.15946760	0.16824583	0.07216749	0.08225237	0.03549250	0.05446757	0.03897812	0.17262970	0.09454141	0.10853965	0.02133402	0.08845253	-0.01046733	0.02499664	-0.03548821	-0.02544644	0.10337877	0.08832523	-0.04328771	0.07163600	0.03550220	0.07201583	0.00383053	0.03829897	-0.06135033	0.07491155	-0.02006958	-0.05663732	-0.02836068	0.05409089	0.01749899	0.01482473	-0.01442519	-0.01567158	-0.03170571	0.07424053	-0.03835348	0.15482222	0.06845184	0.21323139	0.05377733	0.15913583	0.19439931	0.08921337	0.04004147	0.09709181	-0.00736821	0.06207490	-0.15319440	0.09647321	0.08368356	0.00854275	0.07366139	-0.01172006	0.02494572	0.05948271	-0.08687764	0.12035182	0.04603965	0.00690114	0.14204447	-0.08742579	-0.03681553	-0.10070847	-0.07303730	-0.14608922	0.01964968	0.01627164	-0.05841782	-0.00421753	-0.05817937	-0.08840281	-0.05147441	-0.15963446	0.12551019	-0.00035287	0.14244393	0.01390812	0.03293325	-0.04303782	0.04255466	0.24962594	-0.09600776	-0.23113061	-0.03545314	0.22157311	0.22394739	0.00325408	-0.12103510	0.27679528	0.06618629	0.09083064	0.06348920	0.16823550	-0.00693679	0.15735033	0.21799512	0.10442517	0.06306054	0.10478372	0.19244676	0.08380086	0.21247220	0.11359884	0.01393250	-0.06238663	-0.06398440	0.34040066	0.14926623	0.03461994	0.13450442	-0.17516852	0.09291319	-0.10789691	0.16523528	0.13456160	0.15377772	0.20745620	-0.15091098	-0.02450053	0.20877749	0.34026004	0.33294910	0.11173797	-0.00852961	0.03843321	-0.03414836	0.24371197	0.15058303	0.24731310	0.22619094	0.49339449	0.31127090	0.15257747	0.23991518	0.09302691	0.33560553	0.78005734	0.25257103	0.24707640	0.43522299	0.27307589	0.37632586	0.32523414	0.19948634	0.40408539	0.19926824	0.20312621	0.23134929	0.27785691	0.27760324	0.07268528	0.25543065	0.13669043	0.24398085	0.27283254	0.22204894	0.27281437	0.19350953	0.25043455	0.13045296	0.16753343	0.07148538	0.36991125	0.31332176	0.17456050	0.29848725	0.00536645	0.22776985	0.00736496	0.28059623	0.33842318	0.25335596	0.25735839	0.05319085	0.05321797	-0.04410600	0.44953549	0.06934403	0.13059477	0.12846553	0.13403547	0.02815716	0.04748389	0.05541511	-0.04257756	0.14129636	0.01214164	0.05022538	0.06350158	0.00426852	-0.05704314	-0.04692235	-0.12322738	0.02400041	0.17822621	0.12179240	0.07787557	0.01241199	0.11431593	0.06556019	0.03015504	0.06861865	-0.04026870	0.00269177	0.06788111	0.05668014	-0.05721145	-0.02970149	-0.02221838	0.06604284	0.22916726	0.10464669	0.17959070	0.04645351	0.00936610	0.19481628	0.12425787	-0.04009564	0.22079174	0.29457538	0.24155872	0.29133088	0.26678389	0.24344989	0.12652712	0.16002621	0.12664251	0.16881405	0.21607759	0.09100115	0.22293278	0.16582010	0.13949551	0.15379431	0.15291747	0.28324424	0.22862257	0.21912221	0.25452108	0.22964053	0.23942081	0.24767740
17Networks_RH_DefaultA_IPL_2	0.21851257	0.24462000	0.16362769	0.21769146	0.17904122	0.08191039	0.23306804	-0.09309893	0.18363497	0.08605735	0.10950647	0.12974001	-0.02949264	0.00979805	0.33448906	-0.03365482	-0.05724364	0.10426566	0.12525901	0.00222242	0.21283779	0.04187068	0.11315532	0.18657344	0.11891596	0.14072915	0.03530790	0.00251988	0.14395219	0.01286873	0.00006791	0.06954082	0.15212735	0.12648106	0.10790552	-0.02894436	0.04334874	0.23438856	0.36441742	0.04027870	0.14981379	0.00801603	0.14886065	-0.03273007	0.07325093	0.27681431	-0.10924907	-0.00870587	0.15097702	0.03785896	-0.04469462	-0.06523871	-0.00033573	-0.04189267	0.11160141	0.05261829	0.21682689	0.15015775	0.20731215	0.14250378	-0.01515127	0.26099568	0.07600932	0.04903298	-0.09078169	-0.10628469	0.33723654	0.08276478	0.01584417	0.17073213	0.03794399	0.20261577	0.04884344	0.10138273	0.13698564	0.20239755	0.00408930	0.07831936	0.01320302	0.10764757	0.14545051	0.38973424	0.37413767	0.19103085	0.17629174	0.02928491	0.00323781	-0.16369762	-0.11438435	-0.14637240	-0.13184586	-0.12755240	-0.12959233	0.02791046	0.16296997	-0.07584904	0.10490768	0.14028588	0.16632933	-0.01912386	0.12257834	0.00973723	0.22364994	0.06700376	-0.02944261	-0.02104953	0.23498658	0.41833340	0.21772079	-0.00279049	0.11865214	0.14966159	0.26857725	0.12985812	0.05415457	0.07541769	0.13842235	0.13907215	-0.05029216	-0.09383085	0.14666431	0.37063690	0.01896819	0.40499420	0.23401289	0.05574708	0.20919123	0.17626972	0.08575424	-0.00062907	0.40831647	0.35539653	0.06181150	0.30976506	0.27443983	0.46223496	0.33455036	0.23942446	0.39480775	0.34289819	0.36207286	0.34734664	0.22589601	0.14825349	0.05386263	0.18507426	0.22641453	0.15214040	0.42991735	0.55858789	0.34406204	0.44896416	0.56014598	0.32016485	0.32912093	0.40562778	0.38135697	0.15096735	0.40884132	0.42275060	0.26851383	0.29923076	0.10542935	0.10282028	0.50482330	0.19332721	0.02307849	0.23347433	0.29906569	0.06418666	0.45183063	0.04168043	0.17939607	0.23400436	0.21281305	0.41326911	0.30465095	0.00139932	0.23346164	0.26289937	0.19317280	0.47661338	0.05890465	0.10061281	0.21812351	0.15016076	0.20821756	0.36950674	0.00840075	0.19701710	0.13144489	0.09796225	-0.05574056	0.01161979	-0.18563771	-0.14452788	0.23957033	-0.02555300	0.10912099	-0.03629061	0.14224263	0.22851221	0.37112144	0.08212137	0.21141205	0.39240488	0.20212053	0.22080266	0.14224042	0.08635550	0.07015524	0.20618436	0.06463852	-0.12478468	0.03446749	0.07862188	-0.17635539	0.19599023	0.02686716	0.14839006	0.18431489	0.30254817	0.27209580	0.16620147	0.14473397	0.17470492	0.13016032	0.08509153	0.22878020	0.02919552	0.11669598	0.16720572	0.15307292	0.13686156	0.03121510	0.09399243	0.08682213	0.15392226	0.09640302	-0.14434460	0.25503075	0.09083684	0.11610665	-0.00970823	0.01194550	-0.11634601	0.06439901	-0.11971213	-0.03762588	-0.02568631	0.00361270	-0.05263991	0.03029442	-0.05271354	-0.07772099	0.14250918	0.18099242	0.09796730	0.02860289	0.23655776	0.16973357	0.03069924	0.18116570	0.25599651	0.18872331	0.22467860	0.03696852	0.10816784	0.07193445	-0.05850473	0.06093279	0.10566683	0.27729585	0.07158066	0.02034078	0.16316037	0.10306839	0.04525390	0.05362359	0.06715688	0.10265511	0.27509068	0.00053457	-0.09921949	-0.13488921	0.00088873	-0.16942813	0.19278324	-0.12779490	-0.07783532	-0.13215293	-0.07193717	-0.17036170	-0.03733330	-0.05439620	0.13502712	0.10826387	0.15295672	0.07610865	-0.08024493	-0.13848013	-0.02063518	0.10123590	-0.07191309	0.04162957	0.23194485	0.21507665	0.25914949	0.13456800	-0.14808117	0.27569293	0.19410621	0.06380597	-0.11352965	0.15087264	0.00490204	0.03679509	0.31157147	0.00765753	0.09639511	-0.03708142	0.14931027	-0.03937837	0.13786073	0.38579890	0.02743661	0.18408002	0.11137076	0.22563205	0.34767450	0.17853492	0.27132490	-0.00667171	0.25882050	0.19942515	0.37038428	0.32438448	0.07387081	0.39751379	-0.12152062	0.21135080	0.23271767	0.28974763	0.49348968	0.36765095	0.09931989	0.10686244	0.13345798	0.32749217	0.05585573	0.13129608	0.09663922	0.39236805	0.29470267	0.10686676	0.05292392	0.16435711	0.33027260	0.25257103	0.90152651	0.33931534	0.34456405	0.21292475	0.27518250	0.31306640	0.13604170	0.36360265	0.30788331	0.28017961	0.16012373	0.16048370	0.35254886	0.04442570	0.18318720	0.18703493	-0.02299377	0.16544549	0.42756952	0.19144819	0.21683223	0.08650196	-0.04070637	0.06850520	0.05598822	0.39034603	0.35625537	0.15233573	0.19396461	0.13260789	0.18786009	-0.05383288	0.18149116	0.07519714	0.03745573	0.02152344	0.03975801	-0.13737455	-0.09554201	0.12283229	-0.13599638	-0.00020136	0.05993479	0.06482880	-0.10112466	0.10522204	0.06716002	0.09666802	0.14605622	-0.12420326	0.01467649	0.04156158	-0.16271358	-0.00197954	0.07765541	-0.15130460	0.06466501	0.08542036	0.13400499	0.05780980	-0.08536535	0.10774205	0.07279553	0.13570952	-0.00200455	-0.05953525	-0.01834355	0.00923713	0.02769960	0.04627146	0.13153419	-0.11082926	0.10700728	0.23286274	0.10516723	0.17434543	0.06515424	0.00692620	0.17068081	0.11271593	-0.09894248	0.26882675	0.19316817	0.21772054	0.26793283	0.22145295	0.18316347	0.22364509	0.02517194	0.27415420	0.14494554	0.08199818	0.14373195	0.27064262	0.10346053	0.07360467	0.22688201	0.22749663	0.40792212	0.37774022	0.40195178	0.26487061	0.31407039	0.39099712	0.41157452
17Networks_RH_DefaultA_PFCd_1	0.17165268	0.16578312	0.17505396	0.22915584	0.18243578	0.06829962	0.16430573	-0.09597904	0.04026358	0.12640115	0.12352088	0.11252614	0.05487722	-0.04863571	0.26148781	-0.01106027	-0.17480107	0.00792127	0.06523837	-0.05402741	0.16682295	-0.00395383	0.06368032	0.08744414	0.03346182	0.05800620	0.04032778	0.06425503	0.03601926	0.02856452	-0.04843928	0.01525464	0.18261277	0.10201515	0.11170965	0.01486767	0.05481698	0.04460734	0.12362772	0.09795254	0.12096796	-0.02382779	0.09817707	-0.04012306	0.07402429	0.14540261	-0.04924788	-0.13520397	0.03434566	0.03696411	0.03059381	0.00015105	-0.06439185	-0.02947514	0.09769374	0.11087475	0.15791231	0.08635649	0.13212513	0.10106083	0.06078071	0.25724191	0.11410339	0.04595459	0.09970261	-0.09101807	0.15143894	-0.02605500	-0.09306960	-0.08646778	-0.01437851	0.13445922	0.11515178	0.13760974	0.14223434	0.15252780	-0.00870565	0.02318986	0.10452319	0.10132969	-0.01595169	0.07661219	0.13844742	0.10220799	0.11991461	0.04459121	-0.04648492	-0.01847824	-0.08584871	-0.05716891	-0.19521699	-0.06687701	-0.10244643	-0.10929683	0.07141202	-0.02044536	0.09075185	0.09939697	0.04686137	0.05112200	0.18079780	0.10320035	0.18155294	0.10834554	-0.08686726	-0.22023304	0.12191096	0.13797170	0.07100948	-0.00862920	0.05119004	0.04208949	0.12652475	0.07373357	0.06985197	0.05573418	0.17969031	0.07992133	-0.02364032	0.03904190	-0.01807510	0.03958354	0.04504475	0.05734285	0.06536726	-0.15450335	0.19449558	0.04172406	0.10535602	0.03584476	0.12436547	0.07310523	0.09290628	0.07254606	0.07137224	0.27305320	0.07492452	0.00774378	0.27300378	0.02246785	0.23555709	0.21013917	0.10847513	0.16470565	0.08983814	0.27033153	0.15937345	0.13498685	0.14246805	0.28715893	0.47908907	0.14428817	0.34321300	0.30181449	0.34256843	0.21387480	0.17273217	0.11420987	0.34261444	0.37004834	0.20629541	0.17200399	0.07196217	0.14421670	0.24961233	0.14063281	0.02653713	0.11042105	0.12587570	0.12970676	0.03545761	-0.08891007	0.19800476	0.09751286	0.15456257	0.17466797	0.16335664	-0.01206240	0.06504098	0.12568100	0.09828878	0.15173574	-0.00971587	0.05146538	0.10733927	0.07636624	-0.02406690	0.29545521	0.04801324	0.25280003	0.21632347	0.13974482	-0.00539895	0.00558033	-0.17209750	-0.06713396	0.04099677	-0.07072619	-0.01319457	-0.05443391	0.16746119	0.17346332	0.28554688	0.13760775	0.17333747	0.28376727	0.16393769	0.14390004	-0.00629962	0.08275802	0.17237038	0.20948914	0.09164436	-0.08852624	0.02080619	-0.06794073	-0.17290253	0.12253191	-0.02227602	0.07886824	0.19021252	0.09694503	0.18815502	0.14909555	0.11591115	0.12322873	0.13621103	0.00886078	0.17649680	0.05380102	0.03647891	0.03485199	0.14999450	-0.01885512	0.00749460	0.01142399	0.04108544	0.15659271	0.08664690	-0.06861948	0.10907756	0.06474959	0.04475127	0.05900614	0.00432289	-0.18538070	0.04417951	-0.14484186	-0.00076244	-0.02551350	-0.00453844	-0.10606662	0.03067686	-0.04612947	-0.03369268	0.10185277	0.14174836	0.07378370	0.06299084	0.13124845	0.07212689	-0.05966801	0.18684939	0.24071376	0.03393634	-0.07043141	-0.03820522	0.00689479	0.05906581	-0.16966442	0.00632658	0.08853479	0.03271580	0.10909276	0.08000654	0.02181579	0.13094400	-0.05464237	0.19079330	0.06472763	0.01715174	0.18254984	-0.01550077	-0.02807704	-0.07124134	-0.03414329	-0.05551677	0.04171809	-0.06145951	-0.10463221	-0.03860644	-0.14973560	-0.15693200	-0.09634413	-0.05094393	0.11048294	0.00836280	0.08178659	0.01395959	0.06239176	0.00198778	0.03387022	0.22309687	-0.02804932	0.04511423	0.18219520	0.22025803	0.38800298	-0.02630895	-0.15373957	0.21569509	0.19020865	0.12720251	-0.01311348	0.09222015	0.04286477	0.11892076	0.22315566	0.05089651	0.08097016	0.15530604	0.13095236	-0.01923665	0.16738958	0.12796291	-0.02412518	0.01439319	-0.12109908	0.45420230	0.19020496	0.18846595	0.24312762	0.02183785	0.16338146	0.14743343	0.19836303	0.21912442	0.10763604	0.26227053	-0.00336995	0.02310203	0.30181237	0.32250646	0.38746054	0.21783284	0.05472499	0.15348533	0.16460252	0.30631242	0.12555103	0.13441926	0.09853118	0.46387376	0.35812233	0.07039934	0.08740444	0.09431568	0.25606293	0.24707640	0.33931534	0.89411155	0.46869144	0.32829137	0.34000138	0.19740006	0.14682611	0.36271090	0.26132610	0.30344172	0.18091129	0.20373679	0.29049621	0.19288746	0.18255599	0.09329824	0.11018768	0.10423891	0.21674955	0.21728453	0.09997924	0.21032544	-0.09009955	0.08396683	0.02074135	0.40462628	0.34863883	0.17663253	0.31468439	0.00935091	0.22132836	-0.02681671	0.21838099	0.20762237	0.09453094	0.03727579	0.03744910	-0.01420473	-0.06996330	0.17190835	-0.02257140	0.04668625	0.03063100	0.01985297	-0.07172228	-0.00906570	0.01466391	0.00430346	0.02219036	-0.11533446	-0.05417399	-0.05026671	-0.02611398	-0.08245696	-0.11496656	-0.10797531	0.01193771	0.13652757	0.08864857	0.04428394	-0.08045808	-0.06962106	-0.01627926	0.02344315	0.00069180	-0.06737435	-0.03183498	-0.09702299	-0.11075412	-0.08910388	-0.10398654	-0.17724969	0.00598451	0.22378156	0.11702240	0.16283689	-0.10908474	0.01678515	0.09977146	0.05696653	-0.08176355	0.18183022	0.24476694	0.19255530	0.31151613	0.21809754	0.15738526	0.14449394	0.02037734	0.15379873	0.19458236	0.10918979	0.04658384	0.11962226	0.15450407	-0.00628720	0.21484382	0.11170337	0.31368984	0.24619581	0.17716175	0.14870028	0.24362441	0.29512915	0.28443402
17Networks_RH_DefaultA_PFCd_2	0.05115782	0.28611075	0.10747543	0.18570840	0.17988943	0.00770116	0.20648549	-0.22161885	-0.01994977	0.01265015	0.14298043	0.07339139	0.13170207	-0.02159059	0.17479127	0.06571402	-0.01437973	0.06440992	0.08859337	0.01194706	0.18138584	-0.06500271	0.02229273	0.02648012	-0.01024071	0.12752033	0.04880975	0.04136343	0.03779435	-0.06968179	-0.02118644	-0.02289039	0.18940843	0.10261166	0.16520400	-0.08576175	0.11939439	0.09674328	0.10159945	-0.07417652	0.10868269	-0.00919538	0.13286306	0.05128744	0.01105589	0.02100377	-0.04448857	-0.13642650	0.13384202	0.15744105	0.04331054	-0.02061469	-0.04447685	-0.11007282	0.10094933	0.12505148	0.09134729	0.24537562	0.11864847	0.10965312	0.16975099	0.06782254	0.08294744	-0.08535723	0.02704001	-0.12116426	0.14109052	-0.10694141	-0.37667571	-0.33348777	-0.15277937	0.00550417	0.07328147	0.15138097	-0.07672641	0.12732463	-0.16728671	-0.00190651	0.01190481	0.06919429	0.00823793	0.06428299	0.04097790	-0.02901744	-0.01961756	-0.06445078	-0.15275285	-0.26942952	-0.04180960	-0.08270707	-0.27331890	-0.15976461	-0.16664372	-0.32635171	-0.01482586	-0.22597896	-0.06120555	-0.04791759	-0.03511825	0.10987902	-0.01291804	-0.05019102	-0.02604069	0.04287110	-0.23218333	-0.28922923	0.14544331	0.17753191	0.11009585	0.14556777	0.12756657	0.19216010	0.18058962	0.08029246	0.09517610	0.08608433	0.17047570	0.20443755	0.11917197	0.00159873	-0.07635800	0.14000687	-0.37626700	-0.00086083	-0.27107130	-0.18870746	-0.08218161	-0.15054051	0.00029596	-0.11738691	0.14895841	0.11408020	-0.04731238	-0.03154259	0.03696256	0.22830181	-0.18632486	-0.19593423	0.32030935	-0.07029149	0.21680370	0.14579291	0.07188243	0.35299376	0.05985841	0.24810740	0.19496775	0.06849006	0.23772635	0.44947275	0.47704917	0.09826196	0.45884951	0.50966234	0.67486504	0.30745119	0.14318686	0.14324657	0.55049090	0.50087524	0.37743755	0.39395680	0.22652445	0.33840717	0.29884061	0.22187219	0.12309737	0.20024644	0.20793203	0.15716534	-0.00369559	0.01652609	0.13704540	0.17408512	0.20755981	0.26226697	0.11579839	0.20478076	0.19244553	0.12565133	0.29230133	0.13915931	0.13120429	0.01165911	0.14014815	0.04338838	-0.11420736	0.37468071	0.22641590	0.51190463	0.53933480	0.26093248	0.23649436	0.17246156	-0.12635555	-0.14216158	0.04421429	-0.35364439	-0.28658620	-0.26027665	0.06480837	-0.03494343	0.15873870	0.10800768	0.04550305	0.23097838	0.21790058	0.16165430	-0.03315052	-0.01231383	0.19641710	0.21795177	0.17236572	0.13858304	0.01431735	-0.01258408	-0.01140083	0.20072524	-0.09579522	0.11816465	0.26172126	0.11167781	0.23885797	0.16794215	0.14907444	-0.04961293	0.15480502	-0.02327325	0.11848845	0.18501211	0.10796796	-0.07115806	0.12877480	-0.03806815	-0.10754741	-0.03764941	0.12033080	0.09644709	0.05167004	-0.05156206	0.09243069	0.02801048	-0.12160464	0.03152766	-0.02943472	-0.16704660	0.07727857	-0.10006672	-0.00867680	0.00312084	0.02058614	-0.05038067	-0.03298547	0.04318371	0.00513932	0.05777144	0.09347603	0.02575247	0.07240724	0.05832892	0.22626287	-0.15798560	-0.01514122	0.08656272	-0.12059908	-0.09085310	-0.08635979	-0.08644577	-0.02851009	-0.45294035	0.03339581	0.06549957	-0.11116219	0.09414477	-0.01849536	-0.09356407	0.06788726	-0.16726430	0.04930305	0.05384973	-0.06387981	-0.01326695	-0.30456960	-0.26255656	-0.19447248	-0.04089380	-0.25677582	-0.17586723	-0.04684396	-0.09099647	-0.10253953	-0.14956877	-0.10490444	-0.16937668	-0.26853880	-0.03580215	-0.06432130	0.02900329	0.03990238	-0.15594971	-0.05094501	-0.13523491	0.08805209	-0.31596289	-0.26709976	-0.05030508	0.14502288	0.33824997	-0.04943023	-0.34210079	0.34024270	-0.01574313	0.18863983	0.20984145	0.24101377	0.05332112	0.25954354	0.30428962	0.14783716	0.09666521	0.27694832	0.27772222	0.10694939	0.29515198	0.14016680	-0.12088076	-0.17525675	-0.33095892	0.60483621	0.17922329	0.03894321	0.24261436	-0.25011569	0.09368947	0.05658566	0.14550088	0.14821262	-0.08625890	0.08498850	-0.35108247	-0.17157558	0.24382444	0.40617211	0.36563757	0.31082909	0.13859447	0.11708048	-0.07842284	0.21635482	0.05633290	0.34379951	0.13009245	0.80902024	0.40816990	0.07329836	0.22430231	0.11051392	0.44160274	0.43522299	0.34456405	0.46869144	1.14866332	0.57481357	0.71909673	0.42738343	0.05173471	0.62988310	0.47188058	0.32020421	0.46178348	0.38503534	0.26534605	0.13188617	0.19559009	-0.04897806	0.30714682	0.18268152	0.35285550	0.24435108	0.37046667	0.11034525	0.24878062	0.04627282	-0.12934643	0.59912746	0.53669152	0.30174706	0.66743829	0.09488556	0.30706364	0.09426728	0.54107447	0.43791541	0.18152770	0.08486038	-0.17622089	-0.15434273	-0.19919476	0.19755195	-0.22928592	0.22306041	0.16394338	0.00769418	-0.03735916	-0.09339134	0.07294751	-0.08228083	0.03651060	0.03774425	0.06844317	0.07752902	-0.01301452	-0.17437431	-0.15509884	-0.13446905	-0.15010894	0.30851794	0.17827232	0.05288164	0.00570600	-0.03369741	-0.03101592	0.01983342	0.03162163	0.04882271	0.09854302	0.01306225	0.00235891	-0.16061390	-0.12425345	-0.18163650	-0.03584457	0.27145062	0.12935768	0.26228180	0.10567315	0.01477029	0.18793184	0.09874450	-0.01521883	0.17427972	0.34261512	0.16919542	0.27791329	0.32241573	0.35836090	0.22722315	0.27410229	0.19774095	0.27634053	0.24330764	0.11909187	0.23579376	0.29206385	0.15396579	0.12222302	0.07471907	0.36542173	0.18714854	0.20516775	0.33467062	0.23241512	0.24957218	0.34979398
17Networks_RH_DefaultA_pCunPCC_1	0.00523595	0.23390022	0.17867382	0.21028980	0.13097486	-0.06087297	0.19129064	-0.22942658	-0.02165057	-0.03358160	0.10673577	0.10689756	0.13697082	-0.08078788	0.13532246	0.12319752	0.13277976	0.02813429	0.13317950	-0.05967401	0.17713329	-0.00527379	0.04003963	-0.02929139	-0.05720717	0.17121403	-0.05612992	-0.05410645	0.01384716	-0.06551418	-0.03646515	0.05107445	0.14161781	0.10065058	0.13375651	-0.02343547	0.04711123	0.25184647	0.06597569	-0.03299978	0.06169990	0.14691196	0.13888324	0.07014935	-0.11114775	0.07375749	-0.33171623	-0.24244198	0.06127461	-0.18157995	-0.22855752	-0.12787912	-0.24381926	-0.20680576	0.03231181	0.06956488	-0.05099580	0.13302767	-0.04330561	0.18888205	0.04993068	0.24102730	0.10745639	-0.11599858	0.02442720	-0.00329534	0.07361588	0.01042390	-0.33349794	-0.28188615	-0.07117884	0.02809228	-0.11949068	0.02951554	-0.05705015	0.11061517	-0.08398844	0.06439130	-0.02901342	0.14468440	0.09885102	-0.00129315	0.12533448	0.14345834	-0.08572916	-0.19715370	-0.33800334	-0.31960459	-0.32520746	-0.12930805	-0.37392737	-0.24483617	-0.14897616	-0.33336551	-0.09520278	-0.08383058	-0.01053281	-0.04746888	-0.01421423	0.16645756	-0.19242436	0.06495796	0.02001240	-0.16801436	-0.35537041	-0.36138417	0.06579586	0.02660754	-0.04529378	0.03467814	0.02567497	0.07116984	0.30857689	0.10068308	0.05640239	-0.05272555	0.12046924	0.02796984	0.08538514	-0.17937283	-0.13945955	0.15657936	-0.51626670	0.00732459	-0.25240248	-0.25765236	-0.09165249	-0.41440778	-0.16831461	-0.24107418	-0.00710310	-0.02464268	-0.13793720	-0.03192850	0.00104513	0.14918864	-0.27436634	-0.37926311	0.26522691	-0.26266878	0.08305019	-0.04929124	-0.00458832	0.39262930	-0.06509316	0.31323069	0.17906533	0.08511400	0.25342434	0.48947998	0.55446897	0.01500629	0.30454474	0.86851146	0.82850707	0.49635423	0.12691048	0.20457495	0.54253725	0.57962706	0.58645245	0.48244531	0.25292571	0.30471722	0.30525475	0.17709629	0.16435867	0.19374868	0.26988626	0.48189294	-0.01756695	0.02108336	0.19473655	0.22102471	0.41250219	0.44111544	0.14443494	0.03445173	0.05565186	0.06021941	0.21934123	0.02617051	0.06431086	-0.04627147	0.11119318	0.00750825	-0.32054636	0.43521162	0.23414765	0.69961726	0.52856559	0.13180685	0.12590967	-0.01192658	-0.33758665	-0.09988521	0.00162123	-0.37188258	-0.49625553	-0.23751423	0.10417128	0.08722402	0.23685380	0.11972992	0.05373860	0.31234607	0.20857415	0.07899227	-0.01284764	-0.11532006	0.27661924	0.14883811	0.08381814	0.10442451	0.01189296	0.03622164	0.08152980	0.31468581	-0.11958189	-0.07119501	0.25265382	0.04751633	0.16932202	0.04857654	0.17302632	0.03651501	0.03988919	0.03573848	0.11864195	0.17474289	0.02272230	-0.12696862	0.21308496	-0.04572127	-0.07717920	0.10254172	0.06882839	0.13814184	0.08152475	0.05630067	0.09541948	0.00631084	-0.06166143	0.01912926	-0.14850294	-0.24701764	-0.24125385	-0.36288697	-0.04359475	-0.02486510	-0.29892322	-0.32325667	-0.06517303	-0.19799934	-0.25046858	0.06238842	-0.03763072	0.09413435	-0.03570700	0.17404851	0.38119481	-0.24875326	-0.18114080	0.11464778	-0.01522019	-0.11010929	-0.09221525	-0.03371538	-0.02336805	-0.37072956	0.07957754	0.00526698	-0.24238488	-0.02258125	-0.01715882	-0.07628521	0.01466006	-0.04207038	0.02645312	0.08368728	0.04104554	-0.08598448	-0.25365680	-0.21241429	-0.23432700	-0.13746632	-0.27825390	-0.29441528	-0.06422732	-0.18792694	-0.16880808	-0.35206200	-0.22339289	-0.20689626	-0.45502714	-0.01015852	-0.05815717	0.10795395	0.13647888	-0.01806557	-0.11421861	0.02183170	-0.01319727	-0.33274298	-0.42099123	-0.32600522	0.05291504	0.31571114	-0.22333798	-0.44927521	0.04755674	-0.28467660	0.02744322	0.11202419	0.13820893	-0.09585214	0.11756320	0.41113164	0.11995578	0.00878886	0.17587001	0.12033846	0.09114148	0.16906360	0.11034348	-0.09648222	-0.29200541	-0.24485813	0.40282355	-0.09497972	-0.16331569	-0.03931176	-0.40202653	-0.08077148	0.03238529	-0.06909828	-0.04642834	-0.31291874	-0.24878415	-0.38209106	-0.30044570	-0.00032984	0.16080952	0.20550929	0.07410677	0.15366439	-0.01825271	-0.35229796	0.03651304	-0.01848137	0.26984590	0.10273033	0.83834742	0.46086356	0.04194734	0.45981927	0.13265258	0.34383359	0.27307589	0.21292475	0.32829137	0.57481357	1.30812535	0.86298966	0.52286455	0.11618083	0.69536862	0.54937604	0.26778944	0.42497738	0.49235464	0.02260013	0.02228611	0.05140157	-0.18889088	0.23684588	0.27836108	0.35984646	0.13922032	0.21238630	0.03908008	0.17547200	-0.10157865	-0.25722733	0.68018760	0.63204512	0.39819203	0.82911042	0.14025685	0.21138808	-0.09363074	0.59774657	0.42429758	0.07781969	0.00081642	-0.36222285	-0.21419360	-0.32675596	0.00260494	-0.41037563	0.14574997	0.31084877	-0.10267233	-0.16713013	0.02968757	0.00619722	-0.13570717	0.03630277	-0.01235827	-0.01368428	-0.02374675	-0.16561591	-0.11199110	-0.16944813	-0.20051207	-0.17277671	0.17534999	0.29214256	-0.02656363	-0.14021061	0.01324665	0.05119276	-0.08886707	-0.03311048	-0.04889703	0.05535439	0.00154442	-0.09914697	-0.12705221	-0.17021878	-0.31298122	-0.10765241	0.20207774	0.09048382	0.16518355	0.13957839	-0.02226457	0.11069508	0.10956474	0.06275162	0.04558441	0.30268884	0.14557552	0.14892960	0.24715120	0.27101620	0.13898206	0.25070779	0.21152140	0.27743510	0.18229839	0.04645420	0.18433257	0.23093933	0.09450113	0.11906519	-0.01991722	0.32480009	0.24496516	0.26658743	0.33856223	0.31049986	0.20845461	0.35945938
17Networks_RH_DefaultA_pCunPCC_2	-0.03741581	0.22926426	0.16526719	0.23310230	0.09861756	-0.11502666	0.13179478	-0.29557738	-0.08785632	-0.20541551	0.06306156	0.03338793	0.14114770	0.02474437	0.13082141	0.19525736	0.09514935	0.08599442	0.09675025	-0.07340495	0.19141159	-0.10527988	-0.04145307	0.14631025	-0.07045524	0.15233998	-0.00190279	-0.05374912	0.04769980	-0.06679792	-0.07064690	0.00574952	0.14630542	0.12724383	0.19914891	-0.00250922	0.05288402	0.17864923	0.10966537	-0.04194778	0.12211028	0.13820383	0.05086227	0.00132196	-0.15097959	-0.03247832	-0.25472227	-0.16693909	0.06165083	0.09380244	-0.15090251	-0.12657070	-0.12091513	-0.16433321	0.03175103	0.05503422	0.00618349	0.15829608	0.03493829	0.09604944	0.10312317	0.07373837	0.06646789	-0.07952929	0.09632306	-0.03861966	0.21155544	-0.01605641	-0.33683484	-0.29581363	-0.06539086	0.05516878	-0.07113066	0.08923740	0.02497897	0.11873971	-0.11379637	0.09412593	0.06781730	0.07582061	0.01954766	0.19245806	0.25813829	0.21140851	0.02314091	-0.10120638	-0.17304964	-0.30848773	-0.21863755	-0.17358628	-0.38781811	-0.31910361	-0.15681021	-0.39291627	-0.02485557	-0.10648438	-0.00343681	-0.09582139	0.00897574	0.22744154	-0.21249761	-0.06168655	-0.09034302	-0.09038728	-0.26729999	-0.36160967	0.02710368	0.18278130	-0.05152023	0.06300561	0.05780891	0.16181084	0.31477568	0.01046464	0.04845084	-0.09256949	0.08488267	0.10238936	0.07084835	-0.12234326	-0.20585158	0.36689128	-0.48759090	0.08735293	-0.35644365	-0.15595286	-0.05910672	-0.38191540	-0.21240561	-0.25172487	0.24548682	0.17672487	-0.17496930	-0.05398633	0.02026337	0.29150879	-0.27980502	-0.31692675	0.42143654	-0.09567604	0.14791598	-0.04213159	0.07383358	0.63482937	0.20629943	0.56901790	0.16696573	0.13515875	0.35448740	0.59498583	0.58389297	0.04716388	0.40079193	0.78754075	1.01783455	0.50954147	0.14563370	0.20554005	0.81052219	0.74236710	0.59177453	0.49624984	0.29197648	0.32359656	0.31370545	0.24637110	0.10556911	0.17221180	0.27936442	0.38967602	0.05453895	0.05722631	0.26600676	0.32008219	0.30668033	0.28186019	0.01851630	0.03323815	0.10824655	0.07891441	0.25997436	0.18149003	0.12359671	-0.07484449	0.19761547	0.03984370	-0.16409390	0.56153561	0.30309335	0.78799316	0.81633992	0.31637262	0.35572139	0.18506947	-0.18010424	-0.16654778	0.04107369	-0.39546704	-0.44166365	-0.27269568	0.07896060	0.05131090	0.18826138	0.03512629	0.05900315	0.22960648	0.19754171	0.08989045	-0.05031640	-0.17263380	0.20185535	0.10528247	0.09854578	0.26959692	-0.01283986	-0.07461184	0.10843350	0.19508777	-0.08370931	-0.01169818	0.22398098	0.08376987	0.16845590	0.06842534	0.09746626	-0.06759329	0.06793395	-0.01764766	0.14593952	0.22659561	-0.00141272	-0.01617471	0.17605339	-0.10024017	-0.00518434	0.03296320	0.06476345	0.09771473	0.02374118	0.13850638	0.02318853	0.01627518	-0.01049014	-0.00884438	-0.18518372	-0.24192516	-0.09732891	-0.22193651	-0.10728361	-0.04836152	-0.10928842	-0.21706919	-0.11260376	-0.09145592	-0.18475890	-0.00320748	0.01244395	0.05496307	0.16459549	0.08888608	0.31961345	-0.17765309	-0.11312679	0.22277284	-0.08928287	-0.09218776	0.03681539	-0.17494686	0.05378468	-0.37344407	0.02370212	0.12167194	-0.25376940	0.02418989	0.01476852	-0.02165737	0.04694125	-0.00554455	0.07947780	0.08449283	0.02530210	-0.02500129	-0.18085316	-0.22499407	-0.18232710	-0.11324123	-0.21698641	-0.35654584	-0.17460328	-0.23132747	-0.17083514	-0.36867892	-0.29728465	-0.22398435	-0.46877738	-0.07016058	-0.14531103	0.09873723	0.09265282	-0.03629986	-0.12366795	-0.07857027	0.02606172	-0.33425214	-0.43870441	-0.26418832	-0.03502072	0.27112230	-0.15321298	-0.47501388	0.08806336	-0.27169858	0.04771096	0.09314073	0.19366511	-0.05672684	0.20452733	0.43021625	0.12355290	-0.01324355	0.19100472	0.17070231	0.05326121	0.15009933	0.15189502	0.01308103	-0.25685222	-0.19528713	0.62526668	0.02104114	-0.24774181	0.20149987	-0.37026207	-0.00918828	0.01295144	-0.04834637	0.09806196	-0.28170720	-0.11991251	-0.34111492	-0.23596326	0.01590206	0.17638250	0.27390743	0.08163424	0.15301898	0.02796222	-0.31420416	0.07134037	-0.03143658	0.67624112	0.28853986	1.08691584	0.51135063	0.26638114	0.50833086	0.19045609	0.40320195	0.37632586	0.27518250	0.34000138	0.71909673	0.86298966	1.40791730	0.46792559	-0.02695809	0.78028460	0.63333668	0.20209558	0.42605162	0.46330827	-0.00639914	-0.14803234	0.16162678	-0.19181347	0.34814078	0.18122407	0.24044380	0.16521837	0.12072255	-0.02878699	0.17105479	-0.08756896	-0.27917510	0.74481008	0.78901544	0.50717323	1.03712753	0.10251149	0.40314824	0.00110539	0.71679181	0.58467718	0.16631181	0.01468736	-0.39130563	-0.31551658	-0.31507244	0.10644648	-0.39637993	0.21699792	0.29450799	-0.08724236	-0.13551616	0.02867840	0.02218251	-0.03535787	0.10524340	0.01072317	0.07585718	0.09050102	-0.00326925	-0.16829492	-0.20093217	-0.12270910	-0.08621423	0.28844018	0.34941091	-0.00632859	-0.01612231	-0.00764708	-0.03889832	-0.00796226	-0.02433768	0.00254493	0.12077287	-0.02403412	0.07833488	-0.18813300	-0.27291209	-0.23846261	0.01905027	0.27027131	0.12626792	0.26415315	0.16017978	-0.10380522	0.21959202	0.07930067	0.07785362	0.12949517	0.33993618	0.15417059	0.23067879	0.21202382	0.24601772	0.08355902	0.15897185	0.30105173	0.31373880	0.20989013	0.05982061	0.18633998	0.35270396	0.19147205	0.15211829	0.12561745	0.37195486	0.27820549	0.27921621	0.43499221	0.26157714	0.14019779	0.31649872
17Networks_RH_DefaultA_pCunPCC_3	0.05580612	0.21073308	0.03452232	0.19427647	0.13469603	0.11709586	0.29532385	-0.03364175	0.22236964	-0.00592150	0.08797548	0.05701941	0.12328567	-0.01052743	0.26541430	0.05899917	-0.06205324	0.14997847	0.06130911	0.04542834	-0.04282476	-0.02668665	0.07104042	-0.10129688	0.16397916	0.16803113	0.03521438	0.02131154	0.22903930	0.05195113	0.14559892	0.10209521	0.26513143	0.24900692	0.15857492	0.14493276	0.21116465	0.09494363	0.17228980	0.09132348	0.26105579	0.10705289	0.24698669	0.02558305	-0.01254628	0.03397772	-0.04764438	-0.08272384	0.09931931	-0.03512561	0.03108331	0.08141302	-0.09766783	-0.08851442	0.17626351	0.03690272	0.11923072	0.08669374	0.10145239	0.19683128	0.07874016	0.18954162	0.18050149	-0.18469279	-0.09315229	-0.08156409	0.17011958	0.07079119	0.00068718	-0.03189296	-0.03476748	0.12071671	0.05556899	0.18886130	-0.01450397	0.26224352	0.13833449	0.18959084	-0.08908520	0.16306748	-0.05692460	0.07928878	0.24697832	0.19701991	0.05210840	-0.11360428	-0.22565901	-0.16667483	-0.04606345	-0.00236166	-0.08208663	-0.04480855	0.01955112	-0.16791893	0.02687103	0.02536996	-0.11658465	0.09835344	0.06902117	0.17146796	-0.00673694	-0.03167396	-0.07958018	0.03742193	-0.15979116	-0.12829199	-0.00147361	0.11536258	0.14529027	0.11734269	0.05731166	0.10577598	0.23856463	0.15288665	0.11805424	0.09728456	0.21405125	0.08581160	0.08788291	-0.06351510	-0.03449276	0.22500609	-0.28002249	0.15416214	0.05062227	0.04366874	-0.16081690	-0.24679550	-0.10298116	-0.16720271	0.03985386	0.06360546	-0.00932864	0.03090943	0.13477638	0.15528127	-0.03537291	-0.01835340	0.13651192	-0.11365559	-0.00819585	-0.00320273	-0.06483419	0.40142890	0.09165832	0.17952497	0.27676172	0.17651158	0.19889887	0.30695745	0.26408202	-0.04940449	0.14064706	0.40234338	0.42576753	0.42640914	0.32330944	0.14480960	0.39039000	0.37632108	0.19453942	0.27209798	0.04830770	0.13528656	0.14210877	0.07751515	0.11714864	0.18941994	0.19188508	0.22548591	0.15919321	0.13155903	0.06206987	0.16982160	0.13230127	0.22470058	0.05715852	-0.16737181	-0.01716847	-0.09385721	0.05142954	0.07691128	0.09126795	-0.09876872	0.08314057	-0.04741386	-0.09267841	0.21124693	0.10049353	0.32589660	0.19461321	0.07116836	0.08662456	0.12977161	-0.10016536	-0.01671085	0.17463919	-0.06847999	-0.22659540	-0.07567916	0.14575975	0.10851772	0.17375263	0.14102278	0.11078548	0.18206728	0.25938001	0.24497364	0.15891398	0.04849662	0.15041278	0.10309469	0.15978050	0.14353373	0.08867906	0.10711981	0.07553689	0.21153983	0.00788903	-0.03055649	0.11618051	0.10167594	0.09320479	0.11865333	0.15845189	0.20226726	0.10575076	0.19225591	0.22407747	0.21452641	0.26214840	0.08041810	0.27350794	0.06681492	0.18168999	0.04792906	0.17709813	0.26354538	0.14247313	0.01963454	0.13591262	0.07474081	0.13509660	0.04231710	0.01290532	-0.13443636	0.03118655	-0.16894839	0.03204742	0.02973545	-0.14477078	-0.06314105	0.11764041	-0.05198064	-0.04793050	0.08467880	0.14926715	0.15656337	0.04574406	0.13271336	0.31175286	0.01866036	0.06569901	0.08063353	0.14773690	0.25160687	0.08111490	0.21512943	0.05703971	0.00727053	0.21653501	0.04078968	0.03316186	0.17362060	0.05080921	0.14919656	0.15540997	0.16295901	-0.01717127	0.11942790	0.04615801	0.20585512	0.03849139	-0.12977606	-0.15518814	0.05847255	-0.11092059	-0.02349901	0.14517051	0.01436890	0.03079221	-0.00127213	-0.04352038	0.08945885	-0.10773446	0.15629449	0.05909243	0.22012314	0.07358588	0.02943728	-0.10828167	0.13820980	0.01458993	-0.09403461	-0.23241907	-0.07659914	0.09597131	0.23387867	0.03420527	-0.03412311	0.24168554	0.03903723	0.02765598	0.03154014	0.18730072	-0.02548588	0.16148474	0.25348916	0.17715993	0.09289190	0.14722128	0.17276766	0.12319575	0.06175179	0.28922271	0.09006917	0.05838332	0.03783907	0.23883986	0.02686541	0.01964381	0.14083697	-0.15889341	0.14121898	0.11957568	0.12439068	0.13473098	0.12636709	0.11776814	-0.08662895	0.15577858	0.09661109	0.15518627	0.34981848	0.05601161	0.10476344	-0.00661582	-0.11342050	0.08191393	-0.07248842	0.29513814	0.30187242	0.48197455	0.35196560	0.19438806	0.36894871	0.26353943	0.27165723	0.32523414	0.31306640	0.19740006	0.42738343	0.52286455	0.46792559	1.03688897	0.26758269	0.52156963	0.26194523	0.18745957	0.28461432	0.28056207	0.09491773	0.07679403	0.23873897	0.12168098	0.16852066	0.21496577	0.33879452	0.02237110	0.11619459	0.09385340	0.16770714	0.05514003	0.05130355	0.29549672	0.40674532	0.19688748	0.43017702	0.04557617	0.24692384	-0.02334629	0.47833613	0.29686976	0.18311668	0.24805174	0.08877921	-0.00409866	-0.08859417	0.18222928	-0.00106722	0.17751370	0.23709420	0.07526252	-0.01819107	0.09727262	0.11544090	0.05703005	0.17962115	0.07172480	0.13624435	0.03077108	-0.03628493	0.02421065	0.03299945	-0.12275211	-0.03270273	0.21560980	0.28778285	0.03146539	0.07016539	0.15587042	0.16279296	0.16309388	0.18694380	0.00189626	-0.02317471	0.15881589	-0.00372030	0.04196522	0.03613355	-0.13952768	0.08702982	0.25834602	0.11639560	0.19562659	0.10363150	0.06741042	0.26705608	0.17606288	0.02030849	0.15296001	0.23356553	0.21995405	0.24501763	0.22997221	0.21628650	0.08063387	0.20689820	0.23551764	0.25389715	0.33254030	0.11648214	0.19624819	0.26327870	0.21092535	0.15789815	0.05721534	0.24418584	0.20786498	0.19016982	0.26515267	0.22490010	0.18089965	0.29154653
17Networks_RH_DefaultA_pCunPCC_4	0.38572162	0.28423758	0.30129496	0.30101319	0.13404707	0.24862422	0.32575652	0.11649051	0.18784430	0.09638298	0.06429048	0.02598953	0.11353853	0.08023521	0.31696642	0.09481342	-0.10911570	0.15009728	0.06056283	0.02833771	-0.02245026	0.06574484	0.15579771	0.08316160	0.30039019	0.23501286	0.17112278	-0.06803082	0.26456228	0.19702966	0.19409149	0.20317041	0.30585542	0.23857854	0.04765130	0.29114244	0.09471915	0.21653885	0.37033758	0.37575189	0.18939193	0.05428481	0.31179685	0.07125559	0.20394165	0.17872804	-0.03447622	0.18968686	-0.01618415	0.04077166	0.12554094	0.20380914	0.25279062	0.33655531	0.07272047	-0.04886143	0.14331700	-0.04116801	0.19526184	0.37978354	0.13740333	0.54241113	0.31365141	0.05668460	0.02478507	0.08043502	-0.01603556	-0.03031654	0.10530643	0.16934402	0.09725803	0.12876219	0.13600627	0.27177062	0.28242252	0.33538943	0.15883762	0.05085802	0.01555095	0.11146694	0.14675761	0.26976750	0.27425784	0.24683492	0.31240923	0.22737033	0.11993945	0.19255833	0.03021580	0.07610018	0.03322918	0.04313336	0.17144276	0.16060231	0.21852016	0.22661837	0.12613361	0.50378401	0.36434817	0.25208743	0.15444543	0.25921617	0.11013249	-0.02212935	0.10902871	0.00637692	0.01839493	0.29215966	0.32462453	-0.02129595	0.07147251	0.19300849	0.38998032	0.12320007	0.05611960	0.11057251	0.19903244	0.01473543	-0.00601385	0.06344698	-0.00813261	-0.00519326	0.14882908	0.09543247	0.21107505	0.08221862	0.23465482	-0.00991144	-0.07482829	0.11850663	0.10620330	0.21935811	0.24058269	0.28090154	0.13977749	0.17921921	0.12424420	0.02568434	0.19198183	0.09175431	0.21163403	0.18670415	0.29991826	0.07390403	-0.02282615	-0.08230426	0.21983672	0.12374003	0.18971779	0.17660701	0.28859686	0.12431953	0.10537107	0.15044301	0.06304628	0.14917869	0.34177261	0.61333038	0.17104728	0.19464096	0.29201438	0.28096811	0.25175536	0.28927723	0.27866332	0.22837280	0.05715175	0.24470391	0.33211854	0.20532810	0.15107047	0.16698516	0.15291509	0.11930303	0.38405118	0.25020077	0.34995863	-0.00140143	0.15941306	0.15609934	0.07784548	0.25203129	0.17715592	0.03096993	0.18756970	0.11552421	0.09906381	0.09493473	0.11172160	0.07591892	-0.03510965	0.10716206	-0.04839259	-0.02168285	-0.05895367	0.18816092	0.06923337	0.17484199	0.02198013	0.16833729	0.38761616	0.35037030	0.37711849	0.37542929	0.15529713	0.29766231	0.46939374	0.24694733	0.13439718	0.25122954	0.15926068	0.08794752	0.18730607	0.07271868	0.33452441	0.29536883	-0.00577158	0.11383698	0.16800034	0.09049499	0.16699061	0.13159326	0.12565751	0.11620855	0.20250351	0.33435203	0.08583708	0.22391309	0.27373199	0.16302074	0.22766368	0.25494661	0.21559048	0.09014817	0.25630312	0.15458526	0.01533709	0.31594573	0.23568360	-0.03308733	0.24484619	0.05482620	0.32341820	0.11444428	0.24760502	0.00523787	0.03975195	-0.00673716	0.24570307	0.02210620	0.24326861	0.03837592	0.19582986	0.01334134	0.16294338	0.05834446	0.13371950	0.10814122	0.16397335	0.35408658	0.33672986	0.20808836	0.07605561	0.13622162	0.23954744	0.11978713	0.09397993	0.17462859	0.01525571	0.22996828	0.18755316	0.09503349	0.22237695	0.14167572	0.21064119	0.27349375	0.10200548	0.21413253	0.15813355	0.15153364	0.13927802	0.50323387	0.26233317	0.12360498	0.12215448	0.10177050	-0.00476452	0.32331144	0.09400890	0.04064087	0.13897018	0.09035759	-0.08345600	0.20717425	0.20194623	0.44636327	0.14067636	0.17669071	0.07371042	0.23647742	-0.02121285	0.46796341	0.17970287	0.15808987	0.05066800	0.05330329	0.27624613	0.21241948	0.01179674	0.05549327	0.25097031	0.33689231	0.18438462	0.04524203	0.04639153	-0.13835764	0.08645211	0.22469818	0.10909361	0.21020771	-0.04784341	0.09957730	0.00316807	0.18940577	0.08256714	0.16613455	0.12910946	0.19904064	-0.00013723	0.10793455	0.14619679	0.02995046	0.12101964	0.20422263	0.20416875	0.27885182	0.12844340	0.16542441	0.14436148	0.23768812	0.12306558	0.17391051	0.15039418	0.30601414	0.03316794	0.03034261	0.03655761	0.16848794	0.27170573	0.24587502	-0.07477070	0.18712329	0.10238203	0.25765139	0.04299022	0.11599495	0.11412998	0.25646784	0.19948634	0.13604170	0.14682611	0.05173471	0.11618083	-0.02695809	0.26758269	1.00136145	0.26397780	0.21757275	0.30385877	0.25578208	0.31853540	0.12027677	0.24784068	0.25659502	0.22774739	0.04085407	0.26738027	0.25669390	0.39077018	0.14926268	0.46081713	0.08245969	0.23862857	0.24861566	0.10080561	0.08719701	0.13503204	0.05229854	0.00727549	-0.00603976	-0.08452075	0.12438835	0.06644680	0.28241642	0.19638232	0.10316364	0.25312075	0.19789419	0.20962105	0.17752666	0.04556131	0.06069663	0.07761276	0.06782634	0.27947537	-0.04432389	0.05746877	0.23079880	0.01427953	-0.01917748	-0.00166875	0.02296075	0.05050448	0.13726556	-0.07216572	0.16940849	0.05751365	0.15294690	0.00905443	0.05906130	0.34514093	0.09661734	0.09848245	0.20611328	-0.03172352	-0.11978322	0.05531329	0.02855958	0.05241245	0.06999155	0.07132263	0.10946648	0.20104391	0.10959390	0.13600965	0.06351789	0.04291910	0.12560607	0.11591309	0.09045321	0.18546520	0.10251803	0.16809090	0.15935089	0.15265935	0.16815177	0.05706655	0.19972216	0.26669048	0.15369769	0.20161739	0.12441297	0.19476461	0.10846325	0.06996735	0.21388783	0.16032478	0.20693556	0.36964221	0.26102904	0.24336981	0.32017611	0.29068807	0.29052142
17Networks_RH_DefaultA_pCunPCC_5	0.09916850	0.25507833	0.24859999	0.26133464	0.10230201	-0.03003702	0.20288337	-0.23054840	-0.02414872	-0.03496364	0.11000743	0.01310993	0.06319752	-0.04078862	0.27881842	0.10633546	-0.06498371	0.16147072	0.08424411	-0.05344491	0.15877600	-0.05120046	0.06169387	0.15197262	0.12503581	0.23037119	0.01586459	-0.13201994	0.18865249	0.04610065	0.11577520	0.10432178	0.13304998	0.13565747	0.15000018	0.00744325	0.07024938	0.25148299	0.28642460	0.02326833	0.21098663	0.08620585	0.18452932	0.00160576	0.00325365	0.11984364	-0.24042006	-0.07940064	0.05960810	0.05269698	-0.02216167	-0.01668608	-0.00000331	0.00755947	0.15002636	0.08469406	0.16929468	0.07720721	0.19439591	0.13969374	0.01510050	0.22191389	0.09982535	-0.11483548	0.03202920	-0.07652595	0.11881032	0.02659093	-0.21140905	-0.21367977	-0.12727334	0.05190307	0.00236340	0.17860321	0.06447362	0.21562195	-0.06509315	0.08776528	0.03652676	0.17418880	0.08049527	0.27606134	0.25073033	0.24561919	0.08676638	-0.01401467	-0.07249628	-0.18695343	-0.20142899	-0.07772510	-0.27032555	-0.21945877	-0.10478266	-0.18008918	0.11405363	0.06246067	0.02520150	0.15641536	0.15012230	0.20901540	-0.05948200	0.02443582	0.00978497	-0.06597510	-0.22623962	-0.34723372	0.01570946	0.26778447	0.15358135	0.02052155	0.13816811	0.18018650	0.42255228	0.20444382	0.09877491	0.05850675	0.22701019	0.07103514	0.04632189	-0.08151367	-0.18631639	0.25318918	-0.34095777	0.10821031	-0.22414949	-0.07229944	-0.03669132	-0.27721339	-0.24779089	-0.20334257	0.21810122	0.23624728	-0.02484616	0.03043119	0.01080387	0.38234712	-0.08652868	-0.24426612	0.31748675	-0.01255184	0.28161402	0.14225365	0.23495046	0.46498252	0.08277992	0.33571012	0.22014428	0.11543604	0.40150898	0.57715929	0.58015173	0.08562918	0.38267345	0.64524327	0.80243011	0.46084357	0.30875771	0.39901495	0.69203642	0.71049306	0.54561441	0.52997108	0.33852802	0.38118763	0.43900154	0.33196781	0.17693839	0.35282018	0.35046952	0.31040634	0.17961008	0.16597848	0.20556115	0.35919371	0.38390173	0.32101661	0.17818068	-0.04117261	0.10646957	0.16987732	0.13824167	0.24558230	0.12436176	-0.11779485	0.22414723	0.11246441	-0.06566054	0.45838732	0.20375985	0.58666790	0.54783079	0.17001822	0.10506139	0.04255036	-0.26355709	-0.10082767	0.09201960	-0.27098659	-0.35857343	-0.13611550	0.13597295	0.18830914	0.31772848	0.14463388	0.08484805	0.34695944	0.30856567	0.16190732	-0.00660672	0.02772614	0.21321903	0.11483738	0.12535510	0.05406576	0.07118104	0.12427118	-0.03446866	0.22911587	0.01909723	0.03840265	0.26156979	0.21579551	0.22559055	0.12634653	0.15236367	0.13885458	0.15510435	0.10227809	0.30621988	0.15446923	0.11322276	-0.01376819	0.25354094	0.05372410	-0.01543933	0.07675155	0.15594560	0.24067302	0.15543672	-0.05308117	0.16759216	0.05989425	0.09747436	0.01697816	-0.01272122	-0.11571427	0.05546904	-0.09075437	0.05010260	0.02135754	0.03161462	-0.06296546	0.02732792	-0.08323163	0.00129502	0.11452772	0.16592898	0.13383361	0.01630460	0.11798626	0.31968497	-0.05148922	-0.04958468	0.26869050	0.04004633	-0.01819734	-0.03258091	-0.07793127	-0.00340520	-0.25591049	0.10828157	0.08845862	-0.19512788	0.08488444	0.08252822	0.01870447	0.11648174	0.01334860	0.09453841	0.15569669	0.13498734	0.13418632	-0.14541149	-0.19007572	-0.14105842	-0.00961290	-0.18339536	-0.08092415	-0.08783143	-0.16900151	-0.08065436	-0.20567120	-0.16853482	-0.11372833	-0.33898760	0.15295373	0.01907428	0.18416488	0.12742000	0.03279401	-0.14784725	0.05689553	0.01563778	-0.15942389	-0.39339429	-0.21676037	0.15823148	0.34215420	-0.12912305	-0.36534170	0.25661460	-0.05692522	0.14776365	0.03610468	0.24907667	-0.06005400	0.19591275	0.43029330	0.10661233	0.13879699	0.08026433	0.22523701	0.00397774	0.13176978	0.11139232	0.05245159	-0.23676068	-0.11123458	0.43266620	0.15824441	-0.06550108	0.18878923	-0.25897106	0.12602178	0.05391100	0.10704272	0.03183175	-0.15384887	0.03559953	-0.22334487	-0.11843660	0.05521373	0.29468463	0.43196612	0.04407303	0.00166045	0.05874241	-0.20985638	0.24512084	0.11842733	0.43515929	0.27676335	0.86322172	0.57300422	0.09279480	0.36890652	0.20541071	0.50258565	0.40408539	0.36360265	0.36271090	0.62988310	0.69536862	0.78028460	0.52156963	0.26397780	1.12515393	0.60558318	0.33566589	0.46983267	0.54572660	0.13718644	0.03327483	0.25035896	0.04309209	0.26939755	0.26115253	0.24969828	0.30069390	0.13211190	0.10216937	0.05443712	-0.01565612	-0.13861071	0.63350322	0.66823850	0.42214609	0.75178963	0.10935654	0.20592252	-0.06248547	0.57503659	0.46090216	0.23037879	0.18619698	-0.21443735	-0.12217423	-0.16038584	0.18702995	-0.21606516	0.11164700	0.17229180	-0.03792187	-0.12052846	0.08389756	0.05144103	0.03077521	0.11795606	-0.03266614	0.05426101	0.08255732	-0.05710388	-0.15522514	-0.08397306	-0.10207399	-0.03053267	0.21735176	0.19862380	-0.07205503	-0.11818492	0.14422254	0.01644708	0.09145989	0.10325258	-0.04972647	0.04797468	0.02403746	-0.02687078	-0.14548447	-0.01088324	-0.12038393	0.07085516	0.22756670	0.08949649	0.26070192	0.10065297	-0.05250710	0.19171592	0.08475818	-0.01630198	0.19696004	0.28074580	0.20052171	0.22002940	0.27136128	0.25783782	0.09187128	0.12550442	0.29889573	0.26641785	0.20613136	0.05541993	0.16828729	0.19995364	0.11220637	0.17519847	0.14683364	0.39104155	0.38160388	0.35241604	0.40643385	0.37558527	0.33285184	0.42552063
17Networks_RH_DefaultA_PFCm_1	0.13773434	0.21090623	0.31517747	0.27259278	0.11162974	0.03847132	0.17375554	-0.18717956	-0.08911371	-0.17281834	-0.05049217	-0.09077863	0.13997155	0.00876902	0.21771210	0.09135638	0.02205493	-0.00020479	-0.01242201	-0.09409221	0.03662234	-0.16170323	-0.09695750	0.12460910	0.04275697	0.11611650	-0.05952494	-0.16605031	0.02076144	0.02053763	0.02805961	0.07410255	0.04211433	0.01481510	0.05712767	-0.05928930	0.00058567	0.33049932	0.29291793	0.04177696	0.10676312	0.03211329	0.15178401	0.11767596	0.11947692	0.19569536	-0.22197079	0.05148125	0.15743203	0.07397381	-0.06307119	-0.04636625	0.02539619	0.01365343	0.00436188	-0.04561696	0.06975893	0.05230796	0.10011089	0.14614992	0.07068710	0.34127584	0.14859474	0.00705093	-0.07935268	-0.09434679	0.08997853	0.00387696	-0.34060910	-0.17138059	-0.16422162	-0.02455320	0.02724495	0.10238221	0.13738987	0.16397930	-0.06709832	-0.04001107	-0.06782328	0.01326966	0.20453979	0.24370252	0.12386959	0.15797537	0.12843900	0.07438288	-0.04485957	-0.14258212	-0.09629378	0.02279535	-0.23840485	-0.18996569	-0.04560736	-0.11291433	0.11446252	-0.09449405	0.00526810	0.20929078	0.14130915	0.13909777	-0.17900674	-0.08801304	-0.01964382	-0.17622790	-0.13724534	-0.22677583	0.11674622	0.28778822	0.24613441	0.05815205	0.30988015	0.36363918	0.47673605	0.14933559	0.10953512	0.02521480	0.15860966	0.15894398	0.05903917	0.00973487	-0.08122813	0.23496719	-0.33678436	0.05679572	-0.12039953	-0.14905795	0.05426634	-0.09097797	-0.18790932	-0.06654206	0.29265485	0.36498237	-0.01199138	0.21382727	0.20958751	0.27067366	-0.08869296	-0.22905549	0.28487467	0.16355341	0.31116598	0.01127955	0.28337786	0.18165821	-0.10156369	0.07643938	0.11777110	-0.04111911	0.41358380	0.58783993	0.46826258	0.24503196	0.41479705	0.58260442	0.65299009	0.38861850	0.21966955	0.37980282	0.41862431	0.45411863	0.70651032	0.68674841	0.39992004	0.45296120	0.41571947	0.27985652	0.22786636	0.32231517	0.44643923	0.41292393	0.22754819	0.11766903	0.21850730	0.21970598	0.45711320	0.36736930	0.15795305	0.05966771	0.10827736	0.20812672	0.15203389	0.21473054	0.24779700	0.08350819	0.35050656	0.22030442	0.00810160	0.47486742	0.30371423	0.63247306	0.50951543	0.25341553	0.19744266	0.13579140	-0.16236645	-0.05233833	0.10994235	-0.16261910	-0.30075315	-0.09416189	0.17508717	0.21683330	0.25238380	0.20782009	0.19529091	0.34410661	0.28023036	0.08991914	-0.14268394	-0.02976720	0.02634958	-0.04500887	0.16447201	0.13068437	0.08998254	0.03831868	-0.01360133	0.12627644	-0.06508800	-0.06461056	0.10316939	0.11677034	0.15273450	0.10449239	0.10962477	0.10129695	0.06337080	0.07107549	0.15654068	0.07500729	0.03962509	-0.04808721	0.11967209	0.02931586	-0.06638467	0.13509502	0.01449329	0.16659270	0.12282624	-0.07817682	0.19720678	0.06627210	0.06232060	0.14976614	0.05395359	-0.06987699	-0.05140746	-0.10479160	0.11628307	0.02211997	0.11891696	-0.11955203	0.05811247	-0.01669792	0.00325876	0.15094106	0.09110789	0.09175460	0.09177009	0.22192221	0.30150147	-0.12654415	-0.18313884	0.04970680	-0.05862809	-0.21083412	-0.11433671	-0.22711642	-0.09893594	-0.34664479	0.07753197	0.03595981	-0.07562055	-0.00086552	0.06823459	-0.01951594	0.03407510	-0.03431691	-0.03851922	0.12814215	0.19250300	0.07363510	-0.19457590	-0.15217632	-0.05966667	0.05050453	-0.14142343	-0.04840711	-0.07550826	-0.16233324	-0.04549357	-0.19416069	-0.16297143	-0.06754915	-0.20698814	0.16872453	0.05194113	0.03005154	0.10792628	-0.15127117	-0.18961431	0.14489706	-0.00682340	-0.20755243	-0.25650388	-0.19939579	0.09990881	0.15982296	-0.16911079	-0.46141244	0.12276235	-0.13174126	0.21285203	0.15847458	0.35802836	0.01048270	0.26807007	0.45002897	0.13170803	0.15718335	0.13172181	0.23074781	-0.04446848	0.15847999	0.01336498	0.00272379	-0.29526139	-0.22207280	0.21291720	0.16016050	-0.02354718	0.08966010	-0.19510827	0.00634846	0.11589878	0.21286166	0.19801171	-0.32164967	-0.10422371	-0.24924917	-0.33274899	-0.04987951	0.18840049	0.29020476	0.07845883	0.22667362	0.18211256	-0.08937621	0.27899665	0.09353044	0.13553037	-0.06269156	0.59533303	0.31115683	-0.20283020	0.23071584	0.05196712	0.49834498	0.19926824	0.30788331	0.26132610	0.47188058	0.54937604	0.63333668	0.26194523	0.21757275	0.60558318	1.04529380	0.39580371	0.51485600	0.48658217	0.09506879	0.02332498	0.19016413	-0.04307564	0.27560874	0.21110072	0.30135421	0.30995820	0.17821409	0.15994692	0.16601817	0.04357892	-0.15033052	0.57440249	0.46899497	0.42812433	0.60428825	0.10965446	0.18746215	0.10562348	0.53709076	0.35165204	0.16119902	-0.00092421	-0.41380532	-0.22315826	-0.18116995	0.01625862	-0.34464116	0.17930630	0.22129371	-0.05718964	-0.05516788	0.07939221	0.00794741	0.03466728	0.08909286	-0.04293407	-0.04408681	0.14497018	-0.04661608	-0.14180555	-0.02818553	-0.14519882	0.00896010	0.23176378	0.17596869	-0.02971504	0.01110945	0.11076303	-0.01210495	0.01963760	0.00197293	0.02371017	0.07446740	-0.07181119	0.01571943	-0.12182581	-0.05456201	-0.16099417	-0.07477225	0.24096411	0.11000197	0.24406191	0.11856502	-0.03850984	0.15063884	0.05102129	0.06738472	0.21271443	0.19561548	0.18943020	0.20594883	0.19290332	0.25622403	0.07622548	0.17894556	0.28773498	0.18704802	0.17657908	0.08293544	0.05606514	0.18530906	0.00295036	0.13580547	0.14488070	0.30323974	0.36309217	0.37390256	0.37256319	0.32393389	0.28680977	0.39492132
17Networks_RH_DefaultA_PFCm_2	0.24131721	0.22314229	0.15930395	0.08963519	0.06837079	0.07224916	0.03323035	-0.06095017	-0.04228565	-0.00987506	0.06391531	0.00675077	-0.03582554	0.07390141	0.26399666	0.06890322	-0.06965618	-0.02369347	0.06622720	0.04923058	0.12161536	0.13480119	0.05630279	0.02291846	0.15401294	0.05044924	-0.05616191	-0.16765639	0.06033353	0.01723492	-0.01280158	0.09358740	0.07626822	0.01313216	0.05923333	-0.11018286	0.14830617	0.22080030	0.26746320	0.12033276	0.10416001	-0.03636071	0.19157511	0.09822212	0.20650820	0.24012554	-0.03182479	0.04774245	0.08280532	0.00711471	0.15870721	0.06912742	0.07705172	0.07115641	0.09995188	0.07422026	0.15023839	0.03365739	0.12848848	0.09468401	0.03619384	0.26201991	0.09863827	0.04337766	-0.00066546	-0.03423684	0.04248937	-0.14578664	-0.13499103	-0.06965662	-0.10633454	0.04601962	0.05119451	0.05039585	0.04847802	0.03973588	-0.05384189	0.03181465	0.06096693	0.16509160	0.27775837	0.18462541	0.07400003	0.14736583	0.15070253	0.07592826	-0.05633040	-0.16886231	0.01068958	0.01976147	-0.04759731	-0.03935801	0.02803417	0.14426224	0.08995388	-0.05425047	-0.00944104	0.26769561	0.26356119	0.07556032	0.02381346	0.15504068	0.12316601	0.02165844	0.11345131	-0.05369716	0.06211198	0.29701283	0.24454470	0.04192685	0.16846076	0.17455723	0.53977997	0.27283215	0.21662375	0.20306223	0.23431415	0.21171199	0.05478033	0.03807802	0.07025191	0.07972888	-0.12230319	0.10643106	-0.00242861	-0.17718119	0.06941233	0.04791495	-0.07965284	0.04159603	0.25347427	0.26405651	0.18548238	0.13048789	0.17625801	0.23564526	0.03945295	-0.08707957	0.17337655	0.07968863	0.37034714	0.29711519	0.29262545	0.12863052	-0.02927445	-0.03417353	0.19512471	0.06333740	0.25227905	0.34730682	0.30757187	0.16882406	0.26358271	0.23344201	0.31927784	0.21779873	0.30443762	0.28352674	0.25468570	0.22583625	0.44552778	0.33826025	0.44707145	0.39160595	0.38444630	0.38492883	0.18964999	0.38580546	0.34580346	0.27498280	0.16288185	0.16731844	0.03429352	0.10554101	0.42052541	0.30206334	0.31007207	0.14278374	0.15002762	0.22374816	0.14193054	0.16143739	0.16122539	0.05939772	0.21889333	0.17855332	0.14806901	0.15884988	0.13314289	0.21599173	0.14207699	0.13817378	-0.04808152	0.06714706	-0.14404212	-0.03338850	0.19651013	0.06763928	-0.01001440	-0.04828310	0.19398660	0.17803192	0.34967525	0.21953411	0.18542846	0.19683918	0.25019678	0.11625950	-0.04673363	0.06481552	0.11047486	0.13177817	0.10927342	0.00608461	0.24008810	0.03665365	-0.05844580	0.02226977	-0.00268982	0.05467483	0.17511844	0.10446837	0.20094772	0.14436361	0.09621648	0.18387689	0.02908418	0.10613547	0.10465610	0.07361744	0.14752706	0.07044375	0.08792967	0.06149333	0.04377709	0.04329509	0.04399123	0.16618385	0.12190903	-0.19805933	0.24667267	0.09142852	-0.00326425	0.13684883	0.22819592	0.05843107	0.10170994	-0.00380447	0.05054139	-0.02690443	0.07843242	0.09738269	0.13910208	0.00166091	0.03896609	0.10903691	0.15639414	0.10778202	-0.05157905	0.09649956	0.22992847	0.00765326	-0.00375382	0.06705601	0.03493945	-0.03325995	-0.09764769	-0.04232970	-0.03610031	-0.08007687	0.13579053	0.10335337	0.10746845	0.11884091	0.01523367	-0.03518026	0.01331357	0.00303954	0.01992801	0.13604434	0.09642456	0.18880549	-0.06220280	0.12484186	0.00833177	0.09871315	-0.15253817	0.20444640	-0.02459733	0.03427408	0.07197455	0.08184078	-0.06991957	0.06921936	0.08462793	0.25576779	0.08463019	0.04892836	0.04271696	-0.07853391	-0.15323045	0.18583801	0.12366545	-0.05712100	-0.02603396	0.12888435	0.29906267	0.22005650	0.02727891	-0.05469709	0.38264161	0.23903901	0.14690319	0.08425442	0.09739309	-0.11778702	0.24319489	0.43535406	0.10598901	0.31893149	0.05412392	0.31104290	0.01080783	0.27088685	0.06325303	-0.13389378	-0.04445907	-0.08834285	0.10776040	0.22334045	0.19035524	0.05644428	-0.00222379	0.14570235	0.21918058	0.30152475	0.15315144	-0.00426308	0.11279871	-0.15568114	-0.06743237	0.21586224	0.27461014	0.29359911	0.11886421	0.11603912	0.10209489	0.12329453	0.42898755	0.23303552	0.05465862	0.02574912	0.19091392	0.24677529	-0.02917299	0.06149822	0.12821032	0.42478150	0.20312621	0.28017961	0.30344172	0.32020421	0.26778944	0.20209558	0.18745957	0.30385877	0.33566589	0.39580371	1.06071301	0.42559965	0.36434328	0.32197600	0.39545527	0.13608220	0.11360947	0.15699037	0.15328459	0.27933927	0.37638854	0.22880881	0.24607610	0.10498688	0.14129235	0.05194591	0.24900557	0.14975351	0.13602498	0.17647630	0.11125007	0.10316104	-0.07126322	0.24835255	0.14808633	0.10872282	0.12326768	-0.08293966	-0.03228233	0.01890416	0.09894545	-0.15560201	0.24609251	0.19500016	0.02758701	0.04994458	0.05264542	0.05982729	0.10957761	0.27548567	0.06029796	0.03843885	0.03077955	-0.03311325	-0.05430404	0.01420854	-0.00973310	0.06040411	0.18159742	0.10450286	0.10864036	-0.00201936	0.05661019	0.07024318	0.16019946	0.16165903	0.06233204	0.04924298	-0.01761011	0.09710642	0.02570564	0.08005642	0.00870050	-0.01765684	0.15395071	0.05253019	0.14873600	-0.02872662	0.06454069	0.09460628	0.07681080	0.01772394	0.13111810	0.12402865	0.21506504	0.13194139	0.03039848	0.12384422	-0.00580233	0.12078834	0.10511735	0.11728731	0.10689183	0.03026404	0.07142676	0.08198426	-0.07454472	0.17488773	0.03663156	0.17504206	0.33621325	0.17836589	0.14887029	0.26938447	0.33903887	0.30542506
17Networks_RH_DefaultA_PFCm_3	0.15498375	0.25450455	0.13332057	0.19047453	0.15607553	0.22789225	0.15739087	0.00437918	0.06478353	-0.05281239	0.08260128	0.00369054	0.29498504	0.20201071	0.20283486	0.31989830	0.10310959	0.10104578	0.04473799	0.14967802	0.08337328	0.11564313	0.02359015	0.10061853	0.20331005	0.21400780	0.07996960	-0.05119284	0.17673336	0.17382028	0.18143076	0.20434814	0.20207900	0.13865273	0.10444159	0.07653550	0.15042811	0.26079290	0.23111669	0.16900962	0.18744304	0.05669512	0.19441500	0.13586209	0.24404361	0.12099483	0.10659441	0.15266650	0.07121864	0.16923946	0.12227603	0.17863119	0.19503079	0.18051567	0.11083215	-0.02267114	0.05256588	0.12573539	0.15974301	0.09494880	0.26733581	0.14614083	0.20319405	-0.11313028	-0.12052317	-0.06202368	-0.07706956	-0.12905621	-0.34870783	-0.23179701	-0.13738354	-0.06928467	0.08833678	0.16801874	-0.01506162	0.20739523	-0.00632899	0.06507266	-0.05891908	0.04844642	0.22165867	0.20310288	0.00062536	0.11758844	0.16018846	0.20073881	0.03206242	-0.10809028	0.22968302	0.18421888	0.06747374	0.04296000	0.19304579	0.00312632	0.15180204	0.05166275	-0.04003777	0.26992264	0.31291724	0.23948667	0.02340716	0.10900780	-0.09565129	0.07011327	0.19081058	-0.11103452	0.07853471	0.35124058	0.20631405	0.10365289	0.18674605	0.33657446	0.37679432	0.15288958	0.13055100	0.11320480	0.12773137	0.20186390	0.13061686	0.14881181	-0.07112345	-0.03101694	-0.37062833	-0.14476979	-0.22967010	-0.18395114	-0.01975970	-0.11731651	-0.09421141	-0.05656867	0.11915703	0.21168207	0.15800832	0.01101046	0.06371466	0.10785551	-0.20003408	-0.32672681	0.11369856	-0.01549294	0.23908240	0.11930318	0.30909883	0.17516210	-0.06324069	-0.06773424	0.09024242	0.04765529	0.24075266	0.34231078	0.32473374	0.05467783	0.19989833	0.38592449	0.44694177	0.20340536	0.18383222	0.32610057	0.25651436	0.28033265	0.56002597	0.58628594	0.53968910	0.66952418	0.26213698	0.49280449	0.19497286	0.33983871	0.40157541	0.37629079	0.01922585	0.20932724	0.05926338	0.15691014	0.48436734	0.27698365	0.23817900	0.04644001	0.05910407	0.26827989	0.13402318	0.05581365	0.37555713	0.03310900	0.29377963	0.17827712	0.04516800	0.16622371	0.37420887	0.46148468	0.42093957	0.30058398	0.25920857	0.37901534	0.06708299	0.09942005	0.08836834	-0.11875954	-0.27586750	-0.02569193	0.14433092	0.05759139	0.17857288	0.24146704	0.15721682	0.01890251	0.33269516	0.15637915	-0.06390502	-0.00404840	0.12568729	0.03751824	0.25743084	0.33704590	0.23158298	0.10381273	0.20005213	0.08747208	0.09564827	0.09395433	0.17066470	0.08589809	0.19734511	0.14691370	0.14687741	0.26322376	0.07243724	0.24736462	0.15671698	0.26473603	0.19422095	0.01785326	0.17132111	0.11847745	0.06289924	0.15713789	0.14185788	0.24843147	0.13158852	-0.02034558	0.26375088	0.10798141	0.04556954	0.21260673	0.20224427	0.06889931	0.01384318	-0.00480961	0.21812875	0.01826189	0.17272208	0.07169742	0.17054845	0.14992044	0.15681421	0.12795889	0.08511920	0.16307592	0.14806471	0.03007245	0.13041980	-0.07535325	-0.26808354	-0.06339823	-0.06130083	-0.13327191	-0.05534114	-0.15602143	-0.03825618	-0.20431745	0.19476726	0.06897664	-0.13000327	0.11428884	0.09929815	-0.02969569	0.06445901	0.04997540	-0.01100958	0.21503731	0.20528921	0.08499641	-0.12095698	-0.02592827	0.06306934	0.14502509	-0.09293615	0.08795237	-0.00674343	0.06713434	0.16566250	0.06104652	-0.01461056	0.11096241	-0.02692315	0.28417373	0.12115696	0.07068500	0.22328699	-0.06009494	-0.03949275	0.19948676	0.14255782	-0.11191329	-0.17493767	-0.14938060	0.28662623	0.26730833	0.01624759	-0.08937126	0.45952088	0.14447685	0.21475195	0.29605991	0.26512738	-0.04907751	0.43131407	0.27398182	0.12598952	0.21738369	0.14645094	0.27285262	0.10066243	0.21916490	-0.04935948	-0.05890725	-0.22252532	-0.17936087	0.19413320	0.12533078	0.05500222	0.10725342	-0.12055599	0.07650838	0.08482742	0.10746196	0.04198377	-0.15235156	-0.08185422	-0.16295471	-0.23709655	0.07106680	0.25777378	0.24605615	0.04463511	0.09396558	0.12833139	-0.02743219	0.35975398	0.21425349	0.12273377	0.07149134	0.43368295	0.27860422	-0.14004915	0.18377103	0.04143644	0.42874485	0.23134929	0.16012373	0.18091129	0.46178348	0.42497738	0.42605162	0.28461432	0.25578208	0.46983267	0.51485600	0.42559965	0.94906649	0.65284260	0.26563778	0.32984489	0.18906199	0.04448242	0.33156690	0.31872845	0.31595725	0.34071275	0.21954017	0.18687478	0.39574636	0.20879217	0.01890540	0.36620157	0.26282047	0.34048932	0.44816489	0.10956466	0.16513595	0.04084594	0.51935883	0.40944928	0.31708754	0.15241599	-0.23752111	0.02931866	0.01528320	0.07437164	-0.15087848	0.33721121	0.33404949	-0.04231586	0.10111922	0.12285587	0.09268999	0.08872671	0.19185423	0.14019601	0.08247368	0.19240247	0.05093729	0.01493662	0.10712979	0.00989153	0.02725789	0.29038076	0.20251533	0.12158191	0.22495059	0.13988983	0.11098664	0.10319510	0.19401883	0.13748502	0.16288501	0.10202882	0.01897652	0.06044978	0.04583235	0.07980632	0.02691676	0.17125113	0.08537365	0.24257512	0.12745424	0.01105782	0.14550641	0.16003772	0.04656440	0.13872108	0.12242871	0.15722695	0.14753515	0.14804655	0.22305221	0.05735744	0.28433126	0.13041068	0.15381009	0.19120901	0.10296226	0.04721971	0.18597030	0.14806345	0.10416634	0.01188761	0.16722776	0.23671321	0.17198065	0.27375996	0.16531722	0.19265165	0.23408956
17Networks_RH_DefaultA_PFCm_4	0.29158012	0.27518687	0.28909141	0.26703531	0.18870376	0.26508673	0.18401927	0.03110231	0.13770331	0.04695783	0.12212019	-0.00004797	0.30177348	0.24843747	0.27465839	0.36878958	0.08125411	0.15842811	0.10494827	0.07887723	0.14677864	0.19654585	0.11472347	0.23236819	0.21924340	0.31798816	0.07658013	-0.17250180	0.20040924	0.23009941	0.24381551	0.23426770	0.15740269	0.09364910	0.04069774	0.09181211	0.05617934	0.36873015	0.28353984	0.18452040	0.24051638	0.09570876	0.28925160	0.11831297	0.30710733	0.14766666	-0.06672819	0.26429483	-0.02576989	0.11252700	0.20227080	0.28933915	0.24621399	0.23904434	0.22026834	0.03989223	0.20171952	0.03986825	0.27350932	0.13414541	0.26394062	0.26618302	0.20119012	-0.05389942	-0.00978882	-0.00810534	-0.14724531	-0.03831541	-0.33129162	-0.19904863	-0.08822078	-0.01695511	0.07073671	0.16421006	0.03076773	0.21207441	-0.02760965	0.03714377	-0.04212467	0.04963695	0.29676227	0.22835521	0.09524189	0.19777453	0.16680270	0.23852970	0.09002226	-0.04866056	0.06604426	0.15261899	-0.00170755	-0.00852358	0.24177899	0.00684278	0.23661353	0.20226631	0.13174061	0.38243580	0.43269220	0.32618940	0.09614572	0.18668456	0.02243550	0.00730319	0.10384907	-0.15957121	0.00194938	0.39009587	0.16457189	-0.00942901	0.09177195	0.33942004	0.49744556	0.18280404	0.06733876	0.07031855	0.09751874	0.06271495	0.01491750	-0.00796404	-0.10812208	-0.08312309	-0.24864683	-0.11400017	-0.26178084	-0.14745586	0.01999698	-0.22117887	-0.24702521	-0.11568679	0.13424525	0.25679090	0.12279408	0.05521188	0.00497857	0.25878894	-0.09734330	-0.35277227	0.13849938	-0.00002061	0.36899892	0.27496802	0.53111293	0.18777530	-0.07799868	0.09164542	0.11990167	0.03286516	0.37660488	0.42634016	0.50016779	0.11228382	0.21162323	0.47228429	0.53639973	0.25391691	0.27534161	0.52545468	0.36415284	0.46072985	0.58702029	0.63099772	0.68635190	0.73014942	0.49370300	0.57495570	0.12240905	0.39817296	0.44885383	0.41079453	0.03491805	0.22894560	0.17734854	0.31835086	0.68903131	0.40003746	0.36195411	-0.04620326	0.04400803	0.31173464	0.17602111	0.20133061	0.39564713	-0.02630667	0.36851256	0.22447822	0.02673336	0.27516772	0.28766137	0.45542904	0.44991033	0.26933301	0.20088919	0.24852961	-0.02608514	0.12973573	0.04271242	-0.14369586	-0.27104775	0.03666177	0.24645958	0.16683740	0.29674735	0.22160089	0.08529710	0.17114509	0.36779921	0.18491313	-0.03486179	0.05401734	0.20791265	0.06801523	0.22199628	0.24344347	0.24285443	0.22408628	0.16974522	0.09252831	0.10364613	0.12095169	0.23044729	0.10076522	0.20138556	0.15608582	0.26161914	0.30690896	0.12639847	0.29129903	0.27052135	0.16941952	0.19749059	0.01932767	0.26744867	0.15126387	0.03472253	0.21486213	0.08372628	0.39550006	0.21950285	-0.02822564	0.27093021	0.13628709	0.19030858	0.13621426	0.17672678	0.05173051	0.02157282	-0.01763774	0.22574726	0.08205616	0.21767222	0.08630664	0.23378391	0.06437329	0.11400094	0.12518662	0.23588204	0.20091817	0.16582428	0.08762130	0.24249546	-0.06703437	-0.24091307	0.10710953	0.01339181	-0.19600928	0.00462089	-0.14373285	-0.00555730	-0.18107782	0.17973849	-0.00895521	-0.16659062	0.06928502	0.10783760	-0.04829398	0.08337598	-0.02654594	0.05608557	0.17557749	0.27231028	0.14425178	-0.07910003	-0.04823244	0.06422696	0.10025202	-0.12866640	0.14632546	-0.07359353	-0.08274469	0.07302375	-0.03211978	-0.07519179	0.11102350	-0.19221480	0.38228452	0.15293665	0.14800412	0.34047445	0.02626061	-0.00631797	0.22483906	0.09702555	-0.08960243	-0.24616795	-0.25731910	0.32459758	0.32011051	-0.11990632	-0.19634020	0.40596925	0.11283815	0.18896131	0.15301474	0.21458870	-0.13892496	0.36472636	0.30355041	0.06725533	0.24952802	0.07225863	0.24810852	0.04428094	0.18241959	-0.08523434	-0.06968552	-0.27656247	-0.15230032	0.12272205	0.12867391	0.02198823	0.08250705	-0.20034522	0.10755499	0.04314790	0.07313579	-0.03961549	-0.24917919	-0.13996540	-0.14044464	-0.26693027	-0.00212396	0.29667322	0.33011038	-0.02968946	-0.04682039	0.00068346	-0.13577011	0.40526656	0.37484754	0.11154372	0.07715881	0.52443532	0.32319764	-0.13586804	0.26224672	-0.04135130	0.49594454	0.27785691	0.16048370	0.20373679	0.38503534	0.49235464	0.46330827	0.28056207	0.31853540	0.54572660	0.48658217	0.36434328	0.65284260	1.08097601	0.26096323	0.30152165	0.19802941	0.00521542	0.29517022	0.57783812	0.36546608	0.49522615	0.13819713	0.27158204	0.19872301	0.18516789	0.00136958	0.47768762	0.36502608	0.32389388	0.45352612	0.01032688	0.15592190	-0.09147285	0.49294234	0.38091276	0.31911715	0.10364110	-0.29935877	0.02322331	-0.00491969	0.12050054	-0.13521912	0.23430936	0.27411094	-0.06509243	0.00207291	0.22175831	-0.00426938	0.03763675	0.22869339	-0.01359168	-0.01788442	0.20667399	-0.00299131	-0.08320875	0.09084392	-0.01199802	0.08155266	0.17131362	0.14746601	0.04468473	0.08269005	0.22111848	0.12056299	0.02165307	0.19829537	0.03195951	-0.07096171	0.09729880	-0.05726219	-0.06724256	-0.00767537	0.05529995	0.07240726	0.11438490	0.14071071	0.24237011	0.16327436	-0.00435660	0.17633058	0.23806297	0.03651870	0.20939971	0.21864873	0.15068967	0.20583370	0.21428424	0.19915011	0.01557944	0.10791100	0.17110563	0.19370434	0.19996710	0.09770229	0.08525431	0.21032084	0.12309899	0.20726084	0.07858298	0.28649313	0.34834957	0.24943939	0.40716599	0.32494448	0.33864122	0.30185704
17Networks_RH_DefaultA_PFCm_5	0.22361553	0.15904303	0.04490665	0.18710308	0.36302391	0.24973226	0.19596277	0.16083719	0.17654267	0.28266904	0.10916723	0.18728540	0.27410783	0.17961180	0.29079275	0.06524562	0.03755343	0.12661124	0.13697640	0.15932936	0.21025795	0.20786415	0.10198024	0.18843029	0.13520401	0.06131581	0.06883996	-0.00151052	0.09801105	0.15095581	0.01227982	0.07004644	0.19472173	0.11498095	0.05749635	-0.07282165	0.01069653	0.03299750	0.14760985	0.15389133	0.11049165	-0.05431582	0.09969752	-0.07874032	0.33510984	0.28117272	0.14671494	0.14449049	-0.01824794	0.18656311	0.13724146	0.19203350	0.14849460	0.06840424	0.07358808	0.03811799	0.13420787	0.10862635	0.18319539	0.05217591	0.29532687	0.16756215	0.11541865	0.02472530	-0.03163644	0.01224101	0.02585525	-0.01277390	-0.08380871	-0.08253824	-0.04012880	0.05339122	0.16400013	0.14580514	0.03218555	0.15513387	0.00583838	0.10958819	0.06320694	0.07688111	0.11261516	0.21084362	-0.02133806	0.00673242	0.15041180	0.28401010	0.21558237	0.02146115	0.23671843	0.11311648	0.09350530	0.13681310	0.04238373	0.10784574	0.14464970	0.10633937	0.03207499	0.21198633	0.19072791	0.02070537	0.40490020	0.16951766	0.11651363	0.24324340	0.17563404	0.00625560	0.24973024	0.25679764	0.18284627	0.07100319	0.09194459	0.09442758	0.08517653	-0.02524132	-0.02176629	0.05777497	-0.00535873	0.19083513	0.01826649	0.15697741	0.07141332	-0.03637950	0.06149947	0.06194747	0.10941057	-0.07040536	0.24501670	0.13194367	0.14740380	0.07054390	0.14284368	0.08869550	0.24914289	0.19489962	0.12369534	0.26969253	0.26812919	0.04371212	0.08284409	0.18050353	0.29611867	0.49938188	0.15451008	0.03806905	0.05807010	-0.03598251	0.17460865	0.14219008	0.20586011	0.19911385	0.13350421	0.27562471	0.28720882	0.04197950	0.08692397	0.10855017	0.23450193	0.07944912	0.17542409	0.18700486	0.02827383	0.23917610	0.18463997	0.26718510	0.35415654	0.33594708	0.00705348	0.09089985	0.07891212	-0.09951102	0.10284602	0.06030071	0.05010578	0.16808185	0.12141184	0.23051826	0.37901130	0.01955923	0.09690051	0.31980162	0.06172303	0.15055339	0.22504175	0.16937464	0.18883140	0.15152671	0.13772682	0.05549101	0.07506351	0.02702458	0.03835652	0.23652966	0.00936280	0.24666355	0.04996312	0.06091760	0.21430816	0.05641158	0.00098237	0.10538626	0.15591363	0.13390270	0.19094267	0.19802659	0.23412656	0.06017574	0.19173058	0.15201807	0.02852645	0.12088501	0.11417621	0.20498458	0.12036362	-0.02196843	0.06346080	0.04665832	-0.06143579	0.07014975	0.07708147	0.18234211	0.17714424	0.19022946	0.26555263	0.07928868	0.02989455	0.14099881	0.01341081	0.10019451	0.04932742	0.03572919	0.18243271	0.08653716	0.04818462	0.06414871	-0.00081504	-0.03844884	0.01836391	0.16857328	0.14456169	-0.23254791	0.18022732	0.15243391	0.01276067	0.10921380	0.13632181	0.05369257	0.03160254	-0.03560867	0.09640827	0.00613196	0.17928736	0.04029828	0.10748906	0.17040254	0.12492340	0.01861861	0.06333841	0.03350068	0.23554588	0.04994893	-0.03078382	-0.03747134	0.07387450	0.06153896	0.05570307	0.04362417	0.08030328	-0.03278112	0.05050481	-0.09789823	0.08894868	0.08126468	0.04795583	-0.00221528	-0.01339812	-0.01549691	0.03618709	-0.11837959	0.06860210	0.16776123	0.16970384	0.14236038	-0.08837458	0.11186946	0.12536271	0.09904326	-0.04435764	0.22716035	0.00254555	0.09311467	0.06288778	0.08841549	0.05304756	0.11155330	0.11498160	0.26239555	0.10199969	0.15677056	0.07092445	0.02510773	0.11595462	0.03219475	0.42288362	0.02987240	0.08470909	0.25789703	0.50764610	0.36885464	0.21082352	0.14810783	0.42994584	0.35547082	0.16491085	0.14542497	0.09767992	0.03620489	0.22008211	0.04788412	-0.06691452	0.02246853	0.09186479	0.09953522	0.03358021	0.13610045	0.05401469	-0.15915933	0.03419157	-0.05143783	0.10399825	0.28378046	0.20133305	0.24069276	0.04900959	0.09170362	-0.01826957	0.23281455	0.18064763	0.19408866	0.37843415	-0.01327487	0.07372519	0.32312581	0.39015608	0.22365727	0.23665895	0.00129629	0.20037566	0.28738171	0.48056793	0.18955518	0.00977519	0.14883211	0.11698750	0.13900371	0.05704407	0.01049740	0.04985220	0.23667010	0.27760324	0.35254886	0.29049621	0.26534605	0.02260013	-0.00639914	0.09491773	0.12027677	0.13718644	0.09506879	0.32197600	0.26563778	0.26096323	0.97114952	0.35677415	0.20822775	0.08728678	0.08647877	0.35259840	0.21404591	0.23586120	0.28647766	0.19730638	0.19349954	0.28171478	0.22521375	0.10795271	-0.01803800	0.14250825	-0.03245653	0.05607023	0.19247084	0.05752208	0.08466878	0.11967516	0.24223162	0.03324018	0.11896109	0.16173247	0.14647674	0.23961211	0.15050804	0.09387695	0.09106834	0.01137975	0.00789988	0.11660395	0.15721083	0.14539574	0.18075902	-0.01094307	0.02486478	0.01463615	0.00192907	0.04722314	0.04636784	-0.02247263	0.09717856	0.07484489	0.02787348	0.15506549	0.10358015	0.07226429	0.10665154	0.11903968	0.12609865	0.07099574	0.05004711	0.03261172	0.05493031	0.08058263	-0.01106264	0.08578347	0.05760707	0.22968433	0.08440880	0.17810228	0.00738041	0.06540155	0.19838736	0.18215480	-0.00552053	0.19245619	0.17459589	0.22787694	0.25570910	0.24859587	0.17058332	0.24312645	0.07199379	0.11376172	0.06887787	0.09390996	0.08575956	0.17759848	0.08761374	0.09834944	0.23671767	0.11969407	0.29891284	0.14765732	0.11141078	0.01572964	0.11891152	0.28045967	0.21654453
17Networks_RH_DefaultA_PFCm_6	0.19644334	0.07214532	-0.01609043	0.12697255	0.09968413	0.12009078	0.08700475	0.10792643	0.05716317	0.17747059	0.11262189	0.05950356	0.15615721	0.10069067	0.12687383	0.10314706	-0.02039124	0.00941776	0.06082250	0.10166794	0.06299853	0.19787851	0.04466572	0.03505652	0.31534387	0.12764093	0.15572716	0.07042751	0.19496611	0.24903709	0.19277251	0.30485321	0.22828767	0.18099336	0.10954186	0.09911084	0.22668722	0.04900879	0.06991022	0.30838437	0.19891110	0.03601435	0.26006994	0.10865771	0.37038212	0.24871132	0.28826414	0.27398853	0.05799238	0.05305713	0.29224814	0.33383237	0.26246803	0.24078085	0.18832599	0.08223591	0.15532110	0.15259352	0.18115898	0.04420719	0.18137263	0.13507735	0.12161594	-0.10060585	-0.14169185	-0.05762608	-0.18464136	-0.08805644	-0.07112530	-0.16341298	-0.05262402	0.02919748	0.10353675	0.17832036	-0.06862993	0.18899422	0.05680680	0.09084886	0.02484617	0.13745875	0.10352594	0.07005086	-0.08245031	0.04140525	0.11987702	0.27694564	0.14697692	0.11690186	0.23864966	0.29658361	0.23221067	0.32792857	0.31361143	0.23023392	0.13668511	0.20265001	0.00986443	0.34749153	0.32697316	0.06035912	0.29027607	0.30236316	0.03992632	0.23123356	0.29111856	0.01150961	0.02963296	0.16973064	0.19116130	0.02138242	-0.02881162	0.14637377	0.16427955	0.12482438	0.08533442	0.14986522	0.09577865	0.08456496	0.07777046	0.06372717	-0.07738631	-0.30503386	-0.01623171	-0.16647668	-0.03782442	-0.15690174	0.09981346	-0.07048858	0.03082705	-0.02699973	-0.10129919	-0.12201549	0.26535717	0.01782171	-0.06662750	-0.03126536	-0.04527786	-0.17962649	-0.16380461	-0.14037198	0.09640476	0.27140973	0.23754386	0.01731873	-0.06973716	-0.22900808	0.17223865	0.14495048	-0.06519436	-0.08928163	0.03774876	-0.01484722	-0.10205141	0.03673311	-0.05992988	-0.09686003	0.15388454	0.11955613	-0.07933806	-0.05106216	0.09595629	0.17833797	0.30759557	0.36731777	0.07756702	0.43768362	0.09448813	0.15988077	0.16278746	0.11290829	-0.11705520	0.10846274	-0.08988448	-0.00818905	0.25068515	0.01645141	0.25864001	0.03789692	-0.06184667	0.29466439	0.05696917	-0.10196474	0.27357040	0.01087839	0.11550074	0.10062536	0.04101447	-0.22960185	0.06293101	-0.05489632	-0.09647585	0.09734627	-0.04908889	0.04491530	0.12022440	0.18419567	0.11404729	0.08912218	-0.05889124	0.17759005	0.17135295	-0.05484540	0.16199351	0.13574397	0.02544915	-0.09130855	0.10044468	0.13887262	-0.02882046	0.23903419	0.14284938	0.11291760	0.17182861	0.05934472	0.17987143	0.15291515	0.06311049	-0.00384569	0.16347570	0.11004927	0.08404457	0.05471360	0.17364065	0.16358449	0.17919290	0.35804272	0.13310970	0.28372769	0.14140519	0.15821688	0.28350054	0.15478302	0.18422980	0.11421031	0.14749973	0.11402248	0.11202241	0.30500078	0.16484644	-0.11218775	0.20607177	0.22717860	0.06718846	0.18700575	0.26335976	0.18397169	0.13927606	0.06388023	0.18828339	0.10510199	0.20385466	0.17514059	0.29693109	0.14312994	0.24529093	0.14304895	0.16364813	0.19863732	0.13832271	-0.01571393	0.04571433	0.04809630	-0.03179786	-0.07209640	0.01682343	-0.01656239	-0.01431732	0.11293109	-0.00071206	0.15178863	0.22365997	0.00944515	-0.04477392	0.16622281	0.09274500	0.03117379	0.10512525	0.18748516	0.11376993	0.24724118	0.12148839	0.18504202	0.05558716	0.20283413	0.30839205	0.23821474	0.07772881	0.35139303	0.16240062	0.24666631	0.25354906	0.25205371	0.18457836	0.26377590	0.24438354	0.42027879	0.16565125	0.12123358	0.23166067	0.12900280	0.12138662	0.31888981	0.28345551	0.21731339	0.08597455	0.12179880	0.33964125	0.37468442	0.16325612	0.36024347	0.51343973	0.48838932	0.21272372	0.22456362	0.03507572	-0.11448975	0.20297901	0.01564253	0.06989638	0.21001480	0.18805620	0.19323861	0.11827770	0.18335918	-0.05057030	-0.11139915	0.04970065	-0.04395695	-0.03375949	0.07784279	0.27796368	0.09150019	0.11764563	0.13473843	0.15212196	0.15344034	-0.06864705	0.19687954	0.13214964	0.13978404	0.09813918	0.24258394	0.26207811	0.09772542	0.01020449	-0.09005978	0.07005505	0.23003721	0.32561178	0.34179641	-0.08236715	0.17483516	-0.09800231	0.05227377	0.01076178	-0.03885917	0.11740843	0.13584304	0.07268528	0.04442570	0.19288746	0.13188617	0.02228611	-0.14803234	0.07679403	0.24784068	0.03327483	0.02332498	0.39545527	0.32984489	0.30152165	0.35677415	1.05825162	0.10600582	0.06520087	0.14016811	0.28893339	0.08309688	0.25929886	0.17558191	0.20454173	0.22624726	0.36187061	0.29193663	-0.07081980	-0.14124611	0.01341181	-0.05919783	-0.01287158	0.04434912	0.03318329	0.08975696	0.08870931	0.24417095	0.13009506	0.16342335	0.41597220	0.31786087	0.16026668	0.26948434	0.12649452	0.12196276	0.08012269	0.08819393	0.09383126	0.07531702	0.03492605	0.25131069	0.22785300	0.04049461	0.00481203	0.11006506	0.08960358	0.15357660	0.09841595	0.17478373	0.07299299	0.03871441	0.13995363	0.08519367	-0.00257511	0.03727506	0.16270598	0.22722149	0.24660604	0.02648523	0.03522621	0.03249842	0.17515046	0.08878673	0.21880346	0.13993600	0.10787887	0.05855675	0.12361566	-0.06760327	0.10396801	0.11188271	0.11296080	0.01099488	0.06340608	0.03845274	0.19062262	0.15876813	0.07512162	0.10535356	0.01964931	0.10509800	-0.03312095	0.12347457	0.23525746	0.10217067	0.05138506	0.12366044	-0.00490575	0.10099391	-0.03688570	0.09009430	0.16796598	-0.05504849	0.01077205	0.15078695	0.20794004	0.19549966
17Networks_RH_DefaultB_Temp_1	0.21994529	0.17758648	0.14533078	0.27384370	0.15488370	0.20972236	0.23803539	0.12413485	0.21233616	0.08448101	0.15820548	0.06887496	0.10611684	0.08189308	0.22934432	0.00424918	-0.12238543	0.12511643	0.03192991	0.13143121	0.01859999	0.01850044	0.15608765	0.14393313	0.20370744	0.16470326	0.13495375	0.02197746	0.23797949	0.15882933	0.18388506	0.16601290	0.29474334	0.28352829	0.15882795	0.15906939	0.15525307	0.08399110	0.25231844	0.22658847	0.28696648	0.04330282	0.22116876	-0.06539240	0.16086518	0.06173968	0.01245597	0.05003814	-0.01011050	0.08313766	0.14032268	0.15955211	0.07333345	0.15705167	0.13608450	-0.02976474	0.17680094	0.03789274	0.25557123	0.13861632	0.22052590	0.17171978	0.24272439	-0.01908955	0.05042401	0.01057603	0.11752262	-0.07722100	-0.00201689	0.02445841	0.03433211	0.16138928	0.12795619	0.24701360	0.14350792	0.25102320	0.12526455	0.18827048	0.00692462	0.06457778	0.03955856	0.19603850	0.13024839	0.10884955	0.17936325	0.11761811	0.02613285	0.04888165	0.13190669	0.10573319	-0.02596796	0.02592661	0.00689348	0.03263156	0.14400486	0.10352440	0.04521709	0.17305683	0.13559518	0.11253696	0.14386027	0.09001153	-0.04692267	0.06464143	0.07149897	-0.06691093	0.03234289	0.11996333	0.19703880	0.10860722	0.13567209	0.17521972	0.17094541	0.07264885	0.08404603	0.14925458	0.10679003	0.12103109	0.12862258	0.13239507	0.01723653	0.05427022	-0.01350926	0.10782677	0.05011968	0.03551679	0.04509105	-0.02759189	-0.07184251	0.03410313	0.07721284	0.07597008	0.07469286	0.12384985	0.11590832	0.21589718	0.08166291	0.04856863	0.04900922	0.10483951	0.14459872	0.13648981	0.10406478	0.16708606	0.12061369	0.01775048	0.13785930	0.07467108	0.13115108	0.13987591	0.15609545	0.05534944	0.14763834	0.05636302	0.11021500	0.13549828	0.23936937	0.17997422	0.20028427	0.20937158	0.10578775	0.20123662	0.06929217	0.14412020	0.16157924	0.10894980	0.05510815	0.18673302	0.19665538	0.03609914	0.13146002	0.13042180	0.11093759	0.08565575	0.09914476	0.08613286	0.13017406	-0.08657694	0.02830758	0.07966717	-0.04322567	0.14531236	0.17042541	0.01244169	0.14895100	0.07853130	0.07386474	0.10336515	0.12405740	0.03639893	0.10367110	0.12554331	0.08587214	0.16767354	-0.00904626	0.00873302	0.12157595	0.09633819	-0.10800503	0.02716883	0.33670067	0.11193501	0.16435264	0.15278550	0.13612166	0.07570715	0.26546617	0.24532988	0.12570901	0.12306219	0.15386712	0.10055293	0.20890924	0.08439323	0.17400532	0.03238336	0.03920516	-0.00938479	0.06975424	0.06759908	0.06160971	0.10640164	0.15411091	0.19238132	0.17173210	0.24346083	0.15622939	0.16629447	0.26493585	0.16699180	0.26756115	0.23547480	0.23750604	0.10661261	0.24721298	0.10840758	0.15050176	0.31339367	0.25459913	-0.06903262	0.21558894	0.15656829	0.23926243	0.14865949	0.13334308	0.03940249	0.06292316	-0.03438728	0.13130035	-0.00646518	0.15818611	0.03934934	0.17213388	0.03492791	0.14789833	0.04548829	0.18950477	0.09683607	0.26744940	0.15585996	0.14380546	0.21604111	0.12872231	0.11780745	0.14057766	0.04397594	0.10473012	0.04403016	0.09064187	0.07162472	0.19689101	0.15574366	0.09331313	0.16513827	0.20942552	0.24668453	0.22208328	0.20078081	0.10766050	0.17622203	0.20815698	0.31792816	0.12703739	0.08501789	0.02662267	0.10932217	0.07830106	0.22102557	0.14853640	0.04478061	0.16843444	0.06311849	-0.06900418	0.10527242	0.09390117	0.24076537	0.14822320	0.12665017	0.08304687	0.11491292	0.03945869	0.22300604	0.12765494	0.09340119	-0.01875479	0.04841714	0.23778215	0.14959145	0.02118276	0.02540318	0.23577613	0.20005650	0.17934088	0.11288632	0.20857206	-0.00764560	0.22269879	0.09610547	0.04665148	0.17228172	0.09396683	0.18901434	0.07303154	0.06837091	0.10807025	0.20022143	0.08090111	0.12237492	0.12566009	0.19541334	0.14806683	0.20032275	0.11242742	0.18810168	0.02141853	0.30430290	0.29923093	0.20320845	0.29344035	0.12472229	0.13832509	0.12843650	0.21434282	0.32879530	0.05386792	0.00574906	0.11996429	0.18099651	0.31376363	0.10601896	0.18630007	0.23878596	0.21116278	0.31429071	0.10258600	0.08319138	0.10647636	0.30201104	0.25543065	0.18318720	0.18255599	0.19559009	0.05140157	0.16162678	0.23873897	0.25659502	0.25035896	0.19016413	0.13608220	0.18906199	0.19802941	0.20822775	0.10600582	0.72612226	0.22483715	0.16071934	0.16136729	0.11034462	0.18819275	0.09172842	0.22562523	0.15950516	0.22340715	0.15792758	0.12467250	0.20479721	0.11199131	0.15561926	0.00193118	0.22272565	0.04938109	0.30002618	0.25843545	0.33498966	0.21573628	0.13128686	0.13686854	0.13188852	0.29177174	0.15976599	0.15028476	0.08325442	0.12767972	0.09855949	0.09942554	0.03501538	0.03323035	0.05511611	0.03194704	-0.08483870	0.15091446	0.06498688	-0.03432593	0.04226805	-0.12912285	0.11466522	0.20815095	0.18638146	0.07390523	0.19961002	0.16542689	-0.01676864	0.03321610	0.09669278	-0.00358740	-0.06877109	0.10367455	0.06343928	0.01600093	-0.00650214	0.02372585	0.11203536	0.27866979	0.18553238	0.23269566	0.06060953	-0.02406673	0.26570935	0.10413979	-0.11309676	0.27153770	0.17745066	0.22634767	0.23231846	0.21068636	0.15715988	0.07307375	0.11728703	0.20807171	0.22939632	0.23871663	0.19439332	0.09747433	0.17802279	0.12702783	0.11955257	0.25677084	0.25122109	0.25802054	0.20959899	0.23084243	0.18873294	0.15404852	0.16510629
17Networks_RH_DefaultB_Temp_2	0.17306500	0.15992080	0.03582247	0.05260218	0.03998636	0.17572869	0.15365390	0.17604590	0.26303893	0.20090198	0.19383370	0.16397985	0.01086639	0.08346702	0.20846428	0.06721326	-0.11945992	0.20056780	0.03404406	0.15504068	0.04875749	0.12040728	0.16624345	0.01139721	0.27396406	0.09700000	0.08386586	-0.00951216	0.24485176	0.17285481	0.17889144	0.18786649	0.16727091	0.23993402	-0.01896958	0.16544989	0.12906262	0.12239456	0.20744721	0.14933094	0.15420376	0.10076964	0.11856823	0.07755519	0.16233116	0.14592219	0.20201085	0.10035630	0.14600415	0.13169525	0.14196896	0.08448926	0.13635477	0.19867874	0.10944824	0.00716327	0.09775459	0.01546391	0.14516032	0.10174535	0.05736411	0.10911738	0.15867354	0.09671615	-0.08540468	0.03032194	0.00870425	-0.01299788	0.11901808	0.12185070	0.03518708	0.10565698	0.03193007	0.11667076	0.05231648	0.16442039	0.13365318	0.14943426	-0.00217986	0.11716854	0.11447321	0.13429165	0.11002723	0.08414309	0.12662552	0.15167169	0.06390956	0.14177696	0.12631509	0.13513430	0.15789925	0.14693860	0.17167723	0.21662709	0.18347562	0.10127530	0.03449085	0.21111164	0.09442610	0.13200599	0.06178484	0.12409054	0.07408498	0.05610964	0.19317261	0.10115729	0.02871285	0.13471982	0.10423275	0.09987061	0.08828038	-0.04422432	0.07790279	0.19489412	0.16872513	0.20070256	0.19126052	0.05928033	0.06813488	0.11525417	0.21347162	0.00147434	0.11640748	0.14891797	0.14876805	0.09543455	-0.08483944	0.18589482	0.04004393	0.09053530	0.05938930	0.15306971	0.09724931	0.07362132	0.14538233	0.12425983	0.19911066	0.15955477	-0.03874237	0.18129536	0.07884583	0.08038567	0.11097392	-0.04042020	-0.00425384	-0.14513881	-0.01942387	-0.00431906	0.14869744	0.07546832	-0.04464775	0.04358076	0.00625171	-0.10137153	-0.12908787	0.03142000	0.20191755	0.09095846	-0.07255178	-0.05281170	-0.07575318	-0.13361110	-0.02922807	0.01200200	-0.00616279	-0.01180297	0.05100678	0.23116475	0.17126195	-0.00271863	0.26698816	0.10934707	0.13636965	0.04060580	0.06928361	0.11867643	0.15765786	-0.06192193	0.02797300	-0.01018937	-0.06217822	0.13018992	0.13425479	0.10923327	0.11628192	0.13774878	0.22927566	0.04052993	-0.06287731	-0.14838261	-0.18362678	-0.07998090	-0.07754782	0.03873870	-0.00651983	-0.01961203	0.26163933	0.27083991	0.19666897	0.19726829	0.16046993	0.05013912	0.16307143	-0.01273170	0.09304620	0.00022706	0.19507147	0.21152047	0.24592001	0.25703786	0.12153265	0.14709005	0.10082599	-0.03109119	0.16980153	0.08356548	0.01713447	0.04329883	0.18044838	0.10785053	0.08906049	0.16646065	0.13185655	0.11960003	0.04991145	0.26113751	0.10239963	0.23008063	0.18505974	0.19969716	0.23503198	0.24316606	0.22701132	0.22372446	0.20081332	0.20839024	0.18682724	0.16908150	0.19339587	0.07538214	0.18134807	0.00789831	0.15885027	0.06990446	0.23965281	0.17354277	0.23697857	0.14104367	0.16400110	-0.03686897	0.14529782	0.17356635	0.21720345	-0.00593607	0.12230844	0.14592741	0.14831438	0.09716960	0.03737731	0.06291591	0.00314050	0.31456540	0.19191903	0.09757008	0.19241629	0.15193117	0.01494359	0.13625540	0.05817014	0.16722224	0.18464943	0.10022404	0.23957331	0.21366754	0.17583893	0.20517765	0.22224962	0.26995082	0.11558052	0.13796390	0.17724558	0.25015140	0.16722863	0.06707517	0.11483025	0.20127804	0.16081172	0.32652186	0.13543899	0.09401918	0.22285549	0.20531586	0.04375013	0.20781501	0.15398371	0.21278310	0.15440808	0.10995978	0.04826898	0.10855889	0.03410879	0.17902188	-0.05363268	0.26059220	0.10779328	0.14664279	0.20931726	0.01099318	0.00788463	0.19340814	0.18432355	0.21413866	-0.03294660	-0.10153532	0.03209664	-0.06335384	0.02831727	0.05637927	0.05762351	0.19135850	-0.11270817	0.14307739	0.02413318	0.05510941	0.08981696	0.20802856	0.16381867	0.20948223	-0.10856343	0.13928614	0.24619190	0.01022848	0.10953211	0.18837524	0.12453874	0.24793002	0.19023934	0.24929662	0.23985910	0.19165436	0.19509624	0.03653002	0.08255321	0.27622149	0.02931892	-0.01482243	-0.05035305	0.17136316	0.18817518	0.08283362	-0.10083833	0.06201579	-0.14491442	0.10318451	-0.13207148	-0.12085362	0.05712244	0.11699799	0.13669043	0.18703493	0.09329824	-0.04897806	-0.18889088	-0.19181347	0.12168098	0.22774739	0.04309209	-0.04307564	0.11360947	0.04448242	0.00521542	0.08728678	0.06520087	0.22483715	0.80715822	0.00291620	0.00026989	0.16228403	0.07797182	0.00268862	0.17315728	-0.02798088	0.16550134	0.18623785	-0.05078683	-0.04569115	-0.12521303	-0.18289235	-0.01397656	0.02416858	-0.02239234	0.00246693	0.03833147	0.16483614	0.30634464	0.35222756	0.22586605	0.26112797	0.16789024	0.19958287	0.05999498	0.06772048	0.18703810	0.12414356	0.08965311	0.12448932	0.12253926	0.16877938	-0.06681367	-0.01054742	0.09997150	0.05623155	0.12025734	0.23122115	0.01512087	0.16931090	0.08556290	0.02072479	0.11112192	0.06818887	0.15456824	0.12009134	0.15824447	0.20105199	-0.11573922	0.02803717	0.12796080	-0.02102282	0.17181046	0.27447308	0.13418555	0.21512502	0.06469676	0.07377572	0.09564886	-0.06203742	0.11225800	0.11230550	0.03814167	-0.10934656	0.15202047	0.04016441	0.13161768	0.11647771	0.08250852	0.07435182	0.07151565	-0.01769483	0.09258579	0.09343604	0.08274172	0.01802822	0.04911881	0.01303564	0.01734031	0.06759543	0.09813230	0.03332385	0.17305641	0.11838220	0.10685055	0.10932484	0.13919373	0.05530402
17Networks_RH_DefaultB_AntTemp_1	0.04088218	0.22425724	0.20192462	0.28199879	0.19811865	0.17905375	0.22955302	0.05866060	0.05747403	0.00042038	-0.00679281	-0.10058370	0.35220267	0.18730381	0.09567594	0.17089065	0.15745602	0.12397248	0.13415659	0.10601115	-0.02861446	0.01889845	-0.09603576	0.04079200	0.12201717	0.13024735	0.13070530	0.12187549	0.02691859	0.13409043	0.01059188	0.03786215	0.13114261	0.00145273	-0.04757557	0.01335149	-0.03384360	-0.00544366	-0.03948534	0.03108947	0.02479140	-0.04280670	0.04284732	0.12900539	0.03679719	0.02176191	0.04838552	0.12717730	0.03271290	0.13253894	0.04962741	0.14029132	-0.06989494	-0.04796934	0.09775183	0.06903389	0.05961879	0.10679354	0.07486912	-0.01867856	0.20219862	0.00360817	0.18085932	-0.12084443	-0.01096318	0.10890696	-0.06379735	0.04904573	-0.25818568	-0.21497238	-0.07479580	-0.03648894	0.14319658	0.21404700	-0.00811581	0.16298481	0.10995239	-0.06003733	-0.02917214	-0.05527208	0.10088429	0.19962738	-0.03404155	0.03682953	0.10962778	0.04847632	0.14543407	-0.09871099	0.11088047	0.19049336	0.10812846	0.22645817	0.06284958	0.06437051	0.16056328	-0.02298926	-0.16448406	0.05369920	0.15434800	0.23693407	-0.04192305	-0.10924827	-0.21086555	0.09426458	0.11536607	-0.09764132	0.11816226	0.05467423	0.22452594	0.36296690	0.27682710	0.27446332	0.06536589	0.01888302	0.27253447	0.31911360	0.16027339	0.43346189	0.40693880	0.30644745	-0.08592070	0.02763350	-0.22494370	0.06624919	-0.18898108	-0.12585059	-0.02358071	-0.08394557	-0.21820900	-0.05040095	0.11663607	0.11172892	0.00367070	0.10680677	-0.08788407	0.11268053	-0.02231522	-0.27014506	0.07303846	0.03823274	0.11176591	-0.05312506	0.20179335	0.22077323	0.07817572	0.00162301	0.04084041	0.12318709	0.18021431	0.16030243	0.03137914	-0.08920092	0.04541764	0.22237019	0.35590346	0.10928682	0.06383503	0.05400702	0.19273984	0.16808250	0.16577058	0.21771328	0.19322233	0.26286175	0.01850781	0.25782714	0.32375148	0.02444044	0.26456108	0.13383217	0.02743063	0.29481967	0.03577269	0.29807826	0.15786230	0.00159783	-0.06225388	0.03646449	0.04781329	0.24357683	0.01555004	0.08217724	0.32238842	0.23846163	0.38976835	0.28942220	0.08159121	0.09926285	0.18034798	0.32153892	0.36792531	0.18813097	0.29510879	0.35107656	0.16771820	0.17534747	0.22112479	-0.13303137	-0.28686984	-0.02446629	-0.00431511	0.01890534	0.00957208	0.08772504	0.14905396	-0.06092203	0.17164527	0.13511264	-0.06973440	0.07338200	0.02361300	-0.01674218	0.21800751	0.30209270	0.05519143	0.10522927	0.15718290	0.13625983	0.07207536	0.06924576	0.08445144	0.11178623	0.11590596	0.11659395	0.13736021	0.14939402	0.10780370	0.13528843	0.18043056	0.18563310	0.01677328	-0.10793416	0.09558705	-0.04295311	0.00992343	-0.01893344	-0.01721368	0.03754094	-0.02333280	0.07683469	0.09840781	0.12425769	-0.18184566	0.06060764	0.09890770	0.03489281	0.14995725	0.08856290	0.04032672	0.11238526	0.12758923	0.11893117	0.16016758	0.11467519	0.13395005	0.19073042	0.10559899	0.13190392	0.16980156	-0.11650639	-0.03564171	-0.07758139	-0.14841047	-0.04822453	-0.05463887	-0.16074647	0.04659617	-0.06293708	0.10821862	-0.10805635	0.05565337	0.09165482	-0.18567976	0.18977147	0.11275796	0.01609006	0.16385041	0.00293437	-0.00534094	0.14138214	0.00436691	0.00477333	-0.16304576	0.02628349	0.07996694	0.13537709	0.12688864	0.04999198	0.04790648	-0.16718576	0.15423824	0.04396135	0.15289697	0.08115895	0.00161167	0.13887661	0.12505959	0.08768813	0.07198500	-0.07969957	0.02860308	0.09137923	0.10740638	-0.06861005	-0.02747319	-0.13711325	0.05333587	0.04083273	-0.08013329	-0.02220435	0.24097063	0.04960028	0.25410332	0.31025981	0.42069169	0.17808921	0.37902139	0.02809565	0.38071751	0.10641275	0.62642396	0.51632213	0.49325686	0.26123773	-0.12142644	0.05439787	-0.15354895	-0.14444241	0.19666659	0.16141909	0.09772105	0.16826916	-0.06829607	0.04152971	-0.00674261	0.09447495	0.13595192	-0.06019048	-0.04413523	-0.12172057	-0.15455988	-0.05496019	0.26629204	0.13153214	0.00485733	0.20723581	0.17662562	0.06507860	0.19038156	0.23704467	0.28299789	0.12391723	0.21558303	0.16257140	0.01480466	0.15103217	0.12631232	0.34703235	0.24398085	-0.02299377	0.11018768	0.30714682	0.23684588	0.34814078	0.16852066	0.04085407	0.26939755	0.27560874	0.15699037	0.33156690	0.29517022	0.08647877	0.14016811	0.16071934	0.00291620	1.12805017	0.29603058	0.03183008	0.18789810	0.05728393	0.23461545	0.32724068	0.28301126	0.11978385	0.19283741	0.11863077	0.26432263	0.42087687	-0.06370148	0.33983026	0.42796332	0.41134825	0.32648193	0.26573341	0.21341139	-0.16164752	-0.02508280	0.06032441	0.14930354	-0.02441056	0.40340799	0.26626872	0.29180110	0.21765081	0.07512023	0.12171657	0.03003146	0.27019798	0.16435745	0.16164339	0.10997973	0.14015424	0.02713457	0.03931312	0.14365562	0.03950428	0.52055747	0.13873227	0.40831176	0.23801787	0.09284723	0.17581580	0.04480841	0.21992425	0.22365914	0.04914501	0.04717547	0.01656325	0.00591494	0.05545226	0.03279588	0.07551691	0.21832173	-0.01646543	0.16016987	0.11020689	0.05899529	0.15783567	0.09752822	0.05739138	0.13693826	0.12372852	0.12653078	0.20647397	0.21943762	0.22998912	-0.09024105	0.00902304	0.06540854	0.23277638	0.28914177	0.17337562	-0.05567355	0.32410519	0.13063455	0.03135817	0.06219652	0.22146746	0.14077066	0.13093721	0.23007789	0.16161578	0.21896401	0.12970551
17Networks_RH_DefaultB_PFCd_1	0.34227283	0.25788032	0.19457223	0.27599113	0.33931713	0.34339301	0.38927283	0.19474289	0.31590757	0.24376875	0.17126564	0.06236117	0.34525483	0.16071580	0.26437464	0.23344556	0.05492580	0.21178416	0.20999340	0.15611105	0.13979335	0.24372488	0.22821535	0.21201044	0.23510907	0.24458598	0.14224787	-0.09166936	0.14439110	0.23022336	0.20427619	0.24929780	0.22799561	0.11934430	-0.00552995	0.11895063	-0.10341060	0.33792800	0.25163419	0.26855334	0.19413156	0.11139049	0.27900562	0.13195019	0.28677976	0.23004008	-0.02283093	0.31505762	-0.09825324	0.12081106	0.28610387	0.39096244	0.15503133	0.14306920	0.30562266	0.18915870	0.29820344	0.14202238	0.30323199	0.22797403	0.33952050	0.31760505	0.16580111	-0.04742105	0.04625250	-0.02154019	-0.06210969	0.15677063	-0.02535901	-0.08252290	0.05381513	0.09578094	0.05935312	0.13847604	0.00701098	0.22838308	-0.03293500	0.09779344	0.04583641	0.08344842	0.30488679	0.30391518	0.12694901	0.22585084	0.20310604	0.24459092	0.30920424	0.05654276	0.11538463	0.18965502	0.12119824	0.13283126	0.29112156	0.25565398	0.21740419	0.28875686	0.27122115	0.37430778	0.48944682	0.32990040	0.28789575	0.32692620	0.22020965	0.11162270	0.20727864	0.01608649	0.05857929	0.33058161	0.17413704	0.05557103	0.07429158	0.25929308	0.32585328	0.10445455	0.01561221	0.12182193	0.07888965	0.11221087	0.12688785	-0.05985941	0.05372327	-0.06067309	0.03090987	0.13957646	-0.03088919	-0.06631056	0.21671893	-0.07261345	-0.15556852	-0.00004466	0.11822067	0.18070068	0.19348362	0.20539866	0.07531219	0.30209963	0.20854977	-0.13354391	0.06526944	0.15884915	0.29654859	0.41757301	0.52623393	0.01141160	0.01842203	0.13178438	0.12450945	0.10809479	0.36553979	0.30662796	0.32766656	0.32297601	0.22317454	0.29933993	0.23124869	0.15993916	0.22567826	0.35120645	0.25960518	0.41067873	0.22395494	0.34908242	0.53985865	0.53770162	0.44896128	0.48450982	0.13886031	0.24352215	0.25966401	0.27205081	0.21369724	0.31323673	0.17155729	0.41839567	0.57870942	0.48937560	0.51254072	0.02729565	0.02081395	0.48200416	0.23413686	0.25665272	0.42674939	0.05980255	0.41470491	0.40493940	0.16113395	0.18014723	0.11847439	0.14324649	0.19308253	0.23650545	0.14411760	0.18737486	0.06578558	0.19945984	0.17288833	0.03016827	-0.12458447	0.18879776	0.23507793	0.18949409	0.25859475	0.15852986	0.07927334	0.28286258	0.32270347	0.23441826	0.15337958	0.22064916	0.18202307	0.13178643	0.16857880	0.10309332	0.11440009	0.29816319	0.07325546	0.12668258	0.10967516	0.15889138	0.25563148	0.15940701	0.31766007	0.17492262	0.37507355	0.34401333	0.10086156	0.33037678	0.22822941	0.00199897	0.24178306	0.19779747	0.20720279	0.19302154	0.07390185	0.23823145	-0.01655436	0.34546164	0.27278274	-0.07304513	0.31442426	0.19992679	0.24125106	0.05324431	0.15221947	0.10230794	0.12420983	-0.06721843	0.12232495	0.13537110	0.19288340	0.16348289	0.25865595	0.05935650	0.09035176	0.20792728	0.28762594	0.22019787	0.31700076	0.17095319	0.32880565	-0.00178270	-0.12367839	0.18788045	0.17788670	-0.05040380	0.18219696	0.07620538	0.16851535	0.05826714	0.20279745	0.01990759	0.04304897	0.03683548	0.10228976	0.06210743	0.05430469	0.04703054	0.14749661	0.22837445	0.30675146	0.21378989	-0.03138843	0.09100598	0.19648134	0.09865540	0.04490915	0.38328181	0.12504190	0.04400268	0.05984282	0.11317243	0.04556021	0.28497454	-0.07765226	0.42679838	0.19371735	0.24768065	0.42088516	0.16408554	0.10426392	0.21229060	0.22305104	0.09751696	-0.08890336	-0.14671296	0.44355360	0.39532520	-0.02950171	0.02346166	0.37883555	0.20778270	0.11515487	0.12471480	0.19597076	-0.19370346	0.21606002	0.17517414	0.15648589	0.15849840	0.20421240	0.27096865	0.22514343	0.24244310	0.02460805	-0.03127172	-0.08240376	0.04680540	-0.14622706	0.13790101	0.17706932	0.16949450	-0.09416660	0.20234071	0.03135528	0.12234049	-0.00187295	-0.04898152	0.01042922	-0.01058209	-0.04532935	0.08387180	0.36722158	0.28655658	0.05059188	-0.01163371	-0.12892274	-0.03234397	0.34512272	0.47553672	-0.03401721	0.10452405	0.27584554	0.25245501	0.02121653	0.11534777	-0.07092993	0.33639287	0.27283254	0.16544549	0.10423891	0.18268152	0.27836108	0.18122407	0.21496577	0.26738027	0.26115253	0.21110072	0.15328459	0.31872845	0.57783812	0.35259840	0.28893339	0.16136729	0.00026989	0.29603058	1.15918539	0.43177676	0.42804941	0.24927490	0.29401789	0.11784945	0.33596963	0.22500725	0.26592099	0.20252375	0.18997838	0.16703906	0.02686303	0.23057060	0.02575154	0.32542198	0.23681215	0.30909213	0.04254587	-0.15349057	0.25256025	0.15037424	0.24473721	0.07551732	0.09501656	0.21417621	0.06262710	-0.00867797	0.22804209	0.08530869	0.09118939	0.28929304	-0.05256005	-0.13119881	0.19954245	-0.08578606	0.05357623	0.11547302	-0.10159135	0.16774879	0.09287574	0.11595854	0.15700105	0.03542217	0.19250390	0.16081087	0.07096118	0.24470167	-0.02508566	-0.18499126	0.06226165	-0.11633130	0.03551436	0.04425301	0.00825800	0.19767215	0.22782700	0.19054374	0.24693474	0.15288486	0.12748162	0.29634640	0.28223368	0.11156471	0.24206177	0.23230309	0.18488841	0.25487172	0.28828571	0.29187892	0.14436854	0.10437864	0.27823293	0.27212111	0.30607217	0.18937300	0.30908356	0.29868362	0.20592949	0.29202667	0.21098652	0.43935169	0.36703498	0.29109660	0.35219152	0.43533373	0.44591457	0.41040663
17Networks_RH_DefaultB_PFCd_2	0.30416307	0.41528010	0.06093433	0.16172352	0.20541199	0.25375973	0.36234853	-0.00190461	0.33988307	-0.03649012	0.17568392	0.09146452	0.08079938	-0.05409678	0.28318910	0.11415891	-0.03492803	0.05295837	0.04690473	0.05715328	0.04763476	0.01870603	0.26058106	-0.11448354	0.09447010	0.24945477	0.05551498	-0.07109680	0.13844297	0.01493058	0.04858193	0.13058945	0.16746186	0.10102661	0.10146943	0.13856922	0.01067823	0.42908724	0.31694407	0.19439174	0.17287113	0.01511493	0.31455004	0.04237386	0.11022317	0.18718958	-0.05922145	-0.00508664	0.01092221	-0.01515035	0.12008360	0.14211660	0.01954130	-0.04848983	0.24890506	0.14051478	0.24650210	0.15062167	0.21406581	0.32337673	0.20716039	0.35268153	0.15205624	0.05902967	-0.05591795	-0.15640044	0.22366855	-0.03866645	-0.02765107	0.13567777	0.10032042	0.14191406	-0.02141161	0.07078735	-0.00999553	0.18736612	-0.04353701	0.06987209	-0.10287352	0.01781179	0.27448327	0.21465026	0.32795047	0.19251071	0.20990503	-0.01074475	-0.12863066	-0.16425619	-0.09670768	-0.06249562	-0.03620917	-0.08495870	-0.00627677	0.09852562	0.07228173	-0.10594621	0.12386759	0.18883051	0.30570691	0.32115036	0.00210700	0.14671193	0.35189691	-0.00319365	0.04332674	-0.00330470	0.19335770	0.41403328	0.14916477	0.08219000	0.12121774	0.15503253	0.34163719	0.09437314	0.15336353	0.11210266	0.16236587	0.13284503	0.12954929	-0.20689020	0.16911326	0.20153244	-0.08926802	0.23071393	0.09600072	-0.04568152	0.10263013	0.21385852	0.04067457	0.07064434	0.33156885	0.34583810	0.11787095	0.24569828	0.35094193	0.30412017	0.22059100	0.08101807	0.36238130	0.30902631	0.37438161	0.28922902	0.35985321	-0.09812254	-0.14921545	0.03570666	0.11415043	-0.02415930	0.43587404	0.57145452	0.45360546	0.38743040	0.50395461	0.32031379	0.26005851	0.34355115	0.28533927	0.33346078	0.19673665	0.22882940	0.35259761	0.32957627	0.39824785	0.41084847	0.50008307	0.21150223	0.11319451	0.27442514	0.35561885	0.25070978	0.38966261	0.11519989	0.28405681	0.19782239	0.55651253	0.70036565	0.45779720	0.14975365	0.25994242	0.19503903	0.38046906	0.43283687	0.23938094	0.17524655	0.29711023	0.29217526	0.24552807	0.37022403	0.07286568	0.22445683	0.12327532	0.14502926	0.07210609	0.10411903	-0.19563442	-0.09533768	0.10546240	0.03054793	-0.01649765	-0.02129651	0.19747986	0.13597291	0.24319040	0.19596593	0.15261386	0.41629069	0.32815354	0.23648514	0.20532762	0.04562239	0.04545414	0.17357473	0.14166936	0.00486506	0.17304724	0.02205880	-0.00808930	0.02374329	-0.16261132	0.04578531	0.13287679	0.02452931	0.18310102	0.17417054	0.32596539	0.26050274	-0.01447935	0.17561078	0.20143203	0.07503661	0.18622138	0.15939083	0.12798839	0.13323287	0.07612962	0.25819389	0.00562050	0.21166626	0.21348440	0.00920107	0.26336964	0.00788474	0.17438681	0.02111995	0.09877112	-0.00947723	0.00124537	-0.08374179	-0.02811715	-0.01703902	-0.03574114	0.02623010	0.16505294	-0.08466800	-0.10886315	0.24897592	0.29664989	0.23573392	0.12197329	0.33750480	0.34757301	-0.05343815	-0.07651705	0.05735415	0.14209542	-0.00687153	-0.00055991	0.06385888	0.03751004	-0.12242974	0.13044170	-0.00735937	0.30858203	0.16727249	-0.06343926	0.05830151	-0.03215744	-0.04691423	-0.06040099	0.03998040	0.12140672	0.25219554	0.02456535	-0.12003258	-0.15348154	-0.07292968	-0.16428357	0.26761269	-0.06139555	0.00098008	-0.13030520	0.01935236	-0.17235378	0.07798071	-0.05071534	0.17776936	0.07135128	-0.00743121	0.21076192	-0.17960592	-0.11209075	0.02660134	-0.01751839	-0.18745414	-0.02642593	0.05676186	0.30117956	0.23241448	-0.00214580	-0.18293241	0.26960875	0.07644691	-0.04431007	0.01697340	0.12057692	-0.20068709	0.13905150	0.37751145	0.14674093	0.10315931	0.03317259	0.13347887	0.11522780	0.22132005	0.26839835	-0.01901020	0.00961077	0.01640456	0.05702336	0.28128435	0.24716763	0.15975785	-0.06281525	0.23942003	0.20415612	0.21448114	0.26483437	-0.16763097	0.00563152	-0.20791591	-0.09907220	0.23962274	0.26166626	0.50449369	0.34391924	0.23601691	-0.12131958	-0.03814899	0.24358300	0.09761363	-0.19642502	-0.17111051	0.29538110	0.17004577	-0.17369808	0.02882368	-0.08842390	0.30127960	0.22204894	0.42756952	0.21674955	0.35285550	0.35984646	0.24044380	0.33879452	0.25669390	0.24969828	0.30135421	0.27933927	0.31595725	0.36546608	0.21404591	0.08309688	0.11034462	0.16228403	0.03183008	0.43177676	1.12141981	0.30308361	0.30074735	0.30867226	0.14179784	0.11961489	0.09469875	0.40657210	0.26322574	0.04240531	0.16057761	0.17990129	0.16711357	-0.15612331	0.26051332	0.08506855	0.00407956	0.00606071	-0.17920887	-0.16521224	-0.14252542	0.05531018	-0.23732073	0.17194878	0.25186894	0.06210993	0.04555326	0.14994636	0.08126003	0.18261595	0.22439523	-0.10718353	-0.07773440	0.24502317	-0.18867539	0.06538747	0.14516650	-0.16477207	0.11011054	0.15111881	0.15510756	0.11734037	0.05953383	0.22809679	0.20094863	0.16634437	0.08653053	-0.14174346	-0.12551116	-0.00472150	-0.05108334	0.05076729	0.12926377	-0.11122331	0.14270012	0.22206769	0.18032567	0.28804042	0.19685336	0.08924846	0.18517285	0.28418001	0.03776943	0.22927146	0.26436350	0.17197270	0.23076201	0.17089353	0.27715554	0.15681395	0.31618807	0.29213638	0.16587870	0.14231072	0.21598272	0.35912719	0.18979315	0.21369401	0.26130858	0.11773448	0.33665994	0.27785961	0.38408140	0.34299913	0.30707641	0.36124583	0.39016406
17Networks_RH_DefaultB_PFCd_3	0.39781591	0.35731987	0.31641085	0.32013597	0.16496289	0.25653409	0.24732661	0.10041487	0.13677625	0.18562267	0.19219562	0.04662365	0.21899737	0.20573461	0.34042632	0.23369037	0.00240708	0.13415086	0.21723300	0.12969481	0.20570523	0.22483343	0.19194189	0.33311872	0.25034858	0.27565154	0.28379906	0.02997969	0.30194841	0.22668444	0.16867587	0.20749875	0.28852665	0.15924112	0.11589713	0.19984781	0.00267768	0.30879694	0.38345553	0.35763685	0.20931822	0.00590736	0.27857607	0.05348084	0.31227698	0.22706553	0.00751374	0.25265995	0.00051347	0.23301569	0.32624771	0.33157922	0.38348421	0.35383674	0.18092438	0.19421616	0.31041253	0.11122573	0.34529295	0.24141911	0.16801169	0.34660356	0.25127487	0.14301613	0.10149872	0.01853641	0.04368944	-0.01104340	-0.11025962	0.08393040	0.11575380	0.09621073	0.20658754	0.27319630	0.26631494	0.28115343	0.00021293	0.01457069	0.11568336	-0.00319812	0.22803640	0.35476495	0.20249456	0.16516849	0.35397210	0.34572435	0.27526981	0.12419896	0.00070911	0.07033716	0.00907810	0.05904546	0.21930929	0.17948948	0.37244177	0.09269407	0.31113461	0.50214223	0.49992477	0.30889526	0.08942614	0.25246762	0.13192930	0.04849042	0.13262007	-0.16699179	-0.02772334	0.36928339	0.26401155	-0.03025737	0.09249530	0.29410264	0.47397562	0.03477436	0.05313896	0.10765106	0.11987211	0.05165799	-0.01707010	-0.04864374	0.04015184	-0.04850824	0.15757522	0.08407362	-0.05359867	0.03074121	0.31547841	0.02091812	-0.18365222	0.15980205	0.23463196	0.28844503	0.26118678	0.23168698	0.02563311	0.34652229	0.10865706	-0.10304278	0.25342614	0.14706830	0.40102105	0.31841664	0.69133207	0.07782700	0.03748100	0.05109074	0.13729952	-0.00058861	0.36603982	0.32308456	0.43999383	0.25283525	0.23788888	0.17934089	0.25249035	0.09524364	0.25379536	0.56397873	0.27343155	0.40359090	0.41913855	0.42465456	0.54778652	0.52582236	0.44124273	0.44971985	0.08219070	0.25599897	0.37350802	0.19393037	0.15107364	0.23230316	0.26410379	0.33359787	0.60874586	0.29644319	0.40270489	0.25381365	0.18943773	0.46235606	0.29698764	0.37402495	0.29480815	0.04803493	0.36542559	0.24361939	0.16366829	0.21514195	0.19112375	0.25189219	0.25456622	0.18270609	0.06931281	0.08236580	-0.04047527	0.23071228	0.09872915	0.07347565	-0.00542858	0.09858972	0.26128113	0.14825002	0.41817174	0.13700117	0.05208191	0.25175686	0.28720807	0.23400548	0.07586906	0.18069839	0.15243952	0.13819571	0.19838427	0.05089225	0.30037957	0.30770932	-0.00461560	0.02619773	0.13128249	0.26478203	0.24588807	0.23574887	0.24723455	0.34580556	0.41445321	0.33707492	0.19628947	0.22605883	0.32109891	0.13243869	0.12182869	0.18008871	0.21624271	0.14851998	0.14083990	0.25822738	-0.05587697	0.28467390	0.23861658	0.02652711	0.26221075	0.13202254	0.24624510	0.05997561	0.23163874	0.09863976	0.15880853	0.11575233	0.18633649	0.05162556	0.33618324	0.21935196	0.23604026	0.07119500	0.24447700	0.17382814	0.30129512	0.16149123	0.23593740	0.20523533	0.22903940	0.14709276	-0.01925099	0.18720568	0.13971246	-0.09085839	0.07087344	-0.02161817	0.06602630	0.02907241	0.12717872	0.09689758	0.08457076	0.12386744	0.24117720	0.15871271	0.15482577	0.02658817	0.20093224	0.16860968	0.17193618	0.40224276	0.08348051	0.13336129	0.14648558	0.03426822	-0.03831492	0.39177280	-0.07176065	-0.07205966	0.05800425	0.05235996	0.00482976	0.13303196	0.10695560	0.47287054	0.17054073	0.14265885	0.21561634	0.06352784	-0.01033170	0.31263768	0.24199682	0.04910004	0.02026231	-0.01142906	0.32274700	0.24152188	-0.04540178	-0.06294324	0.35181731	0.33029678	0.21219753	0.02954258	0.12815072	-0.12709778	0.14168845	0.33648969	0.02819297	0.18424212	0.04711183	0.19557134	0.04971459	0.28127670	0.04210242	0.08452053	-0.05506470	0.01912495	0.12197472	0.30839397	0.22291632	0.18839465	0.12162062	0.25325977	0.11741818	0.16798495	0.10787747	-0.07154875	0.08363798	0.05176818	-0.06119542	0.17792201	0.35345855	0.38657284	0.12511225	-0.04018092	0.00441429	0.07928973	0.39410364	0.56662131	0.13595319	0.17437727	0.28131686	0.39951919	0.00360294	0.10411346	-0.02905000	0.36607496	0.27281437	0.19144819	0.21728453	0.24435108	0.13922032	0.16521837	0.02237110	0.39077018	0.30069390	0.30995820	0.37638854	0.34071275	0.49522615	0.23586120	0.25929886	0.18819275	0.07797182	0.18789810	0.42804941	0.30308361	0.96048574	0.18222603	0.42406250	-0.00150727	0.25623809	0.19771245	0.36130836	0.25296818	0.25050340	0.20303372	-0.04278396	0.10900224	-0.09800178	0.13945614	0.18657962	0.28349661	0.07554257	-0.13724065	0.17074155	0.16206151	0.25877749	0.06485167	0.05662655	0.08489063	0.00782949	0.03390125	0.20976390	-0.06387723	0.07555436	0.21011722	-0.05679378	-0.09246012	0.16217984	-0.05226835	-0.01083319	0.11554487	-0.00676189	0.22341807	0.04236773	0.03381528	0.04492226	0.01366482	0.23734465	-0.00037228	0.08789427	0.06499605	-0.04496228	-0.17539128	0.02526604	0.02539150	-0.05362804	0.01448721	0.05325889	0.07998175	0.12464269	0.13958905	0.18694124	0.05216184	-0.04022590	0.08449116	0.16830335	0.00898774	0.23651373	0.13007366	0.12885241	0.17753270	0.13881941	0.14870736	0.02585672	0.01057980	0.15459962	0.13000647	0.19058768	0.10147649	0.15818874	0.14333733	-0.05278815	0.17117491	0.16772916	0.29057133	0.34989400	0.31738603	0.27732856	0.32988319	0.36078258	0.27407122
17Networks_RH_DefaultB_PFCd_4	0.19517783	0.29780215	0.04769700	0.13249388	0.16666719	0.12549472	0.26851677	-0.01145786	0.10486902	0.18164381	0.19546146	0.19912214	0.05647648	-0.00124389	0.15421237	-0.00741412	0.05776253	0.06528679	0.12149817	0.05437726	0.17453566	0.09549589	0.14345978	0.04169642	0.02259567	0.08812276	0.06850322	-0.00098672	-0.00663942	-0.02461257	-0.00265245	0.02833863	0.19129011	0.09537921	0.10727592	-0.05357050	0.03743576	0.16093640	0.17583314	0.04884018	0.07309955	0.03843915	0.12590504	0.09596004	0.12773642	0.13276158	-0.00449591	0.04658260	0.10149915	0.06293917	0.04739274	0.02186582	0.00457103	0.03586811	0.03070463	0.06231381	0.01700902	0.18344205	0.06554401	0.26576159	0.17909919	0.21896069	0.13958593	0.06031237	-0.01806019	0.07912835	0.12039585	-0.02858289	-0.10074916	-0.00916137	-0.00694759	0.06708540	0.05150953	0.08118973	-0.03667449	0.05501005	-0.07004190	0.09791056	0.10961576	0.21482959	0.17847607	0.04889329	-0.02480029	-0.10843120	-0.02208370	0.03900966	0.00828453	-0.05557217	0.03593923	-0.05089353	-0.02381463	-0.03206965	-0.02192705	-0.02104218	-0.10544324	-0.06381371	0.03756048	0.08093066	-0.00869626	-0.00630463	0.08284651	0.22165339	0.18838122	-0.04474714	-0.06481841	-0.02811505	0.17806095	0.15196377	0.20134668	0.07371346	0.01211436	0.09439593	0.22642673	-0.04886555	-0.05611507	0.03948651	0.02801568	0.12507651	0.09447421	-0.03009931	0.12345637	0.08293545	-0.13945086	0.20250432	0.04583077	-0.00123963	0.13306477	0.08085388	0.18315443	0.06165893	0.09665059	0.10723238	0.06014029	0.19297975	0.13844166	0.09248142	-0.00670469	-0.00265151	0.17212836	0.11403812	0.16554370	0.24194898	-0.00156203	0.00873265	-0.03068580	-0.05508061	0.11387505	-0.01355511	0.13865433	0.21530144	0.04940524	0.37820685	0.28412828	0.20215901	0.16507039	0.14968494	0.11782325	0.08693979	0.15609143	0.11704957	0.19923046	0.09953030	0.13288788	0.16790256	0.26551994	0.05396683	0.01935891	0.09797462	0.15693324	0.11927733	0.11071779	0.06721995	0.11746578	0.05684426	0.17659952	0.38087066	0.36010173	0.40072387	0.30115979	0.13228624	0.38920871	0.11517207	0.15101744	0.11359907	0.06853116	0.10453808	0.04061474	0.13755496	0.11297900	0.09613414	0.08772372	0.15509773	0.02064850	0.02973533	-0.06009974	-0.01778531	0.10691827	-0.05296580	-0.05194602	0.02341398	0.15093599	-0.02148368	0.19670939	0.13491895	0.09443783	0.25065553	0.20364741	0.15636330	0.14372730	0.08907479	0.23974418	0.24524153	0.09232602	0.03499580	0.10199587	0.11916701	-0.01623518	0.17867239	0.05615110	0.15209112	0.22951461	0.13123649	0.23110915	-0.01158801	0.11615814	-0.07329500	-0.00134226	-0.00162619	0.01131712	0.04955580	0.19539328	0.09465806	0.02810080	0.03757317	-0.06918173	0.05851135	0.08794554	0.06955874	0.19703545	-0.19753164	0.25701148	0.05802681	-0.03936776	0.08953834	0.05479774	-0.09654810	-0.01719625	-0.06367230	0.05449054	0.00760274	0.11173728	0.01685286	-0.00058828	-0.02992681	0.03000582	-0.01081205	-0.04040558	-0.02416011	0.11046960	0.20627557	0.25126515	0.00740102	-0.01331276	0.04387255	0.09760655	0.12183412	-0.03892300	0.11827973	-0.01200298	-0.04863900	0.14201703	0.11024394	0.11526384	-0.09561801	-0.10364132	0.03343742	-0.12599920	-0.01513980	0.08690305	0.12659710	0.04833313	0.08883887	-0.18078390	0.05349267	-0.02068564	-0.02802679	-0.22678880	0.11223380	0.06898599	0.10979255	-0.06520866	0.02194620	-0.05832168	-0.01779577	0.00042878	0.06359256	-0.09570924	0.04906595	0.02401288	-0.05071592	-0.07698510	0.07232588	0.10698178	-0.11592703	-0.03933063	0.13546446	0.29476846	0.22250570	0.14550646	-0.03817233	0.23448723	0.13529280	0.05748152	0.20576423	-0.02855827	-0.15186471	0.03629452	0.18256459	0.10188677	0.03011548	0.05973533	0.10930670	0.07656569	0.30507857	0.16872795	-0.14863486	0.05879798	0.03459615	0.02737591	0.07388975	0.03186105	-0.02901467	-0.08401833	0.05194645	0.06265651	0.20846799	0.15024339	0.00714237	0.09107734	-0.13793658	0.05126618	0.23042502	0.26015066	0.09742708	0.36546942	0.09131266	0.00943280	0.11068006	0.16063727	0.03197258	-0.05575245	0.01839348	0.16584107	0.07600805	0.05669563	0.00408548	-0.02368458	0.21439654	0.19350953	0.21683223	0.09997924	0.37046667	0.21238630	0.12072255	0.11619459	0.14926268	0.13211190	0.17821409	0.22880881	0.21954017	0.13819713	0.28647766	0.17558191	0.09172842	0.00268862	0.05728393	0.24927490	0.30074735	0.18222603	0.89624681	0.14012493	0.33284513	0.20323489	0.06064500	0.21849636	0.11723523	0.05728431	0.10109406	0.09767541	0.08400923	0.02868283	0.15683932	0.09334558	0.06864896	-0.14209314	-0.05994276	0.09017850	0.03944818	0.10617039	-0.03872060	0.02847110	0.03439033	-0.02713824	-0.08371394	0.01341220	0.06193863	-0.11667654	0.07739746	0.04033001	-0.03944396	0.04792251	-0.11911834	-0.00213043	-0.03638213	-0.22463963	-0.03599444	0.00303082	0.06935422	0.03000480	0.00624342	0.04076207	-0.06121049	-0.08441736	-0.00430719	0.08343032	0.04945154	0.10414953	0.10599880	0.01807780	-0.03194929	-0.03864329	0.01085233	0.18638274	0.11892384	0.15064228	0.17468856	0.11388930	0.15877734	0.22098026	0.01309811	0.02545041	0.17113039	0.17351102	0.13609710	0.13757286	0.21744046	0.23743467	0.33847192	0.14379197	0.11771935	0.08241216	0.18709097	0.35438379	0.13422989	0.08814912	0.14321879	0.13815252	0.26850481	0.12143023	0.17330758	0.17164790	0.22078774	0.21109567	0.24518704
17Networks_RH_DefaultB_PFCd_5	0.43397472	0.32870300	0.29737563	0.40717632	0.27129941	0.34203297	0.32973503	0.13620605	0.16307297	0.14694752	-0.01567515	0.00109902	0.23877396	0.08371794	0.34585050	0.05781730	-0.07020740	0.03354416	0.02248801	-0.06728277	-0.09900220	-0.00038980	0.05148744	0.04402613	0.12986604	0.05456868	0.17668303	-0.05763340	0.23169733	0.12140471	-0.04755175	-0.07189763	0.28233027	0.10062662	-0.03786608	0.12075202	-0.15258333	0.09972914	0.15235444	0.28681978	-0.00336885	-0.06736504	0.23713524	-0.09077189	0.16983136	0.14089305	-0.02003879	0.06332699	-0.08932495	0.00091959	0.16205246	0.19363518	0.13455476	0.17191914	0.00149117	0.01561179	0.11362678	-0.14618268	0.08111039	0.33675106	0.24007450	0.50637889	0.38334269	0.13703188	0.06737331	-0.02124820	-0.02988294	0.02392754	0.00262497	0.16191901	0.12345241	0.07545747	0.18569426	0.25094653	0.28631505	0.26408345	0.07255454	-0.09692890	-0.03111251	-0.09581900	0.06255868	0.20409410	0.09252283	0.04403367	0.20061421	0.21886117	0.18062249	0.09495563	0.01839985	0.06373152	-0.01828525	0.04192543	0.07172342	0.04776109	0.21676117	-0.00162092	0.05191641	0.33201389	0.24834040	0.24365675	0.05789219	0.20532901	0.08379374	-0.05785978	-0.01645931	-0.05813575	0.06404360	0.10941531	0.28545221	0.13763825	0.19632290	0.20240066	0.20007421	-0.09179407	0.13871960	0.19661495	0.09999018	0.16741227	0.16601770	0.16421559	-0.01116333	-0.06843238	0.11318034	0.04146079	0.05837605	0.06786968	0.23851510	0.00952042	-0.14134030	0.06523309	0.04531159	0.13803098	0.14005531	0.34536362	0.11281688	0.14690440	0.10158946	-0.06177907	0.23322850	0.12083313	0.23953180	0.20796553	0.33257532	-0.09281126	-0.04015795	-0.05623979	0.12061799	-0.07096200	0.26608355	0.19806660	0.29075149	0.09452293	0.11144992	0.08881698	0.04825777	0.06537832	0.20840970	0.46406192	0.07453517	0.06330349	0.16687622	0.17632125	0.21333698	0.25281159	0.25298174	0.14110824	0.09324076	0.01387512	0.27070081	0.12189170	0.08726553	0.10950040	0.25951537	0.21066977	0.39555743	0.27838854	0.30996545	0.13589214	0.28105674	0.30542616	0.09958113	0.25965608	0.30181495	0.22274037	0.35346436	0.21591352	0.08302691	0.17753474	0.06533263	0.06635777	0.02239950	0.15459881	0.08901728	0.09489725	-0.04982306	0.25691951	0.08011378	0.04865044	-0.06431850	0.16178773	0.33514464	0.29049711	0.28616309	0.35960239	0.25527023	0.20878644	0.39662659	0.16495060	0.05854548	0.13730150	0.07478803	0.03416867	0.15424988	0.04621142	0.30855899	0.19339551	-0.06749852	0.07745013	0.03170834	0.01057998	0.04236625	0.03030944	0.04429781	0.06255141	0.14046152	0.16307610	0.00264875	0.00647109	0.21122727	0.05889311	0.05243911	0.08818134	0.00456702	-0.10725364	0.06591274	0.11335408	-0.24664767	0.10076051	0.15719481	-0.04834370	0.08568018	0.00912187	0.25251343	0.03906509	0.06185168	-0.16113339	0.00181013	-0.03710907	0.10299971	0.00337017	0.17163419	-0.01112720	0.10938939	-0.00664185	0.04844458	-0.00717594	0.12082471	-0.04135243	0.23689360	0.32418240	0.13108697	0.07041163	-0.00225353	0.05760268	0.17295812	-0.07139115	0.06903262	0.05451926	0.08654655	0.07147344	0.09072287	0.09064920	0.10136378	0.03901217	0.10805098	0.09660156	0.08235473	-0.04781324	0.14216932	0.06932291	0.06879458	0.35933052	0.07088572	0.13666407	-0.00035953	-0.00843479	-0.06905271	0.27432974	0.03261985	-0.10562798	-0.04280530	0.01765269	-0.07343096	0.08800313	0.05948128	0.22814553	0.00598944	-0.04923103	-0.01910869	-0.01136503	-0.00358732	0.35253124	0.30001455	-0.00164007	0.02178245	0.04561776	0.31955951	0.15590765	-0.11066005	-0.10876385	0.16895580	0.12629411	0.21243320	0.10516016	0.16873017	0.01648381	0.15569455	0.18508778	0.15517828	0.00299170	0.15562006	0.12796571	0.13912289	0.28769132	0.03512194	0.04720326	-0.12548426	-0.05259793	-0.00157250	0.13584109	0.16557981	0.04579420	-0.00302077	0.07751999	0.09445437	0.15741500	0.24384000	0.05783945	0.02526623	0.05988152	-0.06743656	0.14861690	0.17287930	0.30620082	0.09295486	0.20457437	0.09808706	0.19021636	0.30457971	0.32110019	-0.17057888	0.02623838	0.05748611	0.19441477	-0.07595182	0.09152017	-0.14336802	0.21702297	0.25043455	0.08650196	0.21032544	0.11034525	0.03908008	-0.02878699	0.09385340	0.46081713	0.10216937	0.15994692	0.24607610	0.18687478	0.27158204	0.19730638	0.20454173	0.22562523	0.17315728	0.23461545	0.29401789	0.30867226	0.42406250	0.14012493	1.01880882	0.15713886	0.33874516	0.19437086	0.18888516	0.05148906	0.11173952	-0.03661553	-0.04405369	0.05222393	0.05449882	0.06280226	0.05973511	0.22034214	0.03036538	-0.09468524	0.16244152	0.10345787	0.27014325	0.14783605	0.14726820	0.06089805	0.16359284	0.18944991	0.21610445	0.02815433	0.05958287	0.16449314	-0.08867071	-0.08790924	0.10480269	-0.12822489	-0.03388130	-0.01060883	0.00198244	0.19412787	0.12269726	-0.08033381	0.15845349	0.23868769	0.23084824	0.07500886	0.01448555	0.06301481	-0.02993146	-0.13077810	-0.11723936	-0.06136491	-0.16211910	-0.15254703	0.00293895	0.02913627	0.15397419	0.00219591	0.06346710	-0.06535515	-0.00862627	0.01879070	0.05225580	-0.02328539	0.17560379	0.08769061	0.12042256	0.20702792	0.24199923	0.14398661	0.04459044	0.06345723	0.11108610	0.05173014	0.10126043	0.04729203	0.07885921	0.12590851	0.01184268	0.08680127	0.05208370	0.22498064	0.16913560	0.21930533	0.20130947	0.32907267	0.35693350	0.15206745
17Networks_RH_DefaultB_PFCv_1	0.14651733	0.24606905	0.00037856	0.23333703	0.26557241	0.30958140	0.21878785	0.05651891	0.11006503	-0.03038595	-0.05866525	-0.00286396	0.37139551	0.25252192	0.09511608	0.25975501	0.34589879	0.05132172	-0.03816047	0.18034323	-0.08878808	0.04106010	-0.11262656	-0.06664910	0.11233484	0.14378062	0.06237946	0.01662247	0.08408472	0.01436861	0.00426752	0.04228106	0.24554107	0.10570127	0.11779262	0.03519873	0.03386713	-0.02767154	-0.08540410	0.14255470	0.05109111	0.06877518	0.06902904	0.09724422	0.16120196	0.07255994	0.35765900	0.14580204	0.05973719	0.10220752	0.09520631	0.18032830	0.07080141	0.02868972	-0.05245390	-0.08091511	-0.14545423	0.08718884	-0.06140080	0.10672558	0.44230817	0.06329340	0.30945594	-0.06211805	-0.21456700	-0.02745962	-0.08025730	-0.10988720	-0.26375235	-0.23351054	-0.13118065	-0.18525063	0.08858724	0.12599956	-0.09875947	0.07618006	0.00813187	0.00765487	-0.11646585	0.00960513	0.16067808	-0.06126571	-0.12883464	-0.12127843	-0.07492620	0.10815496	0.04090050	-0.01808073	0.48617490	0.26664785	0.15430862	0.19119659	0.15485519	-0.06644010	-0.01714501	0.03576044	-0.26669112	0.03529773	-0.00271143	0.06284686	-0.05201542	0.07310312	-0.18109538	0.12362041	0.15594954	0.07810668	0.20410518	0.01708908	0.25838068	0.41587530	0.16478085	0.19871268	-0.04985370	-0.22527685	0.05181657	0.10207603	-0.10317052	0.24334866	0.32848119	0.23012263	-0.00437160	-0.07947118	-0.30832798	-0.12035478	-0.15377562	-0.14424674	-0.08937893	-0.02292730	0.08180479	-0.09596385	-0.07662906	-0.09713107	-0.00691020	0.10607403	0.02826183	-0.18069774	-0.20896943	-0.21377255	-0.04355556	-0.08546347	-0.08652025	-0.12282059	-0.15790833	0.02004106	-0.02521709	-0.18064353	0.05033892	-0.07076192	-0.04302736	0.01913185	-0.12411832	-0.05173116	0.02017756	0.13492523	0.10854654	0.01926076	-0.07748643	-0.00324602	-0.04837052	-0.08618557	0.18953071	0.21560312	0.08692552	0.22311602	-0.04050031	0.12652003	0.22189380	-0.12034910	0.14799013	0.12289855	-0.15083472	0.10746060	0.01363434	0.01341740	0.03565158	0.17594152	0.08952555	0.13097819	0.09314106	0.00475046	0.03983740	-0.18666740	0.44080386	0.27898116	0.16075427	0.20630748	-0.00959887	-0.08139419	0.41138435	0.27417414	0.25034327	0.31388854	0.31002813	0.42864347	0.29143195	0.16248371	0.06472984	-0.10694449	-0.24109317	0.12167049	0.12467336	-0.19731991	-0.08364063	0.23186523	0.19910926	-0.25985607	0.26737527	0.08072202	-0.00749176	-0.03337645	0.02556916	-0.05600803	0.27446422	0.38324829	0.24508898	0.07174206	0.30988278	-0.00798262	0.17529210	-0.00388235	0.02012538	-0.02989653	0.04045764	-0.14700344	-0.01323570	0.04312910	-0.11178507	0.02535175	-0.05235782	0.19519674	0.18997698	-0.05064601	-0.02427102	-0.12773543	0.01749523	-0.02449708	0.00270114	0.04230358	0.06984614	-0.00174368	0.08603965	0.11626965	-0.14162670	0.40977814	0.16066049	0.11699784	-0.06434204	0.07214711	0.13501791	0.03127844	0.10093698	0.07187521	0.10925011	0.05828700	0.05657209	-0.03298671	-0.13674296	-0.00136418	0.20236365	0.00753263	0.02060430	-0.11404970	-0.23263022	-0.36127361	-0.13384063	-0.10602188	0.06940785	-0.07692047	-0.04530976	-0.14160228	0.18001319	0.13828372	-0.12684568	0.01745287	-0.09981814	-0.06064914	-0.08321162	0.03316467	-0.04293246	0.15979065	0.04993579	-0.04990616	-0.17013840	0.08497677	0.09475741	0.06769423	-0.05359111	-0.01057587	0.25057045	0.37190168	0.22698154	0.27811452	0.10065475	0.19441164	0.13315545	0.06081553	0.03585759	0.02598782	0.10677249	-0.03116242	0.00940156	0.20501177	0.15103312	-0.13181569	0.00501507	-0.08523596	0.13914551	0.04166729	0.15823765	0.09901914	0.24889198	-0.03189742	0.26377993	0.59860635	0.21630770	0.12129394	0.35966090	0.02115060	0.18161615	-0.15599028	0.37358796	0.17480007	0.25041549	0.28697711	-0.04185158	-0.06060053	-0.14050384	-0.20672660	0.04556811	0.00680231	-0.01810372	-0.05467020	-0.13096491	-0.16421311	-0.10111997	0.08359070	0.19226959	-0.04970591	-0.11123470	-0.13129951	-0.16706573	0.03030858	0.09146614	-0.02974099	0.06470896	0.37169786	0.16400848	0.14388157	0.08178351	-0.04419516	0.01738606	0.03203375	0.10175610	-0.02828346	-0.02932017	0.14177944	-0.03849902	0.08013778	0.13045296	-0.04070637	-0.09009955	0.24878062	0.17547200	0.17105479	0.16770714	0.08245969	0.05443712	0.16601817	0.10498688	0.39574636	0.19872301	0.19349954	0.22624726	0.15950516	-0.02798088	0.32724068	0.11784945	0.14179784	-0.00150727	0.33284513	0.15713886	1.17658238	0.43136244	0.20733116	0.07578800	-0.07003309	0.22937321	0.24267942	0.13763832	0.19880182	0.30708643	0.37488975	0.31606835	0.22896979	0.02943639	-0.08867871	0.08521056	0.10030611	0.01816414	-0.04850108	0.40822079	0.30496748	0.08624606	0.27766814	0.11929988	0.12149908	-0.17455684	0.13538812	0.28354578	0.09709068	0.11435118	0.12479077	0.10404444	0.04278256	-0.09249150	-0.11876452	0.31616574	0.20126970	0.31010959	0.41988993	0.16675820	-0.01476500	-0.08287424	0.06681867	0.30440474	0.18115366	0.08507844	0.21534451	0.14814366	-0.10041228	-0.02276657	-0.07801058	0.26507912	0.05728417	0.18826629	0.28790812	0.07782228	0.13806136	0.22855169	0.11898453	0.09013900	0.02261106	0.23481916	0.13441613	0.25760292	0.26240924	0.20326734	0.45631464	0.04696126	0.13810300	0.22245766	0.30121185	0.08418964	0.24703817	0.25135303	-0.02498113	0.01953143	0.04507450	-0.05976043	-0.03590416	0.13785336	0.11330013	0.02465032	0.02604237
17Networks_RH_DefaultB_PFCv_2	0.27655749	0.23803001	0.13983369	0.32531598	0.35298144	0.37903169	0.35093060	0.17758712	0.30796949	0.23895588	0.10888929	0.05855856	0.32342097	0.22442713	0.23799224	0.14918284	0.06278285	0.18593473	0.09598020	0.19993405	0.02246467	0.18517623	0.05001912	0.17462795	0.31932933	0.11232465	0.14099025	0.01276594	0.20463421	0.22107309	0.08292153	0.12328802	0.27649207	0.12536394	0.05006192	0.12079694	-0.03639347	-0.01346672	0.11691169	0.33261486	0.12289507	0.04643929	0.12622554	0.04134753	0.22669504	0.21527110	0.24263085	0.32227176	-0.09456372	0.14342587	0.24292461	0.27817531	0.18818372	0.19018102	0.05533659	0.00783039	0.04204458	0.05979010	0.14018933	0.22554423	0.33544591	0.21402396	0.27916906	0.06477930	-0.04831993	-0.02094699	-0.04408868	-0.05510168	0.00187846	-0.00869548	0.07537197	0.08612274	0.16994399	0.19506671	0.09244446	0.24072858	0.10289764	0.10082607	0.11478645	0.09223731	0.14863147	0.17513075	0.03483931	0.10749582	0.21868617	0.35494498	0.35579595	0.23384627	0.41562874	0.24307898	0.25346430	0.23704687	0.32476567	0.29418399	0.34105039	0.25930220	0.09179684	0.38079453	0.30643450	0.12936896	0.21783655	0.28351732	0.09675377	0.32153372	0.37130667	0.17407921	0.26469910	0.16136341	0.28417997	0.39682337	0.16420254	0.19842608	0.11650534	-0.28777722	0.03902510	0.13930599	-0.04909157	0.23042598	0.24486791	0.22654724	0.03010944	-0.10626250	0.22449866	0.03339018	0.06073089	0.00391989	0.22935564	0.22936154	0.00961613	0.03750189	0.05496553	0.06185172	0.26762692	0.26901125	0.03175061	0.08500336	0.16965350	-0.04371526	-0.02516277	0.16005877	0.07515744	0.20093647	0.22175728	-0.00967210	0.10591242	-0.03388227	0.10589558	0.09714148	0.10625557	-0.04618934	0.01527405	0.13736934	0.04007713	-0.05592090	-0.12982410	-0.03397852	0.14654626	0.15027020	-0.02894783	0.06983094	0.04686345	0.11070104	0.16540537	0.23535382	0.05544806	0.28760628	0.16915863	-0.10995269	0.10955267	-0.00573588	0.07864202	0.18532964	0.12929481	0.18308624	0.14343659	0.16895099	0.32126612	0.11325371	0.08068369	0.24428666	0.06321338	0.07905975	0.50940163	0.40569438	0.36134676	0.47091694	0.25500791	-0.00820202	0.14122405	-0.02881105	0.00412848	0.22375006	0.11855888	0.23518531	0.27089399	0.20996969	0.19270854	0.17365879	0.02512878	0.33024696	0.18957703	-0.00722497	0.14366466	0.15679452	0.13575055	-0.02199725	0.25218059	0.17803121	0.09964940	0.14099674	0.05872384	0.04201906	0.15909373	0.12563061	0.30943502	0.20249980	0.11764976	-0.05002582	0.28652643	0.19906930	0.11941290	0.19678925	0.17312493	0.07978095	0.12837758	0.27426942	0.03324542	0.21786619	0.08757391	0.06642015	0.18861164	0.19735556	0.05173814	-0.03328251	0.12148072	0.00014433	-0.00252939	0.15856440	0.14750763	-0.03373697	0.11256408	0.18930462	0.11028934	0.22908598	0.19040212	0.10750360	0.12009522	0.08349179	0.09065360	0.05346152	0.27452871	0.20550452	0.21865238	0.12841987	0.18303966	0.07361935	0.05432583	0.04138313	0.30521396	0.08467763	0.04284160	0.10484989	0.01305459	-0.03349332	0.11483789	0.04512728	0.18240403	0.02313323	0.09677707	0.14346702	0.19062341	0.15436995	0.11049776	0.05352166	0.13706587	0.09368516	0.11439858	0.14269674	0.20890146	0.23499037	0.16650962	0.27235406	0.06528298	0.20166174	0.30246975	0.11808805	0.15070098	0.40316245	0.28913780	0.28392591	0.29195239	0.30582698	0.12778122	0.28629593	0.34390588	0.37571481	0.14584276	0.20976740	0.27599306	0.19628014	0.02268222	0.35019564	0.32034135	0.26843495	0.31663412	0.11549682	0.34520228	0.23443686	0.25492226	0.33809779	0.35850165	0.34930127	0.23549607	0.34431832	0.20963400	0.11693627	0.18456251	0.05209195	0.11020659	-0.13901767	0.32357412	0.15137171	0.20119117	0.29275470	-0.02290953	0.04527650	0.02511969	0.01619767	-0.06507164	0.21481613	0.32490036	0.12984251	0.10572515	0.17176507	0.01655148	0.17238012	0.24396625	0.22000927	0.18279426	0.18651597	0.09532958	0.15149648	0.21909929	0.14566149	0.00903439	0.36195797	0.21485377	0.46543818	0.29822700	0.38965231	-0.01641659	0.21468233	-0.08261348	0.17247627	0.08219969	-0.00516025	-0.00402416	0.00551017	0.16753343	0.06850520	0.08396683	0.04627282	-0.10157865	-0.08756896	0.05514003	0.23862857	-0.01565612	0.04357892	0.14129235	0.20879217	0.18516789	0.28171478	0.36187061	0.22340715	0.16550134	0.28301126	0.33596963	0.11961489	0.25623809	0.20323489	0.33874516	0.43136244	0.96105409	0.55681682	-0.06374454	-0.10701608	0.08982712	-0.02045509	-0.01410779	0.13718437	0.16967897	0.10511535	0.21008621	0.30862045	0.12369297	0.11158189	0.37086823	0.33060859	0.25957791	0.30943692	0.09448653	0.11752027	0.17273736	0.21376561	0.15803691	0.06470544	-0.03593763	0.20503026	0.11864788	0.05961331	0.09290571	0.04026813	0.14297670	0.14382899	-0.02895892	0.15475045	0.15039538	0.02845489	0.22830969	0.27447618	0.13321847	-0.01993963	0.08219101	0.13099429	0.10207778	-0.03984995	-0.02317213	-0.02251028	0.13293121	-0.00683942	0.05425700	0.07276520	0.14556465	-0.02777700	0.12342500	0.07397201	0.09701903	0.08721300	0.21042491	0.07623317	0.15782059	-0.03251856	0.19150953	0.16129545	0.24948231	0.12293914	0.16051042	0.08573107	0.09577858	0.09069985	0.15490796	0.13509861	0.08349796	0.14362136	0.09464611	0.17331689	0.13393786	0.14071979	0.04580258	0.00980197	0.05289363	0.18379552	0.15465170	0.03546765
17Networks_RH_DefaultB_PFCv_3	0.17425009	0.12383669	0.00203120	0.12231409	0.23595729	0.31970801	0.25529230	0.21806388	0.29603565	0.24349575	0.07570509	0.02298619	0.22603851	0.16986849	0.16355795	0.05171170	0.02285888	0.16887393	0.15516730	0.28582925	0.03454578	0.22322364	0.12142212	0.11629917	0.28989915	0.12640751	0.23053800	0.18228016	0.17554672	0.24701442	0.07407819	0.13728224	0.25419046	0.12023701	0.02128755	0.20586605	-0.00128682	-0.13179105	0.05192688	0.31620105	0.12631443	-0.03262346	0.12350365	0.01206561	0.19102472	0.27558757	0.32899417	0.28227914	-0.09437910	0.18976188	0.25517627	0.26727519	0.15899031	0.16480694	0.12238936	0.15222394	0.13124310	0.14344244	0.18431836	0.18618661	0.16137432	0.10052807	0.17225184	-0.00153054	-0.02910161	-0.02960410	0.07804677	-0.07322591	0.15991705	0.13073407	0.13410870	0.16701783	0.24164087	0.20366974	0.13688121	0.21949422	0.13538970	0.06815417	0.07789933	0.04799682	0.01439079	0.18071423	0.09150950	0.12729585	0.33913000	0.26966262	0.35209468	0.28832579	0.34296014	0.19993678	0.36044871	0.30209020	0.33774869	0.44057834	0.29398687	0.18947455	0.06619141	0.32399594	0.34719860	0.07746629	0.26365389	0.22777628	0.15471494	0.48762258	0.45011648	0.30729632	0.14698770	0.18592058	0.21311424	0.24753713	0.03903828	0.00880805	-0.04797878	-0.28556997	-0.02777205	0.03961501	-0.01245432	0.11162380	0.14085035	0.16647317	0.09869165	-0.08514903	0.38267089	0.11532447	0.23921265	0.11957467	0.25192904	0.31481039	0.06374292	0.16753646	0.10344377	0.03460662	0.32144179	0.14658704	-0.06683704	0.07212808	0.28423002	0.11042347	-0.04579657	0.17177596	-0.02297838	0.15540310	0.18180475	-0.03366668	0.10548302	-0.07900972	0.11251925	0.13430348	-0.01264890	-0.21707470	-0.09485800	0.10884144	-0.03262061	-0.27488379	-0.32584420	-0.13168000	0.11822169	0.04570271	-0.15699238	-0.09798379	-0.14808268	-0.00368818	-0.00290033	0.08708871	-0.07950541	0.21144655	0.10714890	-0.21284581	-0.07370293	-0.13418312	0.07565954	0.06984989	0.02205182	0.08858698	-0.01563120	0.00533014	0.22600981	0.04062923	0.00145697	0.18739824	0.04814954	0.06664357	0.23780477	0.29356032	0.14415343	0.32873671	0.34134808	-0.17942149	0.01407119	-0.19342597	-0.19195301	0.02695741	-0.02851913	0.13703904	0.27381648	0.18955701	0.18998109	0.28692043	0.18066244	0.27538599	0.04692885	-0.00019201	0.06293625	0.05900263	0.08537883	-0.00853840	0.08793682	0.11708510	0.06989365	0.16413203	-0.03751558	0.04921338	0.11449583	0.01055961	0.18082340	0.17598866	0.02776572	-0.03129698	0.32247386	0.27232744	0.11134461	0.24073326	0.17868480	0.16010157	0.19318406	0.38882602	0.04960151	0.26724001	0.08074473	0.02164981	0.12704269	0.20015270	0.05804848	-0.03289908	0.17291452	-0.03420018	0.02326653	0.15373270	0.05674998	0.02276216	-0.01313117	0.08884193	0.04832032	0.11697119	0.23666962	0.20174364	0.17644406	0.11179748	0.05284705	0.07037555	0.23165442	0.28103394	0.23780923	0.14789993	0.18151125	0.20266566	0.09957181	0.12796632	0.15907389	-0.02643702	-0.12904968	0.12717592	0.08592361	-0.04437158	0.12470509	0.08335268	0.17353170	0.10974113	0.10851809	0.23718007	0.10749245	0.07520868	0.18026424	0.19039586	0.13160590	0.16969327	0.08657836	0.18485153	0.16611185	0.12411839	0.00310581	0.30725810	0.18075470	0.19241024	0.28950285	0.11346320	0.21992810	0.45652654	0.22955534	0.36814924	0.29000814	0.35228956	0.19485047	0.39668426	0.57323095	0.39534122	0.22907064	0.12295487	0.23601678	0.19654188	-0.01985032	0.23114439	0.28360786	0.27397785	0.46916083	0.27034796	0.27791381	0.18288427	0.42634756	0.57618325	0.38997796	0.59393183	0.10455206	0.13097772	0.08315774	0.09175666	-0.01118804	-0.00376938	-0.01928652	-0.18521628	0.27661468	-0.00448187	0.12448470	0.13551546	0.03722081	0.09687630	0.20237576	0.14035114	-0.06933093	0.30993659	0.46357449	0.31125560	0.30121886	0.34012540	0.04399535	0.06369481	0.16506661	0.33473345	0.30553140	0.27260756	0.25731106	0.27166221	0.27832942	0.13965170	0.04578540	0.25192707	0.18578112	0.49283226	0.16466537	0.35473876	0.01328477	0.29833120	-0.28939202	0.16805422	0.18080134	-0.12347593	0.10414783	-0.19231593	0.07148538	0.05598822	0.02074135	-0.12934643	-0.25722733	-0.27917510	0.05130355	0.24861566	-0.13861071	-0.15033052	0.05194591	0.01890540	0.00136958	0.22521375	0.29193663	0.15792758	0.18623785	0.11978385	0.22500725	0.09469875	0.19771245	0.06064500	0.19437086	0.20733116	0.55681682	0.96818008	-0.28299640	-0.24792195	-0.00218573	-0.18508616	0.04105194	-0.01394105	0.07558710	-0.13501994	0.04228516	0.21519824	0.15897435	0.27179415	0.33864216	0.31522045	0.16516504	0.37891348	-0.04277050	0.04536148	0.14269605	0.15233755	0.14098137	0.15641572	0.10440137	0.14404915	0.11863950	0.16169679	0.13236025	0.10760825	0.28060795	0.32909050	-0.01559865	0.16337495	-0.00976708	-0.03731765	0.17626558	0.12866611	0.15271926	0.15701937	0.23949551	0.12511716	0.06534125	-0.08593870	0.03220259	0.04028453	0.31622370	0.22604414	0.12835039	0.17447564	0.06919463	-0.02218734	0.07854534	-0.01454272	0.07806000	-0.01916068	0.16655942	0.11993818	0.09054075	-0.09914627	0.10010122	0.08772113	0.04924209	0.02157388	0.09054620	0.05207938	0.03171577	0.03161482	0.14146169	0.08091239	0.08640438	0.02216531	0.02489380	0.13883650	0.06985007	0.03305518	-0.06767566	-0.07030396	-0.13653511	0.04886462	0.01152932	-0.07673368
17Networks_RH_DefaultC_IPL_1	0.27483685	0.37934316	0.33992180	0.36320219	0.15555654	0.04965903	0.26737844	-0.17185341	0.03990125	0.01562606	0.16397781	0.13615869	0.10685774	0.07394841	0.31564701	0.22748162	0.13024464	0.09118413	0.17273009	-0.04331210	0.26290516	0.00154972	0.05791137	0.19431928	-0.04590367	0.19348510	0.02591941	-0.06133650	0.11522402	-0.10077539	0.03645263	0.02183236	0.14224702	0.13240168	0.16458039	0.00515268	0.00869714	0.37268132	0.27540270	0.02500704	0.09350241	0.04871413	0.11998101	0.02624804	0.01506110	0.11410556	-0.23592762	-0.17307072	0.06685645	-0.00663643	-0.09689866	-0.09123757	-0.00982796	-0.02145211	0.01287813	0.03180399	0.07190386	0.11559639	0.07637295	0.15224650	0.12166428	0.31830271	0.22728414	0.12254319	0.07847364	-0.03677691	0.16924488	0.06456738	-0.31774600	-0.12698413	-0.01946411	0.03180644	-0.02248829	0.09514927	0.11527550	0.15489672	-0.09971915	-0.03755375	-0.01592887	0.01538993	0.19733428	0.26492772	0.23486929	0.08793781	0.02198856	-0.03247762	-0.11454828	-0.25313813	-0.26949372	-0.20096244	-0.39740072	-0.31229672	-0.15141895	-0.26851888	0.02507618	-0.17074424	0.11447221	0.07119237	0.08590344	0.18077148	-0.14590594	-0.01559981	0.07914394	-0.17358852	-0.29250239	-0.31154348	0.05982524	0.22627294	0.09386806	0.00394851	0.13656088	0.29016136	0.41058110	0.12554058	0.10405919	0.07294995	0.20455951	0.11332570	0.01019088	-0.21424719	0.00244392	0.23654483	-0.29383729	0.12724876	-0.17632226	-0.15235935	0.08751694	-0.15376840	-0.16149626	-0.05744571	0.24483794	0.28438982	-0.09226505	0.14561711	0.16962723	0.34537811	-0.09044098	-0.18194419	0.45539831	0.04416509	0.32581966	0.09741733	0.29097882	0.22709438	0.01523832	0.35489368	0.13363560	-0.01607153	0.48151168	0.70608894	0.63724816	0.28885055	0.54301898	0.71858481	0.78327793	0.46022015	0.16516167	0.37001534	0.60365025	0.66320776	0.63502667	0.46178501	0.33723293	0.30693083	0.53778622	0.19884378	0.15233438	0.31461874	0.43791246	0.40294710	0.19981361	0.10402469	0.30971736	0.31472989	0.51732957	0.48952614	0.20963129	0.15810584	0.22281737	0.24371968	0.29521621	0.34267983	0.17339157	0.03170223	0.33975756	0.16920459	-0.08479256	0.62518215	0.32258551	0.68619732	0.66237586	0.22921041	0.20661470	0.04050457	-0.24191106	-0.10884486	0.11221824	-0.25777398	-0.23090324	-0.15236715	0.26699863	0.10942569	0.42082703	0.10083332	0.15335110	0.34992617	0.29674981	0.17245932	0.05048186	0.02691622	0.24603867	0.18205108	0.15364684	0.15681415	0.14448167	0.13925841	-0.02135604	0.25280635	-0.04141675	0.06615411	0.28614284	0.13785346	0.21843108	0.10192824	0.16747023	0.00123357	0.08088042	-0.02337909	0.24740014	0.13212564	-0.00469233	-0.07160002	0.17319002	0.09229836	-0.04963565	0.22073889	-0.00258951	0.14673442	0.09997298	0.00849730	0.25553382	0.05781980	0.11838002	0.00034330	-0.08333733	-0.18919052	-0.08502527	-0.16140940	-0.04980165	-0.08431919	-0.09898856	-0.15495844	-0.05457312	-0.16693680	-0.10521363	0.06520800	0.08919443	0.01798729	0.12666530	0.32514330	0.41404537	-0.06397837	-0.03149965	0.31838282	0.08905719	-0.13024859	-0.03042113	-0.08115351	0.02292366	-0.34696265	0.03284742	0.06921725	-0.06421852	-0.00517144	0.03230497	0.02680413	0.02384328	-0.10905338	0.05817198	0.04086395	0.10718282	0.07505635	-0.18207509	-0.19006181	-0.25067600	-0.15117072	-0.29043082	-0.14013982	-0.20954962	-0.30730810	-0.20687809	-0.28135516	-0.26439494	-0.25949201	-0.39499915	0.01904582	-0.01653525	0.05295604	0.10669809	-0.12828917	-0.13080059	0.03884739	0.01099789	-0.31591514	-0.31693152	-0.22502284	0.02913689	0.22748343	-0.26281007	-0.59303206	0.03092588	-0.27151825	0.10230881	0.07716281	0.24284640	-0.04798984	0.24371889	0.48624131	0.14522420	0.11071461	0.04301989	0.23101362	0.03187043	0.26352240	0.17701894	0.02653199	-0.21707704	-0.15538153	0.37168038	0.15296539	-0.09015911	0.05233065	-0.25956305	-0.02746289	0.08086137	0.14957815	0.15285890	-0.34427789	-0.12961097	-0.34464799	-0.29271356	-0.01069851	0.16493126	0.39481550	0.20252842	0.09668005	-0.03620822	-0.28975454	0.20398771	0.05489868	0.23910521	-0.01704075	0.85908626	0.38490093	-0.04787136	0.30505297	0.00728553	0.48073958	0.36991125	0.39034603	0.40462628	0.59912746	0.68018760	0.74481008	0.29549672	0.10080561	0.63350322	0.57440249	0.24900557	0.36620157	0.47768762	0.10795271	-0.07081980	0.12467250	-0.05078683	0.19283741	0.26592099	0.40657210	0.36130836	0.21849636	0.18888516	0.07578800	-0.06374454	-0.28299640	1.12806925	0.73124677	0.43240833	0.71748720	0.02568483	0.31049692	-0.07865218	0.49956207	0.29465499	0.10409640	-0.04577223	-0.34845029	-0.21721318	-0.21783830	0.12210766	-0.39818484	0.20260369	0.18965484	0.00405286	-0.06555022	0.10748111	-0.07758279	-0.11861991	0.09167018	-0.15876359	-0.16354838	0.09745264	-0.13091139	-0.11883388	-0.14830544	-0.13625195	0.01088428	0.24689257	0.22592779	0.02104096	-0.06441257	0.10589412	-0.06404881	-0.08748166	-0.09126902	-0.09587748	-0.08589051	-0.07301246	0.02404290	-0.17110371	-0.16174935	-0.27289328	-0.08095779	0.24756705	0.17850369	0.23931236	0.14755813	-0.03253466	0.19884272	0.14815311	-0.02733469	0.28100510	0.32888692	0.23111718	0.29157457	0.30953989	0.31758986	0.15981840	0.14341179	0.27689739	0.28482284	0.22225668	0.18209740	0.22276239	0.29344630	0.04903127	0.21500785	0.18316863	0.46098780	0.45091191	0.45651528	0.51526929	0.44581572	0.42212890	0.45656454
17Networks_RH_DefaultC_IPL_2	0.17608983	0.18500732	0.29086349	0.27477388	0.09106905	-0.08180247	0.23392803	-0.17829473	0.00389275	0.00125924	0.17551290	0.07417654	-0.06829476	-0.05504311	0.26362978	0.09834645	0.05694995	0.17626764	0.16561257	-0.05455365	0.24936792	-0.02700771	0.14567132	0.24335207	-0.02196949	0.16682940	0.04766807	-0.06936183	0.15982009	-0.06628728	0.08963825	0.07232145	0.15889893	0.19629081	0.21823864	0.09442844	0.10541158	0.30081283	0.33658582	0.04641626	0.21573251	0.17035662	0.17239305	-0.09293942	-0.12258427	0.04422467	-0.28582259	-0.21170137	0.00134965	-0.04678349	-0.12793134	-0.10638641	-0.13473805	-0.07991770	0.09272736	0.03740850	0.11728592	0.07071711	0.18140754	0.16141117	0.04783024	0.25139849	0.10891537	-0.01434274	0.28037405	-0.02495826	0.27981979	0.11361608	-0.04131338	0.04460061	0.14451304	0.23340045	-0.06820091	0.11914086	0.16892868	0.15027336	-0.01502092	0.14262089	0.19747835	0.18968731	0.03515152	0.26736603	0.37274978	0.21955142	0.09080723	-0.12851483	-0.11299584	-0.17543436	-0.29916904	-0.21324962	-0.40338190	-0.31737081	-0.20942179	-0.30583212	0.03990003	-0.06387905	0.20274612	-0.00319293	0.08101224	0.15856091	-0.06673164	0.08002575	0.09393638	-0.15733273	-0.27328925	-0.30594858	0.02338551	0.19500282	0.00663421	-0.02225063	0.09439598	0.20496583	0.42419413	0.11884997	0.05319386	-0.00103267	0.14807876	0.04159555	0.00717582	-0.17435194	-0.06485837	0.37901670	-0.19740787	0.25393456	-0.07066520	0.10524779	0.11333310	-0.19440276	-0.12446643	-0.09443342	0.26296652	0.23946778	-0.11275273	0.05913611	0.02490979	0.35840088	-0.07604256	-0.02476767	0.48053587	0.03647198	0.27545682	0.12675032	0.16152143	0.43319757	0.26121846	0.57225231	0.17694678	0.06790745	0.33983609	0.52220463	0.66727082	0.19554512	0.44570082	0.61657725	0.71092833	0.48944395	0.18886410	0.28379025	0.75740767	0.73170437	0.50612392	0.36778982	0.26389613	0.21741827	0.43835735	0.14068029	0.09757789	0.25656613	0.28731990	0.30570557	0.18774380	0.12891810	0.21460969	0.30704906	0.35283122	0.35324070	0.15337095	-0.01895815	0.16844534	0.15270001	0.24186319	0.35596824	0.02461472	-0.15697785	0.15498262	0.01473390	-0.08032649	0.59698413	0.22392109	0.52187449	0.56178128	0.21658172	0.19592546	0.03586129	-0.23929221	-0.12730661	-0.00235545	-0.22878945	-0.17138622	-0.20732741	0.19372233	0.17140956	0.35336073	0.07094241	0.08741106	0.38847505	0.26681426	0.13112167	0.09548505	0.00835010	0.26006532	0.16052860	0.03237368	0.09808936	0.05253884	0.13096573	-0.02851631	0.24996291	-0.02979871	0.02384005	0.29894832	0.14931319	0.22960704	0.17895812	0.17090934	-0.00798064	0.18308926	-0.02080908	0.32122084	0.11763286	0.10726838	0.17872098	0.32794358	0.12932915	0.11216003	0.20846785	0.17317689	0.24212793	0.16407009	0.02284050	0.19800858	0.06790805	0.20321111	-0.08668721	-0.13379001	-0.25946556	-0.07540731	-0.25360020	-0.08152117	-0.14979846	-0.16416073	-0.19449330	-0.11312633	-0.15412601	-0.12002539	-0.03354335	0.12622881	0.05386282	0.16880171	0.26855665	0.38230932	0.06390072	0.04433302	0.51659698	0.18830439	0.10739363	0.10843663	0.05210139	0.17937274	-0.04228118	0.14998160	0.19275928	0.00110342	0.02437121	0.14088352	0.23945224	0.10873313	0.12404268	0.19973906	0.14280270	0.12823990	0.18781074	0.06488115	-0.15322416	-0.26896182	-0.13810418	-0.22209477	-0.13138054	-0.18996143	-0.25233069	-0.15645341	-0.32389712	-0.34810805	-0.24325359	-0.39689364	-0.01804708	-0.02644860	0.14905357	0.04831072	0.05142626	-0.15406107	-0.00550706	-0.04717782	-0.18917341	-0.27491380	-0.15831783	0.03529160	0.30233711	-0.16866011	-0.46709619	-0.00042319	-0.16483378	0.08235782	-0.03042465	0.19356386	-0.09587215	0.13041678	0.43123117	0.08868326	0.07014469	0.00554433	0.11799805	0.00703376	0.12646943	0.28038941	0.17894311	-0.02037848	0.12588931	0.43152028	0.11204132	-0.14685061	0.22475836	-0.18717722	0.15409458	0.07664407	0.07915648	0.08985847	-0.15987146	0.02120740	-0.18583873	0.04443589	0.01540788	0.09279897	0.40848437	0.11560918	0.03252260	-0.02909670	-0.22146874	0.19504182	-0.00180155	0.48808660	0.24433055	0.92662874	0.52039973	0.28425812	0.33256038	0.12552633	0.33994470	0.31332176	0.35625537	0.34863883	0.53669152	0.63204512	0.78901544	0.40674532	0.08719701	0.66823850	0.46899497	0.14975351	0.26282047	0.36502608	-0.01803800	-0.14124611	0.20479721	-0.04569115	0.11863077	0.20252375	0.26322574	0.25296818	0.11723523	0.05148906	-0.07003309	-0.10701608	-0.24792195	0.73124677	1.14824057	0.41098675	0.73948709	0.08521391	0.33556992	-0.10261746	0.49912272	0.34066813	0.12619911	-0.04018766	-0.25767880	-0.24402950	-0.24947107	0.13496459	-0.27463140	0.03364343	0.13079789	-0.01185983	-0.13607293	0.09506199	-0.06191666	-0.04530850	0.00277371	-0.11290321	-0.08391991	0.15645181	-0.14740356	-0.14296968	-0.18506840	-0.11968351	0.02803760	0.15425459	0.23547169	-0.04374111	-0.12245764	0.02256170	-0.04598515	-0.04753704	-0.05408208	-0.03816769	-0.04803768	-0.08652980	-0.05519417	-0.17334868	-0.16261289	-0.26375158	-0.00411202	0.22155673	0.18954871	0.19597631	0.09535482	-0.07270896	0.23001840	0.02945584	-0.03304915	0.27263203	0.30590546	0.14979698	0.22227790	0.30721128	0.23410535	0.18872992	0.04168024	0.37532190	0.32816956	0.20809608	0.07609264	0.22479617	0.25833971	0.05500884	0.20102263	0.28337827	0.45508040	0.46252349	0.45878685	0.50563918	0.38494661	0.30110148	0.41646964
17Networks_RH_DefaultC_Rsp_1	0.24278053	0.30939514	0.26235983	0.29378369	0.25110401	0.22653567	0.20372897	-0.00396756	0.02350422	0.09394086	-0.05308743	-0.01296852	0.48234391	0.31135797	0.34869901	0.38668303	0.31754263	0.17038317	0.26888045	0.23891683	0.18612172	0.18561163	-0.06656160	0.30446969	0.14209612	0.10714201	0.11356884	0.04239173	0.16200769	0.06336148	0.05766091	0.12692290	0.20778022	0.13869386	0.08389415	0.13463848	-0.00205513	0.05981014	0.14726096	0.20032853	0.14396024	0.07277592	0.10821959	-0.04192676	0.19744675	0.19103658	0.09383583	0.05958878	0.01835303	0.24826228	0.10704883	0.11733805	0.18243975	0.08208674	-0.11973824	-0.10548109	-0.06545601	0.03807569	-0.00464929	0.23460689	0.26984649	0.33547616	0.35693927	-0.04852411	0.01378398	0.01946838	0.08176117	0.15434425	-0.20252575	-0.11555053	-0.03850694	-0.00083101	0.15629508	0.16314895	0.19307226	0.13001974	0.05599963	-0.01817904	0.03251456	-0.02507398	-0.01424716	0.34217678	0.12800314	0.19602767	0.22552583	0.26312612	0.22451077	0.06482969	0.11255527	0.19836137	-0.03770526	-0.01065813	0.04797474	-0.02319419	0.07876784	-0.00121583	0.02454876	0.26790012	0.20980503	0.16829067	-0.03042267	-0.00385164	-0.10558400	0.01019470	0.06309791	-0.17956046	-0.01474558	0.27044514	0.13510934	0.09589854	0.10564631	0.20703120	0.20926270	-0.06454014	0.08091787	-0.02980108	0.06372733	0.05809110	0.11085070	0.16243435	0.00533589	0.15724324	-0.18853549	0.11565410	-0.12800067	-0.06791820	0.21803133	-0.07044390	-0.09461906	0.02441356	0.26924695	0.25722839	0.11905642	0.11997854	0.12142615	0.17261884	-0.07508544	-0.24009148	0.27048455	0.04816345	0.12646764	0.00266826	0.19107677	0.35782208	0.14676154	0.24121302	0.16756735	0.08770846	0.23710853	0.33462899	0.34182053	0.18901989	0.22360533	0.44079353	0.52316739	0.26390526	0.08332186	0.33089858	0.45719242	0.45356549	0.47578032	0.44878052	0.25469370	0.33303292	0.24686044	0.29412441	0.21397774	0.04329857	0.26752731	0.34519815	0.17476934	0.17348574	0.13367551	0.28772398	0.29511888	0.15948825	0.11601642	0.01590914	0.04456862	0.29234788	0.04993545	0.14980701	0.23173587	0.08636611	0.27300261	0.18896020	0.03673720	0.36762301	0.67876706	0.71372065	0.73893725	0.35075297	0.42120032	0.39326103	0.13418780	0.28735024	0.22977718	-0.02148379	-0.20136482	0.09182524	0.19305418	0.22979650	0.26787125	0.25501868	0.26331410	0.13414398	0.40171175	0.10452443	-0.03070574	0.08868076	0.05278167	-0.00748687	0.29202359	0.32856669	0.21422157	0.26499043	0.17660531	0.16279589	0.26020417	0.21062540	0.24856030	0.20408629	0.17150381	0.08236219	0.01964882	0.10732063	0.03357421	0.07444189	0.18779013	0.13244759	0.00945549	-0.03612502	0.13722237	-0.00951978	0.08306376	0.06815816	-0.05209670	0.14817335	-0.00220978	0.04470524	0.10939317	-0.00930052	0.02399423	0.18313741	0.20247301	0.07581608	-0.06830020	0.09916841	0.29856070	-0.07517584	0.17193147	0.01431540	0.03829337	0.17648069	0.22802284	0.01087317	-0.10101960	0.03472573	0.25777038	0.14324752	0.02707255	-0.06746837	-0.13547380	0.09813375	0.00146232	-0.11632916	0.13438617	-0.12469520	0.03544530	-0.16496912	0.13679820	0.14752480	-0.13999175	0.02544894	0.11433457	0.05335213	0.08081900	0.02904678	0.10990435	0.15725855	0.09887719	0.10412328	-0.07643900	0.00012431	0.07921116	0.05575735	-0.04966913	-0.05853638	-0.05739128	-0.03151056	0.18172131	0.02779450	-0.04716683	0.04209292	-0.03989268	0.21000667	0.10427599	0.16630622	0.10326673	0.05430274	-0.03717456	0.21105280	0.20655786	-0.09696372	-0.16732372	-0.19879254	0.10047524	0.12354997	-0.05983402	-0.21347482	0.12610863	0.00474123	0.09908836	0.18967729	0.16962944	-0.00213403	0.24796732	0.24615660	0.08669285	-0.07601904	0.19072506	0.09075262	0.10531131	0.14192091	0.00731618	0.08363574	-0.21351462	-0.14372136	0.23090866	0.12417374	-0.10835117	0.15806133	-0.11386111	-0.07001753	0.04551429	-0.02585682	0.13049332	-0.20536397	-0.08272517	-0.05078303	-0.17117391	-0.01558775	0.11201409	0.15583090	0.00147574	0.12181432	0.06854232	-0.09787866	0.12504304	0.03643920	0.37494280	0.17470724	0.50999807	0.39179448	0.03064228	0.29260401	0.13291174	0.19738674	0.17456050	0.15233573	0.17663253	0.30174706	0.39819203	0.50717323	0.19688748	0.13503204	0.42214609	0.42812433	0.13602498	0.34048932	0.32389388	0.14250825	0.01341181	0.11199131	-0.12521303	0.26432263	0.18997838	0.04240531	0.25050340	0.05728431	0.11173952	0.22937321	0.08982712	-0.00218573	0.43240833	0.41098675	1.13164150	0.72888485	0.26749695	0.35262345	0.10701170	0.34188343	0.21554641	0.25886148	-0.02741904	-0.25683520	-0.06976366	0.03429123	0.07682626	-0.14734545	0.19767014	0.36762074	0.05084994	0.08456483	0.39442729	0.11514263	0.10227734	0.14044884	0.07908459	-0.04305571	0.04621696	-0.01554012	0.09895938	0.05547051	-0.03762002	0.13302887	0.21979096	0.26621475	0.11981908	0.16402887	0.24150593	0.09341302	-0.00020337	0.00876762	0.06984657	0.09705500	-0.09328188	-0.00102122	0.02878277	-0.10280551	-0.11851945	-0.03652125	0.27537172	0.15295556	0.10622454	0.10518826	-0.01836798	0.11123104	0.07404736	0.06394818	0.19505874	0.14796870	0.21347951	0.16768577	0.23861131	0.21297511	0.15079761	0.16151038	0.24957441	0.18496229	0.19711751	0.10113771	0.03740230	0.19278981	0.00501052	0.02053979	0.27917726	0.26444108	0.28980065	0.33011596	0.33811095	0.27685626	0.21747337	0.22797610
17Networks_RH_DefaultC_Rsp_2	0.01022409	0.33013563	0.19645483	0.27281213	0.08324245	-0.07819058	0.15688592	-0.22178988	-0.06069462	-0.11844707	0.09025231	0.05010048	0.31493636	0.11294910	0.18938765	0.36190815	0.23180185	0.13255507	0.20490451	0.07693132	0.21640883	0.06344130	-0.04272586	0.20930502	0.04980276	0.19941159	0.10496074	0.04013501	0.12147068	0.02774063	0.09161142	0.14428672	0.20719552	0.17204093	0.21234467	0.11816255	0.13392106	0.14336248	0.10282544	0.04434450	0.18963600	0.16769943	0.09853847	0.03727298	-0.02897737	0.09336338	-0.06158242	-0.08403096	0.08326583	0.18003546	-0.01582140	-0.01788719	0.02093392	-0.04433177	0.03840116	0.03015326	-0.00768605	0.21182906	0.05005205	0.14388304	0.17296723	0.13058332	0.17569209	-0.16501550	0.06213267	-0.01902573	0.17045267	0.04299083	-0.35993602	-0.31617035	-0.07034284	0.01132906	-0.00299186	0.17977054	0.02192115	0.17826950	-0.09292990	0.04177894	0.02328832	0.05489875	0.00275717	0.19691352	0.19574766	0.20666476	0.07121146	-0.00506402	-0.10364372	-0.22626341	-0.10602775	-0.03229376	-0.32355573	-0.21566615	-0.08791358	-0.28557870	0.01466801	-0.10459822	-0.01487023	0.04004871	0.06035029	0.26439560	-0.21844738	-0.10482534	-0.17377941	-0.01750761	-0.19419003	-0.34217198	-0.02265084	0.20596330	-0.01476843	0.11318814	0.02005314	0.20891904	0.22874837	0.01418013	0.10973934	-0.00883655	0.11938457	0.11557410	0.12413784	-0.06794243	-0.15851975	0.26063445	-0.48664151	0.04491831	-0.37877477	-0.20302894	-0.04585377	-0.32369439	-0.17582557	-0.16405740	0.21611303	0.17776277	-0.07144507	-0.08561721	-0.01531766	0.21431835	-0.33503298	-0.35945634	0.34326058	-0.18064978	0.05066541	-0.17675389	0.08296432	0.64112684	0.20519088	0.42821577	0.19511589	0.13812272	0.26755504	0.47205122	0.50542052	0.01277165	0.29188697	0.78104106	0.91631925	0.44030322	0.02455808	0.25959762	0.67921845	0.67794454	0.59925859	0.51494680	0.22818060	0.31936123	0.19609261	0.26047283	0.20298511	0.12657146	0.28882134	0.45007175	0.04979695	0.09632863	0.16676759	0.26283054	0.27981876	0.21766208	-0.04293442	0.05259848	0.05629721	0.07395201	0.15075028	0.07596976	0.13579637	-0.04064294	0.18926604	0.06722240	-0.16948070	0.51356545	0.57839183	0.92681189	0.98286893	0.28835284	0.45011371	0.27334204	-0.05095173	0.02587589	0.09544319	-0.30534321	-0.41266558	-0.16601325	0.14928064	0.03600648	0.24045182	0.03116430	0.02340375	0.17254406	0.24998541	0.13039880	-0.02515403	-0.06426755	0.19916691	0.10090738	0.24153866	0.39228555	0.10932823	0.14510453	0.22428074	0.22761367	0.10827138	0.14497281	0.25374739	0.14292950	0.16003486	0.18527769	0.14542412	0.08116830	0.12073159	0.11029894	0.25434825	0.30399558	0.04519757	-0.05883699	0.26134216	0.00532504	0.08397115	0.10179473	0.08187635	0.17551169	0.02604617	0.18864417	0.08261879	-0.00462760	-0.03475986	0.08215755	0.03097019	-0.05059054	-0.01797547	-0.08355867	0.07081070	-0.00580751	0.00507658	-0.08219197	-0.00771998	0.01838631	0.06532222	0.09775862	0.01031876	0.13417455	0.14113412	0.08696538	0.28010468	-0.16702538	-0.11958071	0.16708857	-0.10508616	-0.12978611	0.03729879	-0.11737440	0.02084310	-0.33566975	0.11907835	0.09069972	-0.32353111	0.14977547	0.16005132	0.00120026	0.12891557	0.04690051	0.07942968	0.13931371	0.04775481	0.01339498	-0.15961279	-0.17247792	-0.10715468	0.00107127	-0.15134283	-0.28253343	-0.04388297	-0.13951916	0.01463724	-0.20865211	-0.16627148	-0.12471323	-0.29269722	0.04851828	-0.03546746	0.16732828	0.15130049	-0.00735354	-0.07759797	0.07675098	0.01182088	-0.25543632	-0.34763015	-0.30944362	-0.08412626	0.19478901	-0.12884435	-0.37324357	0.12247673	-0.16359960	0.08555712	0.18938648	0.20687693	-0.03403134	0.24969787	0.35270944	0.17126972	0.01725756	0.29955643	0.22805056	0.12676467	0.19706982	0.09001426	0.05791514	-0.22242510	-0.23054536	0.54985189	0.08887523	-0.11237153	0.22619451	-0.25790282	-0.00048094	0.10613898	-0.04714199	0.07687021	-0.30822473	-0.15160385	-0.25136753	-0.21660877	-0.03106792	0.12663645	0.22683231	0.03996281	0.13933963	-0.00050305	-0.27476914	0.03930861	0.00106426	0.71582908	0.32206742	0.95218796	0.55664986	0.15901895	0.46921037	0.22229212	0.36091895	0.29848725	0.19396461	0.31468439	0.66743829	0.82911042	1.03712753	0.43017702	0.05229854	0.75178963	0.60428825	0.17647630	0.44816489	0.45352612	-0.03245653	-0.05919783	0.15561926	-0.18289235	0.42087687	0.16703906	0.16057761	0.20303372	0.10109406	-0.03661553	0.24267942	-0.02045509	-0.18508616	0.71748720	0.73948709	0.72888485	1.42673122	0.13450932	0.49441780	-0.00171035	0.70595056	0.52427578	0.24134138	0.06872973	-0.31241736	-0.20485953	-0.14006742	0.05093974	-0.35546449	0.32258790	0.41123323	0.01189891	0.00361792	0.16466261	0.05692325	-0.03128143	0.14985711	0.06356076	-0.00003983	0.11318167	0.01383826	-0.06350829	-0.06449477	-0.12956446	-0.06925287	0.37053924	0.42484272	0.06542982	0.03802434	0.13196204	0.02625214	0.00632343	0.04140713	0.01128574	0.08656372	-0.05945547	0.02681041	-0.06770843	-0.13674420	-0.26951595	0.01325898	0.29856704	0.17181578	0.28439900	0.25612844	-0.04503616	0.21632007	0.16665590	0.08343931	0.14988588	0.29593241	0.15649501	0.20483968	0.23625913	0.26866482	0.03528243	0.14413601	0.32142638	0.40603151	0.35982451	0.16510670	0.10175773	0.39028878	0.09739461	0.11198437	0.18422137	0.35804446	0.31110868	0.29971103	0.43437517	0.26357140	0.13561259	0.30509377
17Networks_RH_DefaultC_PHC_1	0.05955083	0.14838973	-0.01535687	-0.06755413	0.09822543	0.10237330	0.09016555	-0.10470663	0.08190047	-0.06347329	0.07039309	0.08970480	0.08127423	-0.03155594	0.09829295	-0.01740217	0.09211705	0.08074067	0.05087465	0.19263659	0.11837276	0.10776759	0.20476213	-0.03950967	0.02980390	0.03121267	-0.04646662	-0.09457614	0.01134283	-0.07627602	-0.05038750	0.01544156	-0.02800160	-0.05722150	0.10250312	-0.01917814	0.04314152	-0.01924145	0.08493810	0.09588652	0.08209732	-0.07227899	0.04872893	-0.11668572	0.02104360	0.17610434	0.02183310	-0.08469624	0.09452175	0.12692239	-0.00877390	-0.04615036	0.01425461	-0.06662738	-0.01693047	-0.05928030	-0.03592095	0.03757410	-0.03386584	0.15774323	0.06551440	0.08127005	0.07778165	-0.11815449	0.04218376	-0.04328299	0.15840050	0.09051112	0.03094900	0.03039536	0.05475389	0.11794325	-0.03216126	-0.11551405	-0.01848239	-0.11781470	-0.07590790	0.04772862	0.15661742	0.11172264	-0.00190898	0.10775111	0.00943843	0.07543131	0.01944865	0.06179137	0.03249749	-0.08593900	0.12500203	0.09512532	0.00708678	-0.01493931	-0.09065851	0.07141281	-0.02924845	0.02719727	0.03967453	0.01517267	0.02750652	0.01108809	0.00936521	0.13758285	0.09222380	0.04124604	0.08115069	0.03471451	0.00020526	0.13109567	-0.06768557	-0.00778979	-0.00416173	-0.16261329	-0.08448503	0.07174356	0.08611601	-0.04477799	0.03823163	0.10774352	0.10509079	0.18790492	0.04278412	0.12448250	-0.11066749	0.11445968	0.02089673	0.02856606	0.04092682	0.06175197	0.08121913	0.02328417	0.10742893	0.07192842	0.08472071	-0.08184791	0.06501640	-0.01897911	-0.00708439	-0.04735607	0.07369074	0.01107429	0.00285954	0.04793406	-0.08337176	-0.04707092	-0.03672016	0.12421255	0.07869215	0.05111628	0.00754994	0.09597883	0.06332080	0.11234368	0.12867690	0.10295201	0.11886807	0.06416334	0.05918055	0.00589084	0.04551060	0.07603491	0.13140621	0.08362176	0.13248207	0.13718403	0.03032311	0.09904671	0.07151450	-0.05363746	-0.03849821	-0.00678964	0.05355514	-0.07776884	-0.01172095	0.01363937	0.04257510	0.18120917	0.16886255	0.02033437	0.03550474	0.14107209	0.05948803	0.01389909	0.06287803	-0.02770917	-0.03639079	0.10629411	0.09590976	0.02078550	0.19276725	0.10080229	0.10912147	0.15972816	0.10891196	0.17171214	0.01328400	-0.00629373	0.08587844	0.01021994	0.05434888	0.00551510	-0.07093264	0.11902937	0.07283285	0.14839852	0.22620463	0.17170432	0.20799090	0.04121326	0.05577127	-0.01532384	0.07312268	0.12953697	0.09993119	0.01243628	0.05344535	-0.05628607	0.01381013	0.08343837	0.02083809	0.09199625	0.17548636	0.02647446	0.14501235	-0.02943331	-0.08637374	0.05557038	-0.19340957	-0.08328936	-0.12626738	-0.07259075	-0.01857848	-0.00252892	-0.16591570	-0.03061899	-0.04280537	0.00088872	0.08081972	-0.03916255	-0.00224648	-0.10465559	0.03424583	-0.04317587	-0.08904018	0.10890588	0.11495164	0.04312923	-0.14090636	0.02089912	0.08678183	-0.07567695	-0.02754735	-0.02702658	-0.02321760	0.05345945	0.00897644	-0.00318704	-0.07889927	0.06726434	0.06923652	0.05595006	-0.13452094	-0.14260647	-0.14783590	0.02016400	0.06155403	0.02790469	0.01856460	0.02637998	0.03048149	-0.06390352	0.10276026	0.06857888	0.08438008	0.01036002	-0.13076022	-0.00265120	-0.11697986	0.00880771	0.08376493	-0.00514447	-0.00744993	-0.05673125	-0.07061235	0.00319942	0.03404075	0.02894857	-0.02706313	0.00624840	0.01863108	0.21027048	0.07573406	0.06016088	-0.04966551	0.06685231	0.09866184	-0.01111873	0.06544648	-0.01884538	-0.00448701	0.10350722	-0.12995365	-0.09403225	0.06731702	-0.02578689	-0.02443343	0.04488913	0.19274332	0.16737246	0.10033117	0.02929362	0.12021133	0.07009463	-0.06633700	0.04444907	-0.09754083	-0.04325438	-0.06504671	0.07519126	0.01817914	-0.02482839	-0.05570407	-0.03564442	0.03401846	0.02353484	0.09852631	-0.07815763	-0.04047323	-0.00646634	0.01426993	0.02621143	0.03813777	0.13226366	-0.06351028	0.06100360	0.06009142	0.00640321	0.09421855	-0.01316979	0.00460169	-0.05673624	0.00909696	0.09981208	0.10530672	0.03618011	0.10540013	0.10572096	0.00377609	0.02781767	-0.00151328	-0.05792873	0.02406283	-0.03341905	0.07665160	0.18659357	0.03077621	-0.01871212	0.05121493	0.04969329	0.00536645	0.13260789	0.00935091	0.09488556	0.14025685	0.10251149	0.04557617	0.00727549	0.10935654	0.10965446	0.11125007	0.10956466	0.01032688	0.05607023	-0.01287158	0.00193118	-0.01397656	-0.06370148	0.02686303	0.17990129	-0.04278396	0.09767541	-0.04405369	0.13763832	-0.01410779	0.04105194	0.02568483	0.08521391	0.26749695	0.13450932	0.89916785	0.05993755	0.03762619	0.09333795	0.01755133	-0.03440798	-0.08476773	-0.11971433	-0.17786808	-0.03943062	-0.09452143	-0.13227620	0.05166343	0.14025941	0.02327406	0.06956498	0.18695280	0.20557828	0.16249661	-0.03901274	-0.07426187	-0.02925509	0.07551383	-0.10805828	0.13959712	0.05861324	-0.08506045	0.04471203	0.05275002	0.10078493	0.02645717	0.01598616	0.10129731	0.15617347	0.08892248	-0.07701745	-0.06411658	0.17623828	0.02227056	-0.08829733	0.13496920	0.07113729	-0.00909499	0.00607878	0.15502646	0.07707732	0.04421498	0.14201659	0.13503686	0.06886724	0.08005393	0.10171925	0.05969520	0.07134428	0.09720277	-0.02458246	0.01568392	0.19071099	0.17636172	0.25406401	0.23811775	0.11004411	-0.01668262	0.07378485	0.22598602	0.03520978	0.20952021	0.04876535	0.02425363	0.08896748	0.07436108	0.12680219	0.09225482	0.09246180	0.06556176	0.22833915
17Networks_RH_DefaultC_PHC_2	0.25265317	0.32808134	0.13891022	0.31919263	0.28890932	0.24491303	0.26963194	0.16101015	0.22228500	-0.00199650	0.13980331	0.15754748	0.40840002	0.28793286	0.28555747	0.29411771	0.22518457	0.09048447	0.19853510	0.20287387	0.11189726	0.13529304	0.09058449	0.13255442	0.12196527	0.17167740	0.14890855	0.07760040	0.21913883	0.15628300	0.24477325	0.17366071	0.27546095	0.23088266	0.20812580	0.21838884	0.19667762	0.12513870	0.18140372	0.27457306	0.31811839	0.21033902	0.16826965	0.00832767	0.26091487	0.17072886	0.24870654	0.10017744	0.12412305	0.26546771	0.13673182	0.24651002	0.19529725	0.09314596	0.11162710	-0.07409443	0.07241206	0.13111469	0.17963977	0.10048032	0.49809768	0.17571961	0.30900735	0.08269128	0.04459276	-0.01105253	0.24435308	0.22395710	0.00481416	-0.02472973	0.11785833	0.10256458	0.09878818	0.21610231	0.07240066	0.23201770	0.16483567	0.14637980	0.10170485	0.03326254	0.07417752	0.23411355	0.20043821	0.09792852	0.14564034	0.23216384	0.04896896	-0.03850030	0.23339463	0.17402852	-0.07570520	0.12375227	0.06466379	-0.02330486	0.12928399	-0.02819161	0.04382624	0.14250494	0.13440125	0.24966397	0.10479068	-0.02900768	-0.09527539	0.11853383	0.10759735	-0.12503815	-0.02798556	0.14356325	-0.02934401	0.13374411	0.05078849	0.19515312	0.04454997	0.11750587	0.23458076	0.21482327	0.13363156	0.28581659	0.18915592	0.14460034	0.14364902	0.15299477	-0.06648486	0.17372303	0.01214013	0.00704232	0.11224811	0.04195717	0.05461923	0.12732330	0.21942332	0.17228573	0.08514928	0.02272413	0.23068257	0.13940417	0.03675556	0.04586762	0.17969917	0.07677052	0.09277572	0.01610481	0.09717192	0.26722266	0.27475069	0.26711630	0.15019317	0.10136690	0.12331939	0.25588273	0.19244593	0.09156749	0.19798031	0.22833374	0.27454502	0.23483172	0.03002351	0.00963388	0.31325295	0.30381284	0.12453145	0.16767274	0.10795052	0.16227351	0.12216861	0.14480717	0.15341509	0.07436746	0.19848591	0.18946601	0.18213829	0.14621746	0.21139932	0.19724463	0.12109363	0.12481434	-0.01326004	-0.09152706	-0.00167277	0.13115912	0.03581782	0.12159504	0.26990256	-0.00675411	0.21861514	0.11508377	0.07672699	0.23529917	0.35785001	0.33755747	0.45333472	0.36728772	0.50864983	0.42865118	0.22525307	0.18789147	0.23236117	0.06643589	-0.02560987	0.13910322	0.30391406	0.01091184	0.23834124	0.06187998	0.13772943	-0.05092069	0.26466638	0.30526365	0.21703144	0.08581257	0.19613210	0.12637738	0.36856876	0.40216914	0.17734343	-0.01583023	0.24559678	-0.02450521	-0.00905269	0.06185999	0.11383291	-0.04425852	0.07802555	0.22120894	0.13985017	0.18301210	0.12558062	0.21198409	0.27377230	0.25554510	0.18750092	0.13024732	0.25849185	0.19567711	0.32571290	0.19735551	0.10824681	0.25160391	0.14226245	0.13785715	0.24995119	0.16582371	0.09094316	0.14920457	0.13071687	0.11940713	0.08897177	0.04678964	0.15852930	-0.02755589	0.04992651	0.02038425	0.22852625	0.13063833	0.13998805	0.11516170	0.14524788	0.23587230	0.47402698	0.11142200	0.20555581	0.08483517	0.07435590	0.14992836	0.09695627	0.08633640	0.22266008	0.13826255	0.20571357	0.02832745	0.18740032	0.13688029	0.08279583	0.22182014	0.21238684	0.19454901	0.22007859	0.11235836	0.10559289	0.15187666	0.21420757	0.20352443	0.07388735	0.11276388	0.10274970	0.16506239	0.12040558	0.03817568	0.14023220	-0.05174781	0.25240047	0.03422081	-0.01494748	0.18296326	0.00921879	0.17289305	0.17622724	0.23535684	0.08204477	0.15489700	0.17694516	0.14947871	0.11798838	0.05086094	0.00721483	-0.01248903	0.09061660	0.07083080	-0.07209859	-0.06533741	0.09309700	0.04354677	0.06737562	0.16432268	0.13821059	0.01012642	0.36922960	0.06569450	0.23005984	0.18824045	0.26228889	0.33937269	0.29530443	0.19851922	0.20581580	0.20446024	0.19165630	0.11380343	0.21818813	0.17043882	0.09586950	0.27979123	0.13802420	0.10857085	0.14482501	0.23543670	0.37768106	0.08436178	0.14723266	0.04240411	0.10190853	0.01813945	0.08670962	0.22328870	0.11012929	0.08693439	-0.10116640	0.01962201	0.16512554	-0.00369918	0.39671974	0.20193673	0.34563866	0.15529908	0.20045280	0.20880376	0.12119753	0.30444582	0.22776985	0.18786009	0.22132836	0.30706364	0.21138808	0.40314824	0.24692384	-0.00603976	0.20592252	0.18746215	0.10316104	0.16513595	0.15592190	0.19247084	0.04434912	0.22272565	0.02416858	0.33983026	0.23057060	0.16711357	0.10900224	0.08400923	0.05222393	0.19880182	0.13718437	-0.01394105	0.31049692	0.33556992	0.35262345	0.49441780	0.05993755	1.10924840	0.23055239	0.51467625	0.31912720	0.32927047	0.06758218	0.02506730	-0.04222100	0.12904500	0.09598297	-0.04296664	0.45551838	0.39296683	0.27476051	0.23539218	0.30790441	0.17493962	0.17477513	0.36025558	0.03580274	-0.13009259	0.07110208	0.01107277	0.07558492	0.08472201	-0.04136678	0.06893356	0.49522664	0.40023598	0.38358034	0.35102218	0.11413553	0.11220789	0.10753094	0.14364360	0.00012723	-0.02490066	0.06315630	0.04321380	0.02191072	-0.07806596	-0.17997894	0.05824719	0.43430525	0.30513711	0.40997368	0.21138371	0.11062461	0.45936785	0.24846579	0.06092774	0.27601163	0.32537337	0.29656555	0.32477317	0.24864940	0.27860908	0.07366480	0.03941235	0.37307155	0.49370488	0.47103775	0.28137935	0.19026763	0.48599429	0.27545087	0.21531975	0.38112074	0.34915431	0.33625171	0.24645717	0.38058910	0.27090843	0.23255725	0.27719733
17Networks_RH_TempPar_1	0.06703127	0.00984945	0.18815624	0.18167250	0.21408058	0.17621122	0.15596443	-0.00772503	-0.01508241	0.01280433	-0.17818661	-0.12943653	0.24804801	0.20714647	0.03477181	-0.05539628	0.17299300	0.03178226	-0.03835776	0.03048696	-0.14230932	-0.14121040	-0.29809316	-0.01207745	-0.02226265	-0.08033155	-0.03815511	0.01567105	-0.16784096	0.01779515	-0.09402852	-0.11232738	-0.00094653	-0.08849350	-0.15851375	-0.06726534	-0.14832477	-0.14685450	-0.18664100	-0.09390010	-0.13784295	-0.01385690	-0.11824437	0.17260823	-0.00979418	-0.01771905	0.11080563	0.16556367	0.19056709	0.16828939	-0.06459503	0.00521665	-0.06688780	-0.08314657	-0.15787665	-0.17116129	-0.15830141	-0.10116427	-0.07318781	-0.06344184	0.17139267	-0.00325659	0.10820410	-0.03885909	-0.10062100	-0.01874922	-0.13855306	0.12269232	-0.16183862	-0.17262257	-0.09563017	-0.12061981	0.08659570	0.01608664	-0.00763450	0.03094511	0.06056664	-0.12013600	-0.09859541	-0.06665021	0.01847731	-0.01107184	-0.12955455	-0.14877797	-0.05004391	0.06046338	0.12602249	0.04088857	0.34192471	0.35869372	0.05658109	0.17426928	0.02670674	-0.03754258	0.04561395	-0.06292725	-0.21273190	-0.10300936	-0.10347058	-0.02805922	0.03066395	-0.18347992	-0.24005106	-0.02725220	0.03503980	0.07923950	0.14150067	-0.09481269	0.18378416	0.35925212	0.35362713	0.14794770	-0.22665070	-0.01381516	0.10160599	0.12879730	-0.04415228	0.32458113	0.32539877	0.49039181	-0.00784020	-0.00550642	-0.10921914	0.02382544	0.01452007	-0.02018878	-0.04852711	-0.01670923	-0.02127771	-0.08558329	-0.00152073	-0.09358992	-0.11735138	0.14683426	0.00386269	-0.12124200	-0.02633958	-0.14359311	-0.03718660	0.07715524	-0.05067260	-0.10782513	-0.13123821	-0.03595158	0.03337987	-0.10083442	-0.03701440	-0.05932602	-0.06058177	-0.07403469	-0.20106823	-0.05212568	0.00234962	0.01226182	-0.04640716	-0.08576566	-0.06235905	-0.18493959	-0.06067533	-0.13093243	-0.11714942	-0.02736667	-0.15366966	-0.09445244	-0.10645741	-0.03803327	0.25001445	-0.14805082	0.03260107	-0.10967594	-0.02535545	0.07857378	-0.05276447	0.06087646	-0.19694150	-0.16782836	-0.19478556	-0.03275036	-0.03317286	0.05971784	-0.07457511	-0.05847964	0.19316243	0.18770161	0.13455615	0.13070569	-0.00172395	-0.08394227	0.10321584	0.01305766	0.06655248	0.29464417	0.24932368	0.28056042	0.26630381	0.25121874	0.09532126	-0.03312425	-0.07719053	0.04434300	-0.11347814	0.02219670	-0.10572637	0.07669247	0.14818417	-0.18358240	0.03684379	0.00701400	-0.03532839	0.11274130	-0.14627087	-0.17250927	0.12625007	0.25296520	-0.00109356	0.05985849	0.00953548	0.06514183	0.06312959	-0.07741227	-0.03390229	0.04323807	-0.01964102	-0.12082752	-0.11463160	-0.11537002	0.05817107	-0.09653228	-0.08656757	0.03624180	-0.01181815	-0.08613290	-0.03922198	-0.14561863	-0.03919597	-0.15768513	-0.08221931	-0.13115528	-0.09209355	0.08519809	-0.04770297	0.08857368	-0.22868862	0.20743749	0.10899391	0.03097674	0.09499495	0.08774702	0.19269860	0.02034566	0.05685771	0.05171232	0.08398224	0.19403117	0.11997571	0.07104336	-0.10115165	-0.05279395	0.18941112	-0.03976785	-0.18612314	-0.02880470	-0.10688102	-0.18807931	-0.12170675	-0.11622720	0.04704211	-0.15374469	0.01481673	-0.07677196	-0.07820512	0.07401480	-0.03219801	0.05715830	0.01554497	0.00739554	0.07255332	0.06273183	-0.08005727	0.03873949	-0.09012704	-0.07587523	-0.09630440	-0.05014812	0.13455218	0.15264017	0.10958532	-0.02297629	0.28793072	0.03089346	0.23065376	0.11167541	0.15151243	0.13366004	0.13627916	0.00730406	0.07210362	0.08177543	-0.10242189	-0.03120493	0.06054775	-0.02302448	-0.00023685	0.00766429	0.08356713	-0.03232196	-0.06055959	-0.09932265	-0.05837100	0.00747874	0.01330147	-0.04824550	0.23845847	0.29046914	0.32610543	0.36340674	0.16538439	-0.15632742	0.22819561	-0.06883985	0.41227238	0.20416077	0.28310393	0.06634972	-0.16334240	0.06377468	-0.08770857	-0.05557213	0.02366219	0.10309223	-0.04131041	0.06176747	-0.04487293	-0.09951865	-0.02869399	0.08227222	0.19026564	0.01367679	0.02396822	-0.04436384	-0.04826734	-0.08876501	0.06225761	-0.06929468	0.00297139	0.19626467	0.24631412	0.15515903	0.06360901	-0.04826355	0.01095953	-0.02175044	-0.03248459	-0.20291282	0.00211887	0.02492089	0.00299950	0.01766258	0.00736496	-0.05383288	-0.02681671	0.09426728	-0.09363074	0.00110539	-0.02334629	-0.08452075	-0.06248547	0.10562348	-0.07126322	0.04084594	-0.09147285	0.05752208	0.03318329	0.04938109	-0.02239234	0.42796332	0.02575154	-0.15612331	-0.09800178	0.02868283	0.05449882	0.30708643	0.16967897	0.07558710	-0.07865218	-0.10261746	0.10701170	-0.00171035	0.03762619	0.23055239	1.06707314	0.12582869	0.09297556	0.17851113	-0.01837051	-0.06449966	-0.00756172	0.08762878	-0.02689343	-0.02185708	0.17379311	0.02550906	0.23876127	0.15969008	0.05196575	0.09982405	-0.02110258	0.00271262	0.10251579	0.16030482	-0.00723272	0.20031941	0.08547601	-0.04951595	0.13051030	0.01878342	0.31152241	0.02908541	0.29278997	0.21278044	0.04064157	0.06394376	-0.12125814	0.01376138	0.27821731	0.20501634	-0.07906495	-0.04653632	0.04954233	-0.10053944	0.06432705	-0.04511544	0.22162919	-0.09778069	-0.01505898	0.07160829	0.10663145	0.10133009	-0.07854587	0.13416438	0.16052910	-0.01502196	0.10113681	0.11584331	0.24426632	0.23781491	0.25922587	0.02819329	0.07226448	0.13242115	0.14011742	0.07284118	-0.03755355	0.07513044	0.15889834	-0.14233052	0.02526423	0.00021155	-0.04445564	-0.02089367	0.07439898	0.04412508	0.03051749	0.00466082
17Networks_RH_TempPar_2	0.04014650	0.33290168	0.09013170	0.30493322	0.15254728	0.17735992	0.25280757	-0.04150459	0.20141322	-0.16777367	0.18865730	0.08688914	0.31051042	0.05159013	0.20449644	0.27254487	0.06082766	0.15389850	0.02248447	0.12345587	0.02128488	-0.02000943	0.06610055	0.04307513	0.20399313	0.26069709	0.11579385	0.02975337	0.19513064	0.11870782	0.32779310	0.25948801	0.27387604	0.26370424	0.23874061	0.22336518	0.28975319	0.27613340	0.27762288	0.17269704	0.31404226	0.25709514	0.27658193	0.07383985	0.16543306	0.07687397	0.03831065	0.03612675	0.19127525	0.06983724	0.07335135	0.13939153	0.07118218	0.04653215	0.17175682	-0.01409625	0.11566917	0.20441310	0.15515049	0.04632052	0.35900227	0.04143070	0.23594997	-0.21822429	-0.13357777	-0.11579249	0.08751157	0.00891688	-0.26224844	-0.26836761	-0.03337579	0.09419798	-0.00535799	0.21990030	-0.04634632	0.27846287	0.07363933	0.23899423	0.00043503	0.10104106	0.16974758	0.19592345	0.09975348	0.21578775	0.10288004	0.08283343	-0.12540972	-0.23548177	0.12511432	0.12158385	-0.15031439	-0.00876258	0.02776083	-0.20246977	0.10288134	0.00006596	-0.03730456	0.13820259	0.16576820	0.29600476	-0.04640537	-0.03210600	-0.25053429	0.02197827	-0.01042045	-0.28933214	-0.05289971	0.18850594	0.05238335	0.12248307	0.15303752	0.34009596	0.27541108	0.27883315	0.21545894	0.17025931	0.22666107	0.22980015	0.19331295	0.04296286	-0.11297315	0.09756147	-0.47541815	-0.04140721	-0.26375041	-0.15522484	-0.13466578	-0.30448484	-0.14454888	-0.10893541	0.02673745	0.16828493	-0.06532579	-0.15312693	0.15379982	0.07282673	-0.27197935	-0.28603922	0.08343653	-0.13655760	-0.02940707	-0.15529693	0.12438748	0.31942625	0.08472634	0.13331846	0.14905236	0.05956011	0.21976377	0.38516851	0.32227231	-0.03293626	0.23297638	0.53320313	0.61201238	0.36131288	0.13390075	0.16633903	0.35600561	0.43169271	0.48633945	0.52461131	0.27753343	0.40264222	0.11755234	0.23781065	0.26573800	0.34471729	0.35450301	0.44628317	0.03716492	0.14323730	0.08491060	0.12746121	0.31202415	0.21875739	-0.04518471	-0.09494370	-0.02578351	0.08581799	0.01295702	-0.02786251	0.34862362	-0.08700176	0.27010990	0.08111384	-0.13712642	0.26983376	0.39538111	0.56842143	0.51749919	0.33411232	0.46962336	0.39640136	0.10142579	0.05762511	0.17580612	-0.14991338	-0.37688815	-0.04601490	0.20496607	-0.05157462	0.16401449	0.07377232	0.05365079	0.03693948	0.29171203	0.35247300	0.08812571	0.02397608	0.26565410	0.15957434	0.37380634	0.35276919	0.09261491	-0.02761621	0.25496782	0.15185754	-0.00284353	0.01959151	0.11867268	0.01426987	0.20276051	0.22123908	0.18033153	0.29211332	0.14057828	0.28755941	0.30283088	0.41203568	0.24928501	0.08586747	0.31653547	0.21556733	0.27812747	0.34436761	0.26321447	0.31849423	0.25395112	0.12978807	0.30078011	0.21422490	0.15723474	0.12772632	0.04251286	0.03891929	-0.00990531	-0.10410040	0.18907095	0.03314018	0.02881565	-0.04132584	0.18748153	0.04330611	0.04331701	0.13065966	0.16294809	0.28363181	0.27574364	0.02992151	0.30584889	-0.03129333	-0.18221873	0.02871527	0.01288445	-0.08090131	0.02975459	0.01850106	0.08751839	-0.13889711	0.32654693	0.18018207	-0.19564824	0.26397690	0.23493957	0.08981554	0.22993493	0.19984384	0.05024880	0.28968305	0.29919470	0.08631367	-0.05106297	0.01364751	0.05085504	0.23882423	0.06939121	-0.01690119	0.11756672	-0.08974760	0.11909453	-0.03328770	-0.07440462	0.07350434	-0.20093100	0.20227038	0.19770343	0.15798921	0.25771658	0.01412392	0.03193904	0.17779925	0.02420449	-0.08541067	-0.32468265	-0.31798336	0.08287632	0.20957288	-0.16768051	-0.21384706	0.24189433	-0.08266609	0.15678235	0.29513818	0.28416532	-0.03504033	0.48729943	0.25741460	0.22504283	0.30804619	0.24488020	0.40872465	0.16729731	0.11345812	0.07351781	0.07525856	-0.14512974	-0.05406548	0.29858340	-0.03704521	0.04419899	0.12639412	-0.12153385	0.05959569	0.10210299	0.20039177	0.17622784	-0.09065492	-0.08263777	-0.21281530	-0.17273799	-0.09823481	0.15911318	0.26693748	0.01431751	0.14648155	-0.03563800	-0.19097130	0.15047679	0.06883456	0.34631059	0.15830894	0.61385325	0.34594853	-0.01097401	0.34382829	0.11176261	0.55280602	0.28059623	0.18149116	0.21838099	0.54107447	0.59774657	0.71679181	0.47833613	0.12438835	0.57503659	0.53709076	0.24835255	0.51935883	0.49294234	0.08466878	0.08975696	0.30002618	0.00246693	0.41134825	0.32542198	0.26051332	0.13945614	0.15683932	0.06280226	0.37488975	0.10511535	-0.13501994	0.49956207	0.49912272	0.34188343	0.70595056	0.09333795	0.51467625	0.12582869	1.21432365	0.58819098	0.43081806	0.29587650	-0.18056017	-0.04210686	-0.00964711	0.09941203	-0.17823198	0.46512639	0.39377964	0.11390663	0.08577216	0.07022032	0.01732375	0.14353598	0.21634092	0.07201088	-0.06969045	0.20343810	0.08246981	-0.01650188	0.00018984	-0.08031671	0.00181903	0.45694722	0.45139653	0.16461151	0.22674901	0.01757908	0.06992559	0.09387700	0.13912903	-0.02444205	-0.01721053	0.17165580	0.08298272	0.01746804	-0.05738789	-0.14947512	0.09673628	0.40454135	0.27603719	0.46639223	0.21239233	0.00563510	0.45960626	0.18779862	0.08506757	0.24364455	0.34361189	0.29199702	0.28561130	0.22183940	0.35135978	-0.02825588	0.20073279	0.29811483	0.43152450	0.43281767	0.23057497	0.09799898	0.50842028	0.30598381	0.20865823	0.18156895	0.32175462	0.32426987	0.16961940	0.47407990	0.26328183	0.12068214	0.37256012
17Networks_RH_TempPar_3	-0.04936148	0.12057217	-0.00539006	0.15130854	0.10472734	0.03977866	0.07322631	-0.05404495	-0.00984677	-0.08702442	0.10989373	0.06222026	0.23278733	0.12337285	0.08594820	0.15440687	0.06828677	0.08006224	0.06491739	0.06199369	0.09343151	0.00334675	0.02411965	0.12859847	0.05713507	0.11655001	0.04745092	0.02200353	0.06328370	0.07580944	0.08996345	0.03915861	0.19930219	0.07641313	0.15292629	0.04784530	0.07347592	0.06494747	0.07716019	0.10164183	0.15436057	0.08855655	0.16215099	0.00534778	0.12772125	0.04914658	-0.00034052	0.09688421	0.13047132	0.20699187	0.07314724	0.05656689	0.04428030	0.01423759	0.11907928	0.11748391	0.10009224	0.15232628	0.16913679	-0.02344188	0.25436905	-0.10094935	0.00438689	-0.07579618	0.03524904	-0.07975526	0.06378349	-0.01323537	-0.24412054	-0.26574736	-0.03983367	-0.01476777	0.01481368	0.15464132	0.01402530	0.16006407	-0.00468005	0.13683824	0.08351943	-0.02318356	0.11018183	0.08750867	0.05045183	0.11332416	0.06193328	0.09554097	0.01396221	-0.09526806	0.15787308	0.11475463	-0.13714294	-0.08663637	0.01601774	-0.16436535	0.16147081	0.11149572	-0.02131593	0.05228087	0.07955548	0.15911059	-0.05981755	0.05483038	-0.11536639	0.14268475	0.01488217	-0.18577045	-0.03137946	0.04483416	0.03383542	0.12107381	0.06317008	0.13559354	0.08127450	-0.01032749	0.02389930	0.07093575	0.01641268	0.11105270	0.12890718	0.08174883	-0.11468156	0.02879887	-0.26259454	-0.06074666	-0.24687977	-0.07828355	-0.02241531	-0.27744245	-0.13911246	-0.12487364	-0.02599234	-0.01859977	-0.04349262	-0.14231274	-0.09967310	0.11075641	-0.18640427	-0.24153655	0.02900096	-0.17101789	-0.01463719	-0.05145705	0.10967523	0.33253441	0.16191063	0.24479634	0.11420953	0.02462263	0.14334911	0.15086782	0.28335157	-0.11823908	0.12330544	0.31204962	0.42736846	0.16082752	0.04052413	0.06317009	0.34316695	0.39185842	0.26994019	0.35257248	0.19798567	0.31906443	0.03182008	0.22902650	0.10255441	0.11606321	0.07380243	0.16902590	-0.11848171	0.07363278	0.17568205	0.23346429	0.12236509	0.07624031	0.04929317	-0.00648871	0.00429211	0.11398634	0.05933921	-0.04886293	0.27519904	-0.03821229	0.12738622	0.09173359	-0.10953377	0.10382687	0.21561692	0.29778760	0.37385569	0.22569712	0.25485541	0.28293891	0.00960901	0.03810290	0.04415997	-0.19089155	-0.23807913	-0.04675523	0.00950949	-0.13413383	-0.00929997	-0.01134280	-0.01074202	-0.05453215	0.10243844	0.05712817	-0.03080146	-0.13556291	0.13139610	0.02715283	0.14410676	0.15604671	0.05350830	-0.03167002	0.22794648	0.06301603	0.07859421	0.02234650	0.06055494	0.04470439	0.06860652	0.12141877	0.11020704	0.13225690	0.12643821	0.08986178	0.15183739	0.20544091	0.09726584	0.01683204	0.17027102	-0.02675737	0.06360507	0.05544752	0.06091030	0.16949425	0.16015561	0.03905469	0.05994199	0.12792397	0.02758319	0.14477925	0.06000226	0.04543317	0.08551656	-0.07572404	0.10990782	0.04362542	0.08675964	-0.03266642	0.06470178	0.01747030	-0.01473389	0.06414618	0.09434184	0.09702034	0.10796259	-0.17767080	0.09515007	-0.06803074	-0.05231409	0.00599997	-0.10534975	-0.06206008	0.01771833	-0.11479610	0.01858818	-0.20080712	0.11328048	0.12620089	-0.24585700	0.11006008	0.12845031	-0.01716116	0.14425354	0.05780213	0.14966509	0.15091293	0.12578819	0.00554191	-0.09658206	0.03125352	0.01940718	0.04250648	-0.02330868	-0.07289003	0.07048134	0.05839565	0.14674701	-0.07639230	-0.01224624	-0.01003626	-0.12931296	0.09877932	0.02125550	0.15005860	0.15816680	0.11148574	0.02342384	0.05901910	0.16276357	-0.04181354	-0.20983405	-0.12881599	0.13927922	0.24215185	0.01901453	-0.09029565	0.26737628	0.00028800	0.15415865	0.23329592	0.18482263	0.02442050	0.27020101	0.15670640	0.03287076	0.01939222	0.19874023	0.18820743	0.08641668	0.11369258	-0.00282968	0.00147187	-0.13063776	-0.11968148	0.37802662	0.02468454	0.00694646	0.14868116	-0.11757911	0.04379380	-0.10291020	0.03898631	0.06644755	0.04557081	0.04799028	-0.11820536	-0.12108768	0.04925476	0.22687660	0.18324598	0.00992320	0.04478686	0.07421766	-0.03471807	0.16356954	0.18965484	0.38143555	0.25737502	0.55099837	0.43094307	0.11122125	0.29780839	0.04919587	0.29417447	0.33842318	0.07519714	0.20762237	0.43791541	0.42429758	0.58467718	0.29686976	0.06644680	0.46090216	0.35165204	0.14808633	0.40944928	0.38091276	0.11967516	0.08870931	0.25843545	0.03833147	0.32648193	0.23681215	0.08506855	0.18657962	0.09334558	0.05973511	0.31606835	0.21008621	0.04228516	0.29465499	0.34066813	0.21554641	0.52427578	0.01755133	0.31912720	0.09297556	0.58819098	0.99221754	0.35084954	0.31283852	-0.08516782	0.06337160	-0.02076084	0.23207482	-0.05016795	0.22563330	0.21404197	0.05340872	0.05124310	-0.02346863	0.03859051	-0.04675012	0.07069427	0.09261840	0.11160897	0.13746443	0.14257517	-0.08868845	-0.05175198	-0.12298957	-0.10247514	0.24992494	0.21320178	0.11147422	0.13177324	-0.03214004	0.00305296	0.01086185	0.07209261	0.01858915	0.19157841	0.16901139	0.03565239	-0.07319998	-0.13426225	-0.07466613	-0.00613007	0.16093014	0.13935986	0.27991854	0.08139950	-0.05819131	0.21374140	0.14207722	-0.00072074	0.09554213	0.19714237	0.17961036	0.18518150	0.16196017	0.17906644	0.04332667	0.12149095	0.03977094	0.21554987	0.20343612	0.07154003	0.05650498	0.21721749	0.17439771	0.08680637	0.06496909	0.14300179	0.09998502	0.01280081	0.19145219	0.05758235	-0.01511266	0.07864375
17Networks_RH_TempPar_4	0.18085700	0.22877246	0.12723989	0.28322144	0.24609179	0.31015870	0.28127507	0.20134986	0.25783494	0.15336457	0.19796854	0.14642074	0.40372109	0.30883275	0.23599907	0.22082615	0.06753429	0.21668006	0.13048494	0.28703039	0.07789403	0.19420405	0.10058801	0.29932379	0.42512941	0.21289972	0.29322450	0.16305886	0.38657045	0.35250590	0.39896659	0.34160728	0.41519474	0.40293538	0.21911556	0.35144434	0.26749870	0.08339597	0.24184330	0.35597664	0.33202033	0.22495119	0.21357997	0.13173292	0.35376486	0.14715362	0.24591468	0.28898034	0.15551737	0.37565059	0.21998816	0.26119136	0.40251222	0.34917897	0.03085788	-0.08976414	0.01716086	0.14986876	0.19996082	0.10385311	0.40136264	0.08674297	0.30846469	-0.01623710	-0.05348197	-0.00210659	-0.04368908	0.01375202	0.00622177	-0.10117274	0.08502614	0.13578353	0.16296597	0.31013064	0.10303267	0.37325975	0.20149089	0.24722507	0.11851718	0.10538401	0.06337466	0.30758317	0.02295476	0.25251271	0.28619156	0.39221939	0.32252760	0.21690848	0.38793715	0.30931307	0.11916378	0.20886112	0.31651439	0.11946714	0.33683982	0.23813324	0.15790078	0.39175294	0.35121101	0.25017887	0.18091404	0.16782972	-0.16120696	0.15815583	0.23080998	-0.09105405	-0.04915071	0.16485650	0.13931708	0.09718746	0.07297578	0.20943440	0.09833381	0.08546487	0.05799850	0.12723660	0.15145893	0.15483754	0.07258107	0.25202083	-0.04529021	-0.10516603	-0.01637518	-0.04762658	-0.07417345	0.00805084	0.11767358	-0.13700886	-0.08772798	0.08767985	-0.02782877	0.04561174	0.21277676	-0.03765703	0.01529608	0.07076569	-0.05637555	-0.17251606	-0.07758649	-0.08481328	-0.06119030	0.03112230	0.25308560	0.22797480	0.22719409	-0.00954361	0.19873374	0.14111346	0.09163248	0.02628925	0.13259320	-0.03878708	-0.00363444	0.05662381	0.08957487	-0.02163408	0.11860220	0.19995542	0.15531272	0.23853758	0.15426849	0.26743318	0.15869764	0.30001580	0.00941468	0.28736860	0.12517312	0.19291602	0.16952528	0.15466879	-0.01556851	0.13758827	0.04834529	0.12810882	0.18234720	-0.00443102	0.11564748	-0.00742028	-0.01830199	0.25887126	-0.04721605	-0.00211009	0.35088248	-0.01465438	0.20979294	0.08800813	0.02522801	-0.00759565	0.31728761	0.12039247	0.20805688	0.27690072	0.26590852	0.34825019	0.26384692	0.33100714	0.30386850	0.12986675	-0.16189492	0.19853134	0.24146935	0.00287970	0.19805535	0.03567704	0.04562551	-0.08808526	0.25056591	0.38150558	0.18815329	0.25794638	0.23458383	0.15130095	0.37540739	0.28973654	0.18810806	0.23114268	0.18306964	0.05399014	0.26033644	0.25849715	0.14608682	0.19906972	0.25675669	0.26542516	0.18255829	0.36238630	0.19690062	0.38893012	0.32910334	0.41241010	0.31044993	0.24645224	0.31531471	0.22875177	0.36449239	0.24241416	0.16197713	0.32065561	0.26018515	0.14312471	0.24180113	0.21519969	0.18928379	0.20242873	0.30706379	0.22366205	0.10848592	0.11442717	0.40230847	0.06653070	0.32111003	0.18114352	0.26974854	0.28872785	0.34619646	0.06927647	0.02899580	0.08531408	0.43787559	0.03662707	0.10451272	0.23702170	-0.04430059	0.08029708	0.10629584	0.00853653	0.20928779	0.06854165	0.15777780	0.10933194	0.32358937	0.22369056	-0.05876770	0.21220257	0.40495212	0.23884589	0.37803062	0.26870973	0.28743370	0.34485703	0.30453496	0.27899697	0.11761018	0.16643541	0.35565584	0.36106175	0.28713937	0.26691904	0.29051473	0.14321619	0.39264346	0.22080427	0.15053830	0.35479321	0.20114809	0.44125271	0.28976840	0.24890213	0.26810321	0.31185503	0.22280432	0.37944052	0.30631629	0.26733461	-0.04592211	-0.09951554	0.25011907	0.23650224	0.02575096	0.18737883	0.33381802	0.31065492	0.17430120	0.16883683	0.15156524	-0.04853862	0.27861127	0.05068062	0.01836507	0.19936557	0.13169099	0.18052355	0.10443180	0.10148509	-0.02024767	0.19761817	-0.01831596	0.05843611	0.11632121	0.06716993	0.16201690	0.19299348	0.10628483	0.10803840	0.02174277	0.11598380	0.13765311	0.21741230	0.16671458	0.18627204	0.05609658	0.07022490	0.20730019	0.15272061	-0.06680547	-0.03250735	0.03464427	0.06160121	0.22674284	0.32283771	0.25743199	0.42072455	0.23204213	0.35673281	0.10726482	0.15826387	0.10342057	0.27147325	0.25335596	0.03745573	0.09453094	0.18152770	0.07781969	0.16631181	0.18311668	0.28241642	0.23037879	0.16119902	0.10872282	0.31708754	0.31911715	0.24223162	0.24417095	0.33498966	0.16483614	0.26573341	0.30909213	0.00407956	0.28349661	0.06864896	0.22034214	0.22896979	0.30862045	0.21519824	0.10409640	0.12619911	0.25886148	0.24134138	-0.03440798	0.32927047	0.17851113	0.43081806	0.35084954	0.94663594	0.35962290	0.12367730	0.38780847	0.42888106	0.31130537	0.25015450	0.20123543	0.18008476	0.10720660	0.12537731	0.13833323	0.00947157	0.12956160	0.20034028	0.04977794	-0.08125035	0.17823733	0.11518037	0.15507426	0.15298051	-0.03809028	0.14454701	0.18000995	0.20921996	0.11453159	0.22768475	0.11844759	0.04613479	0.05182162	0.13271267	-0.02805260	0.01584557	0.16060195	0.07340069	0.16283780	-0.02442056	0.08052770	0.16526122	0.27621662	0.22245456	0.28533356	0.09861897	0.03687292	0.35067367	0.12113724	0.04163039	0.18460421	0.14454674	0.24996294	0.21111355	0.18121149	0.19918201	0.06439155	0.05098717	0.13606494	0.27403912	0.36695539	0.14397510	0.12417976	0.27543162	0.17795336	0.14896650	0.19281130	0.16810737	0.22123108	0.07554963	0.23657102	0.16178725	0.08685548	0.13149558
17Networks_RH_TempPar_5	-0.10647278	0.11458804	-0.13865319	0.03001329	-0.05646142	0.07038073	0.06126069	0.15900197	0.21842273	0.00978713	0.26552316	0.12858113	0.10580221	0.06540967	0.03877044	0.07138419	-0.08076510	0.16767588	0.06019859	0.20140725	0.02523640	0.07934382	0.14852313	0.04394421	0.34694994	0.14895658	0.14634567	0.20209454	0.24478298	0.21960266	0.30288426	0.26480578	0.21441671	0.29751978	0.14182857	0.23215916	0.31606244	0.05968036	0.10892189	0.15396193	0.21197221	0.11708785	0.14481610	0.13667517	0.07086279	-0.01343647	0.18072567	0.09369141	0.14993806	0.10997643	0.11023861	0.05864910	0.14360157	0.12434437	0.10237093	0.05443493	0.06246849	0.17278587	0.11005060	-0.10113490	0.08634062	-0.19803113	0.00924731	-0.09260470	-0.07746571	0.00059116	-0.02513999	-0.05263702	0.04643626	-0.09283055	0.00597429	0.11082552	0.03760995	0.19675796	-0.00452525	0.26791105	0.27572736	0.28619957	-0.03276375	0.04738355	0.05291962	0.22105285	0.07009702	0.26149818	0.19853871	0.06927287	0.08102997	0.02177144	0.15690880	0.09998174	0.14027452	0.16859577	0.16022020	0.17364937	0.19204993	0.16667446	-0.06042150	0.23141398	0.23404910	0.20347679	-0.04199344	-0.06835720	-0.14492735	0.18849638	0.17604875	0.00795447	-0.09908492	0.06393021	0.05360214	0.11523152	0.01895470	-0.02510896	0.05559168	0.15262237	0.06949281	0.14112774	0.20899502	0.10943698	0.01475689	0.05376447	0.02840188	-0.05236713	-0.07758991	-0.03930564	-0.10461105	-0.08568301	-0.17279438	-0.16646241	-0.20661604	0.02432304	-0.04453648	-0.04004213	0.06615603	-0.15787104	-0.00052262	0.05288169	0.02861492	-0.05361703	-0.15362459	-0.11143439	-0.11619783	-0.12849807	0.15090399	0.23890348	0.08553440	-0.09106400	0.12926278	0.14424825	0.10900010	0.01819901	-0.05377924	-0.22591826	-0.05675609	-0.03225315	0.04438926	-0.02087582	0.15626638	0.04681578	0.01464551	0.04857222	-0.04592115	0.08752637	0.01477332	0.09353122	-0.15240174	0.08910624	0.09209497	0.25618774	0.08519601	-0.01618307	0.08014429	0.17327096	-0.05268897	0.13311862	-0.00623757	-0.12980867	-0.09245789	-0.12437985	-0.07467663	0.04274138	-0.12086735	-0.01464458	0.14456510	-0.02544800	0.13175404	0.05508259	0.02442043	-0.13792815	-0.01096511	0.00633451	-0.01498596	-0.08330669	-0.03340751	0.10290083	0.05326422	0.07900514	0.32124725	0.10315053	-0.05148924	-0.00865899	-0.00129956	-0.06993186	0.04427468	-0.11343432	-0.10200158	-0.07980500	0.05906129	0.31047475	0.21569058	0.19160678	0.17110336	0.18348965	0.22414213	0.03738637	0.00559742	0.02552981	0.08659497	0.06784185	0.11714622	0.09817781	0.01524231	0.07775109	0.10517531	0.20114341	0.06315154	0.34678608	0.14760134	0.31794079	0.22934813	0.36886049	0.17730620	0.15004557	0.23732016	0.19104040	0.33455712	0.14974486	0.21414338	0.15719953	0.13275854	0.19520637	0.06988177	0.07907373	0.11240456	-0.00579483	0.22279361	0.25690641	0.21667624	0.15617778	0.16548516	0.05684774	0.12296385	0.20931589	0.21728660	0.12229793	0.18803257	0.19018007	0.09336529	0.11885906	0.05048168	-0.18976572	0.03426984	0.25257131	0.11713487	-0.03744130	0.07788340	0.03708934	0.08644065	0.08242132	0.09351564	0.09012437	0.19700084	0.14085448	-0.03914373	0.40084846	0.29209010	0.13873056	0.29116363	0.26808314	0.05034349	0.15770610	0.15415938	0.11708483	0.13891957	0.10507752	0.18586273	0.33056850	0.31082316	0.19176379	0.18358901	0.11378021	0.24420465	0.24492233	0.21073470	0.24167600	0.13040833	0.30572748	0.24329436	0.13778325	0.13648634	0.15620001	0.14365324	0.17404677	0.08099658	0.23584313	-0.08539952	-0.06485519	0.05407793	0.04724059	0.01047021	0.25836183	0.27303528	0.21398582	-0.00548331	-0.02389874	0.13843845	-0.03275266	0.14099800	-0.00208278	-0.04266974	0.21548019	0.05286478	0.17239268	0.02576541	-0.05318927	-0.02808750	0.20912227	0.05252999	0.04159544	0.14095922	0.03147957	0.22758772	0.02813521	0.09659470	0.12389485	0.01458988	0.13043963	-0.05447503	0.23031777	0.16614571	0.10166639	0.02691982	0.01459981	0.13000073	0.15822191	-0.10854947	-0.11535243	-0.04987498	-0.05668124	0.04796545	0.20778946	0.14010250	0.20566359	-0.01099270	0.22425855	-0.01507377	0.07274361	0.24957813	0.20592086	0.25735839	0.02152344	0.03727579	0.08486038	0.00081642	0.01468736	0.24805174	0.19638232	0.18619698	-0.00092421	0.12326768	0.15241599	0.10364110	0.03324018	0.13009506	0.21573628	0.30634464	0.21341139	0.04254587	0.00606071	0.07554257	-0.14209314	0.03036538	0.02943639	0.12369297	0.15897435	-0.04577223	-0.04018766	-0.02741904	0.06872973	-0.08476773	0.06758218	-0.01837051	0.29587650	0.31283852	0.35962290	1.01938858	0.32494882	0.27563311	0.27572916	0.28115511	0.21391883	0.14488755	0.05607702	0.17820425	0.07278995	0.00221438	-0.02651349	0.16488076	0.21758191	0.05432920	0.10823582	0.06953382	0.11529531	0.18154053	0.21766129	0.05864058	0.09267547	0.16822202	0.14139786	0.03372444	-0.05591299	0.06603688	0.10237610	0.24040941	0.20888760	-0.08135102	0.05116244	0.17447037	0.08815769	0.24492029	0.27907237	0.17742101	0.18569871	0.14028650	0.12944155	0.23509816	-0.03811667	-0.01135745	0.25299845	0.10663161	0.02296363	0.14487987	0.13608317	0.19175852	0.15983555	0.08289929	0.12162106	-0.07375365	-0.00564155	-0.04429320	0.19860990	0.30092435	0.07707227	0.04132534	0.15483184	0.12300424	0.09140530	0.08060005	-0.00676845	0.13325309	-0.00745357	0.09802495	-0.02740642	-0.03173408	0.02584291
17Networks_RH_TempPar_6	-0.04936989	-0.09222595	-0.16596447	-0.08367311	-0.03988974	0.03679284	0.00918932	0.29040585	0.21503559	0.27536076	0.24721024	0.21494036	-0.08234022	0.02603436	0.03347294	-0.02418699	-0.12483273	0.16367636	0.09410966	0.20710878	0.09461429	0.21925423	0.19006149	0.00947003	0.27134841	0.12284264	0.21730892	0.29868359	0.25067974	0.19352143	0.25283168	0.22226529	0.25091376	0.33059328	0.14929090	0.21088693	0.30906578	-0.10728167	0.03336038	0.20712577	0.23555598	0.07863273	0.07173531	0.06704195	0.13881167	0.06689956	0.34734569	0.11867941	0.06508551	0.11190971	0.19687870	0.16450877	0.16882973	0.20507652	0.13750596	0.09710120	0.10670092	0.14047589	0.14684446	-0.09195800	-0.01587224	-0.15930080	0.02892679	-0.00878365	-0.02002868	0.05028641	0.01930571	-0.02799497	0.30402028	0.10815305	0.10336125	0.20960385	0.09826731	0.15371201	-0.00490704	0.15362037	0.20668846	0.28200580	0.10068219	0.16964913	-0.07331049	-0.07444180	-0.01380865	-0.05443587	0.07604099	0.09819724	0.05813319	0.23456385	0.19224482	0.07309618	0.25917531	0.26761836	0.23944177	0.16879580	0.07367896	0.20635282	0.06777834	0.09483586	-0.02759658	-0.08736181	0.25803118	0.06828615	-0.01265741	0.30295966	0.17347566	0.18255515	-0.03679157	-0.14996327	-0.00484304	-0.06281249	-0.22953370	-0.19417168	-0.17515915	0.09664129	0.04206970	0.10326633	0.11416470	-0.02946914	-0.06741020	0.01358630	0.19985661	-0.16279646	0.29406185	0.00075587	0.24409268	0.10823067	-0.07353882	0.01804151	0.22239576	0.12738357	-0.20339038	-0.26124379	0.11401749	-0.07643211	-0.01548679	-0.06581688	0.16839495	0.26525817	-0.25443009	-0.14250554	-0.21084045	0.00198671	-0.19094808	0.09902913	0.15486540	-0.14119036	0.11576237	0.18553828	-0.23594780	-0.35216942	-0.32575106	-0.17818166	-0.27122870	-0.37134152	-0.41826145	-0.20467569	0.02889983	-0.21757072	-0.23089255	-0.23173713	-0.45793597	-0.35813419	-0.33116520	-0.30030081	-0.27659548	-0.17227592	-0.11789399	0.00509899	-0.20324687	-0.27088537	-0.02252662	-0.03285645	-0.12723211	-0.14180075	-0.40257978	-0.29319006	-0.07914826	-0.12870182	-0.16295088	-0.21417771	-0.19357879	-0.16466481	-0.13857614	-0.03981139	-0.22650288	-0.19088884	-0.03434989	-0.33772711	-0.19412941	-0.39842024	-0.37261315	-0.17362550	-0.19055935	-0.09988239	0.16596672	0.01297964	0.18539707	0.27198503	0.27413565	0.15076645	0.03804410	-0.15127588	0.00868812	-0.18343055	-0.10740962	-0.20951514	-0.09835248	0.23043875	0.22685154	0.30926576	0.16919025	0.24185806	0.05896162	-0.08522173	-0.05031518	0.04057045	-0.02204060	-0.00783403	0.24491567	0.20738820	0.06925346	0.10241822	0.10520849	0.12204031	0.05791789	0.26431606	0.19249308	0.28643986	0.16819575	0.19340228	0.28908206	0.25608282	0.22062923	0.22518005	0.30322232	0.08721773	0.29420343	0.20737037	0.15207480	0.09751426	0.07837496	0.12701618	0.09973590	0.02680583	0.22575592	0.25040931	0.26812437	0.09978042	0.07943837	0.05897434	0.06254755	0.21414340	0.21417747	0.06553280	0.17496703	0.06481425	0.09012927	0.09917134	0.00021021	-0.11453597	-0.07512305	0.33657702	0.39308731	0.03964687	0.16966452	0.32707664	0.13097568	0.36514190	0.11249974	0.33077392	0.15153193	0.09799620	0.18122733	0.24329659	0.14062038	0.25753768	0.18220240	0.28934377	0.17724050	0.11127061	0.02604208	0.18662338	0.25893010	0.18143393	0.21134247	0.22495009	0.22598140	0.22999036	0.26370601	0.23734993	0.24717057	0.31723629	0.22380165	0.26894065	0.32185506	0.18185627	0.16836737	0.17894110	0.04341943	0.30056954	0.20885758	0.15801964	0.15039306	0.37967914	0.20185518	0.29305321	0.04118382	0.04270115	0.23564674	0.56442518	0.16346114	0.39699829	-0.05564670	-0.11345537	-0.15717570	0.00446677	-0.11773745	-0.23910226	-0.02140909	0.12170342	-0.02350513	0.03285847	0.02613271	-0.06811376	0.16548531	0.17158631	0.45390421	0.27240049	0.00020721	-0.00584319	0.22190297	0.03378273	0.27858904	0.15712571	0.09926881	0.16595892	-0.01176123	0.53145599	0.42404631	0.34175839	0.44608786	0.19389780	0.04886450	0.01241901	-0.00509002	-0.23440218	-0.06280340	0.24313248	-0.00726022	0.03309383	0.06978506	0.28980599	-0.34999490	-0.02163735	0.22248874	-0.14266128	0.27991900	-0.09881148	0.05319085	0.03975801	0.03744910	-0.17622089	-0.36222285	-0.39130563	0.08877921	0.10316364	-0.21443735	-0.41380532	-0.08293966	-0.23752111	-0.29935877	0.11896109	0.16342335	0.13128686	0.35222756	-0.16164752	-0.15349057	-0.17920887	-0.13724065	-0.05994276	-0.09468524	-0.08867871	0.11158189	0.27179415	-0.34845029	-0.25767880	-0.25683520	-0.31241736	-0.11971433	0.02506730	-0.06449966	-0.18056017	-0.08516782	0.12367730	0.32494882	0.99106542	0.44296226	0.41174439	0.22183462	0.46033995	-0.03275935	-0.09529974	0.18886197	0.03219007	-0.00562568	0.03483708	0.02145114	0.11194291	0.06415573	0.02527168	-0.13774811	0.17219028	0.16315794	0.20962059	0.05379801	0.03759838	-0.02930667	0.07833893	0.04713923	-0.00989488	0.08662426	0.01359341	0.14205656	0.15826224	-0.03220863	0.04348367	0.20465643	-0.00224116	0.29686012	0.24655410	0.14654544	0.17515738	0.05228967	0.10980185	0.02967271	-0.09545062	0.03265781	0.17065823	0.05075916	-0.07661638	0.03824346	0.00391140	0.12853875	0.10073775	0.02575873	-0.03170907	-0.01523050	-0.08561007	-0.06137444	0.10412732	0.17865356	-0.00137286	0.05618418	0.06174169	-0.00964818	0.01469432	0.02787670	-0.04968754	-0.02399469	-0.14576555	-0.18719115	-0.14976707	-0.11189916	-0.07817387
17Networks_RH_TempPar_7	0.11602080	0.08038827	-0.04679217	0.16675496	0.11911703	0.21901330	0.25777016	0.42896244	0.31366733	0.43199605	0.34990155	0.26697037	0.26014459	0.17451275	0.12349737	0.12679811	0.00181982	0.25397102	0.17564763	0.32643409	0.08979242	0.30706100	0.16491960	0.18127261	0.43340298	0.19896090	0.40041008	0.29589486	0.43367738	0.38941680	0.29184883	0.37314884	0.45392960	0.47593868	0.23604506	0.37787771	0.23431352	-0.04379093	0.08715278	0.50438548	0.29322133	0.11923516	0.13424225	0.19551443	0.36733568	0.12710764	0.41990375	0.33802637	0.06795764	0.25521487	0.35874861	0.37905451	0.46975826	0.45897032	0.11491792	0.09927877	0.06404921	0.19100677	0.21372411	0.03979633	0.18230768	0.04058266	0.20995457	0.10365418	-0.06855761	0.05807057	-0.15775830	0.00029402	0.24691340	0.01475942	0.15256193	0.19113979	0.20964695	0.33130319	0.10386586	0.35121853	0.24995289	0.32041817	0.19447216	0.25696481	0.01652797	0.09538246	-0.09538430	0.05768591	0.24087227	0.44851739	0.38101614	0.45221828	0.37146743	0.29643007	0.42436105	0.40507113	0.55193065	0.30382443	0.27763162	0.44440411	0.22404764	0.44948582	0.26639139	0.12009281	0.34263549	0.36658829	-0.03765584	0.22420248	0.29253714	0.01542501	-0.09161009	-0.07989277	0.12191513	-0.02473068	-0.08106644	0.08907949	0.02182667	0.05586182	-0.02894532	0.14687369	0.06517636	-0.01591257	-0.00659248	0.05586333	0.03266434	-0.34688945	0.24316143	-0.10132606	0.05808541	0.03882524	0.09975978	-0.07322394	0.10054423	0.12904116	-0.30296270	-0.24757419	0.26640230	-0.01612748	-0.11984629	-0.12365907	-0.04311264	-0.09320780	-0.35503320	-0.19271785	-0.19226131	0.07473095	0.12331903	0.02124860	0.18413126	-0.16647227	0.06219873	0.18830326	-0.16892246	-0.29959955	-0.21411087	-0.10743776	-0.35340366	-0.17938057	-0.30704719	-0.28204774	-0.00272626	0.11278122	-0.23515931	-0.07616596	-0.18529885	-0.10539063	0.02240007	0.05030894	-0.18192481	0.07644124	0.00978895	0.06663021	-0.03624314	0.00731037	-0.09173657	0.13245699	-0.05072484	-0.03523648	0.01371523	-0.13727005	0.18026688	0.10899550	-0.18728712	0.12342292	-0.08279901	-0.20126267	0.17376648	-0.02899580	0.02890203	0.07754435	-0.01746055	-0.33272081	0.03235137	-0.21855233	-0.16610431	-0.09474157	-0.11816781	-0.04114202	0.23484926	0.27204135	0.23786730	0.33772436	0.09285080	0.47892155	0.18827874	-0.11013039	0.19046327	-0.07060336	-0.10977156	-0.15409420	0.06858557	0.35315334	0.30973015	0.46230822	0.29956238	0.25598033	0.19326499	0.04033211	0.14136726	0.27600871	0.05508345	0.09257387	0.39630281	0.27064596	0.14523514	0.14801310	0.22063188	0.18076320	0.25411415	0.42192097	0.13894631	0.41808251	0.19251510	0.24506571	0.32487651	0.34823900	0.22890944	0.23257176	0.35666705	0.21996213	0.14125124	0.26115954	0.31939513	0.12388453	0.20343449	0.23070754	0.23676778	0.16958729	0.29336678	0.27316638	0.27683920	0.13432684	0.32984138	0.07879525	0.29270063	0.30265940	0.34063234	0.16176630	0.40054594	0.12248281	0.05246062	0.10276601	0.24823103	0.00201662	0.11128902	0.39398814	0.10945897	0.02807006	0.22425324	0.18489970	0.21711550	0.30820649	0.19739993	0.38209358	0.32081668	0.21305506	-0.01836130	0.15167459	0.32005334	0.20916704	0.24196769	0.46042960	0.31760709	0.36779545	0.28070706	0.26528780	0.22235870	0.36010969	0.55495644	0.36076010	0.38402646	0.45059703	0.44394755	0.35734425	0.34321536	0.42474557	0.41037288	0.44786415	0.36227683	0.48497069	0.15963120	0.28733550	0.26818140	0.48447517	0.33497309	0.49772641	0.33442972	0.51422037	0.09352799	0.03254166	0.25765279	0.26644436	0.14541756	0.59603605	0.28131580	0.42012030	0.12608737	0.09775140	-0.00526149	-0.08424778	0.03479843	-0.17717879	0.03591519	0.16175888	0.11273393	0.11359707	0.09191806	0.06788291	-0.02688934	0.12713102	0.09391361	0.14287359	-0.19086720	-0.06723104	0.21666858	-0.01823898	0.26491435	0.05937552	0.08030682	0.03842952	-0.15511725	0.35036276	0.14699081	0.42267849	0.19742059	0.10648320	0.10286525	-0.06842189	-0.17204086	-0.21345941	-0.06860511	0.18095590	0.12011166	0.36394699	-0.02463426	0.36421021	-0.26088315	0.16605834	0.13135225	-0.02326708	0.12337631	-0.02396675	0.05321797	-0.13737455	-0.01420473	-0.15434273	-0.21419360	-0.31551658	-0.00409866	0.25312075	-0.12217423	-0.22315826	-0.03228233	0.02931866	0.02322331	0.16173247	0.41597220	0.13686854	0.22586605	-0.02508280	0.25256025	-0.16521224	0.17074155	0.09017850	0.16244152	0.08521056	0.37086823	0.33864216	-0.21721318	-0.24402950	-0.06976366	-0.20485953	-0.17786808	-0.04222100	-0.00756172	-0.04210686	0.06337160	0.38780847	0.27563311	0.44296226	1.15485169	0.70607612	0.30972258	0.59410009	-0.02535943	-0.03633353	0.11642142	0.05846913	0.05561601	-0.00685176	0.02207415	0.18350659	0.11415481	-0.03577774	0.06187949	0.05078857	0.29084160	0.23583296	0.07179401	0.22646986	-0.06410700	0.03811321	0.02372249	0.09619400	0.09896217	-0.07160017	0.13092218	0.14757586	0.06798135	0.04686261	0.17131875	0.09019642	0.33086968	0.11847057	0.21716153	0.22670110	0.12920597	0.09887613	0.10353264	-0.08042109	0.09743858	0.20285538	0.10034537	0.03824791	0.05375638	-0.07929216	0.18778213	0.12953201	0.11894418	0.10489677	0.03202503	0.00376277	0.02783229	0.14103951	0.28173198	0.07578785	0.12487075	0.19316909	0.01055258	0.06327215	0.00979526	0.02090528	0.04878630	-0.17600085	-0.07458170	0.10109529	0.06182200	0.01501936
17Networks_RH_TempPar_8	0.12643307	0.17294229	-0.02812462	0.13847179	0.07434711	0.23671211	0.21491238	0.40660543	0.36563097	0.32154436	0.35512816	0.24909582	0.23266484	0.19400401	0.15831311	0.13743015	0.09596774	0.25564438	0.13460294	0.35941011	0.08763894	0.34443569	0.21373900	0.17668553	0.49714419	0.20298164	0.38584154	0.27543387	0.46053343	0.40289090	0.34177727	0.42190493	0.36824114	0.43090288	0.25619830	0.39359042	0.32810143	0.00819873	0.17685191	0.49041764	0.34825998	0.13186689	0.12671483	0.17083148	0.39211224	0.20223666	0.40591921	0.39098031	0.14249970	0.37580423	0.33400297	0.32880537	0.54477604	0.45743615	0.03561716	-0.04660622	-0.00260211	0.17212166	0.16412136	0.01399197	0.19199636	0.01025415	0.28182797	0.10785942	-0.07820505	0.06721635	-0.10492751	0.02162379	0.19872001	0.09908550	0.20252587	0.25250872	0.21604468	0.26498851	0.13677611	0.27482632	0.31676545	0.33280231	0.23204590	0.28438279	0.12409324	0.21345643	-0.05561701	0.13232654	0.25842462	0.47338603	0.40441460	0.43288773	0.37434163	0.28928861	0.42469983	0.42399151	0.53199969	0.39479465	0.33931742	0.37328400	0.25109579	0.42958395	0.31836549	0.21448434	0.23690307	0.22027566	-0.11487571	0.16205546	0.33493355	0.00149020	-0.06288844	-0.00994598	0.08289883	0.06509156	-0.03257889	0.04399143	0.00314861	0.06425940	0.05402345	0.11290672	0.05791156	0.10848888	0.02877486	0.19397322	0.07035730	-0.25329912	0.19137737	-0.05010102	0.04623478	0.03964696	0.03814886	0.08502111	0.10243482	0.21052743	-0.12191551	-0.09006251	0.33523891	-0.03728615	-0.00837910	-0.12340735	-0.02697889	-0.07075896	-0.32658262	-0.06922004	-0.16860491	-0.00173139	0.15304832	-0.04595001	0.15463589	-0.17630133	-0.01518617	0.15283415	-0.12211460	-0.22320419	-0.30596847	-0.05099650	-0.30793424	-0.25362433	-0.29595844	-0.27303929	-0.04262538	0.07633212	-0.26438706	-0.13673418	-0.13652372	-0.09114133	0.03784719	0.06509089	-0.16280361	0.08074829	0.09343482	0.05603404	0.02005738	0.00064149	0.02840058	0.14829236	-0.11073201	-0.05364425	-0.00528952	-0.14188000	0.09464802	0.07184284	-0.18076428	0.10153631	-0.11967951	-0.14239997	0.23618207	0.08895436	0.08262450	0.15577702	0.06635702	-0.26515372	0.15271438	-0.12356580	-0.04619067	0.04755784	0.03034655	0.06130522	0.34625920	0.30886672	0.36575630	0.37433812	0.10413968	0.49834004	0.18318358	-0.12763584	0.16782507	-0.11707329	-0.05325349	-0.19106505	0.08678572	0.39816028	0.32202872	0.48798797	0.20297926	0.24685980	0.26885750	0.16008435	0.14589960	0.26927325	0.11572824	-0.01536980	0.41271431	0.32941707	0.12771030	0.18048090	0.23054131	0.19945967	0.16556308	0.40119134	0.13431576	0.44885697	0.22537312	0.32478339	0.30695962	0.35612630	0.23191037	0.33360113	0.44166616	0.26906948	0.22011205	0.24484298	0.28920605	0.20685823	0.25110327	0.24881456	0.20739415	0.18925455	0.41938893	0.36712751	0.30411207	0.35256140	0.44267559	0.05623878	0.38231429	0.42006566	0.37436871	0.27313729	0.53702416	0.19420382	0.01470530	0.14436537	0.37353024	-0.01276987	0.00221972	0.43806287	0.06449175	-0.00347019	0.23472453	0.16588126	0.23981749	0.27180594	0.22988187	0.36406370	0.33000116	0.25441756	0.00529821	0.21484060	0.36795587	0.29185249	0.29736084	0.46100489	0.30301032	0.37178308	0.30230686	0.25712519	0.22461352	0.31243517	0.60924445	0.49254809	0.47851022	0.48508870	0.36744521	0.32289857	0.40169941	0.49806330	0.43107688	0.47663767	0.44628823	0.47172738	0.31986888	0.24695995	0.29576928	0.44678704	0.31814096	0.49058772	0.21067008	0.52558952	0.14945000	0.05602526	0.19173883	0.15629427	0.12379435	0.56695717	0.22042720	0.38848268	0.06980455	0.11735086	-0.02155953	-0.07829136	0.06306356	-0.13070315	0.02741801	0.17290473	0.07768155	0.11189062	0.08973584	0.02778164	-0.01136153	0.20418197	0.12757819	0.18041540	-0.23973375	0.02407693	0.24067869	0.02501943	0.32594501	0.07192121	0.15353661	0.07555010	-0.02994231	0.24385574	0.12647459	0.41672950	0.15521124	0.02917790	0.06702252	-0.07735797	-0.14091218	-0.12610773	-0.03878246	0.17710581	0.09860446	0.32112352	0.02093713	0.26954236	-0.33054265	0.10328449	0.06937502	-0.15734067	0.14566909	0.01124348	-0.04410600	-0.09554201	-0.06996330	-0.19919476	-0.32675596	-0.31507244	-0.08859417	0.19789419	-0.16038584	-0.18116995	0.01890416	0.01528320	-0.00491969	0.14647674	0.31786087	0.13188852	0.26112797	0.06032441	0.15037424	-0.14252542	0.16206151	0.03944818	0.10345787	0.10030611	0.33060859	0.31522045	-0.21783830	-0.24947107	0.03429123	-0.14006742	-0.03943062	0.12904500	0.08762878	-0.00964711	-0.02076084	0.42888106	0.27572916	0.41174439	0.70607612	1.06897437	0.15685863	0.46254341	0.05968646	-0.00610363	0.16478292	0.10861944	0.17586790	0.02187117	0.14638534	0.27846589	0.04744856	-0.09672570	0.12822398	0.07677418	0.32649363	0.30608561	0.07746694	0.23481242	0.00095322	0.05727722	0.08407509	0.16351522	0.15530255	-0.07390393	0.17945728	0.17165947	0.03930573	0.00505350	0.20491802	0.10644821	0.35059613	0.17409232	0.22461716	0.18952967	0.18167541	0.14408755	0.15859118	0.04756549	0.15453349	0.29754218	0.14718153	0.07990735	0.13377685	-0.02874633	0.20818363	0.10652537	0.09509698	0.13456585	0.03586114	-0.04906787	0.11406456	0.20109674	0.30271959	0.16250989	0.12810784	0.28107286	0.10832257	0.14679139	0.09326466	0.03621409	0.09516923	-0.06187278	0.01209194	0.09340078	0.02361889	0.04162978
17Networks_RH_TempPar_9	0.16393892	0.13665433	0.07864699	0.18628057	0.16803314	0.13027231	0.22635188	0.12341163	0.15345961	0.20596571	0.20236872	0.14200353	0.15738892	0.12615368	0.21772294	0.00738628	-0.11490577	0.17879322	0.13055535	0.10640854	0.10422775	0.08397116	0.13986847	0.17173558	0.19858979	0.09558148	0.13257345	0.06031983	0.20559492	0.08771059	0.08702999	0.05578301	0.25938642	0.20678966	0.10389431	0.08217049	0.04656416	0.07341393	0.13529828	0.20835541	0.14555540	0.03294260	0.15361269	0.00353862	0.13101329	0.03365282	0.02982043	0.07116527	-0.00245529	0.15847735	0.22677745	0.14376202	0.13221628	0.11962170	0.10184840	0.11308283	0.18687991	0.09893070	0.20907909	0.11200078	0.16443527	0.05818775	0.12636468	0.03042462	0.09163496	0.04628693	0.01282505	-0.00362792	0.04925428	-0.06412457	0.05381731	0.10382776	0.05482625	0.17433862	0.01301151	0.19647734	0.02723483	0.16109822	0.08045884	0.00738615	-0.02168579	0.19470638	0.05812400	0.08880870	0.12000462	0.13054483	0.20789868	0.08770804	0.05359060	0.03469536	-0.00828385	0.02131054	0.06764459	0.05705804	0.14163047	0.14880960	0.09975720	0.17970518	0.15361442	0.08820197	0.10763957	0.15235217	0.05230616	0.11335935	0.03893431	-0.02406179	-0.03176379	0.03245144	0.16834539	0.02138258	-0.02424768	0.09719347	0.12396478	-0.03426488	0.00736910	0.13083295	0.12968134	0.02194253	0.02407550	-0.04351358	0.02148853	-0.01532745	0.11535230	0.05072178	-0.02421922	0.02002826	0.08333065	-0.16072407	-0.17697276	0.00631377	-0.00961326	-0.04322773	0.03399486	0.10922202	0.05295905	0.24764126	0.15126072	-0.00851853	0.02134918	-0.01630111	0.12195562	0.24113526	0.18487557	0.21562364	0.16311548	0.13192248	0.25176009	0.12590156	0.19350122	0.08663342	0.16319091	0.01369535	0.05367611	-0.01032578	0.10721963	0.03143671	0.22954696	0.16538827	0.25419210	0.26866897	-0.05799471	0.05336190	0.08103306	0.09883028	0.14068064	0.14253270	-0.02524271	0.13870937	0.02729304	-0.06166886	0.09192835	0.21586327	0.10685077	0.25220127	0.08851200	0.03957306	0.20720596	0.09690605	0.12704687	0.20000823	0.08294441	0.15161321	0.18082318	-0.00725972	0.16729766	0.10959693	0.04583793	0.06310560	-0.02826559	-0.07213046	0.05656204	0.08604731	0.00425316	0.05593960	-0.04357717	0.07457327	0.23884611	0.12877778	-0.02993005	0.05330285	0.17041414	0.02500764	0.15625967	0.02555984	0.04863883	0.11199020	0.15901562	0.18170699	0.12174624	0.19148655	0.17652227	0.17287833	0.13502969	-0.01959390	0.11162444	0.15741222	-0.06618465	0.04055418	0.09834806	0.15585382	0.12342025	0.18367597	0.16277337	0.13007142	0.15334604	0.14327427	0.12097125	0.12752833	0.23401329	0.10673743	0.18800584	0.16731022	0.15572925	0.04548266	0.10771211	0.03922834	-0.03674515	0.16881343	0.18140722	-0.04340236	0.07164546	0.08504613	0.21204513	0.00943854	0.10471538	0.03341153	0.16106915	0.01211104	-0.02849789	0.06118543	0.17341770	0.10393183	0.08765575	0.02057726	0.10494926	-0.01319119	0.15318072	-0.02720307	0.18711299	0.05079886	0.15809684	0.18046671	0.21571495	0.17799533	0.12047548	0.09762165	0.16873926	0.08944515	0.10414246	0.04224381	0.14306450	0.14603400	0.03255974	0.09130516	0.07581230	0.08561522	0.14846577	0.03353382	0.20303333	0.13841554	0.13104468	0.21170791	0.05663296	0.07448654	0.06773514	0.04144220	0.00014727	0.18121730	0.09707391	0.00103806	0.08812203	0.07827456	-0.01933714	0.02069817	-0.02866109	0.21109548	0.03069305	0.17466180	0.07280916	0.13823060	0.08398152	0.14339811	0.33166059	0.12962634	-0.10516714	0.03011000	0.22499805	0.21273248	0.03194646	0.07302134	0.26816617	0.20381970	0.08704315	0.02113945	0.08657225	-0.06526456	0.11635558	0.05646061	0.00461597	0.07513061	0.06437375	0.10483645	0.10018679	0.14156527	0.06856160	0.05247069	0.01891780	0.04050517	0.17030527	0.07470804	0.12315240	0.10914575	-0.01077139	0.10190102	-0.09789035	0.15434040	0.09633315	0.32133340	0.27121865	0.05307080	0.11671404	0.21681338	0.27867210	0.23090086	0.02729631	-0.13722007	0.01223367	0.08647783	0.24224889	0.25859390	0.19303712	0.29716036	0.20745420	0.27345884	0.18108603	0.15193887	0.13760816	0.19539247	0.44953549	0.12283229	0.17190835	0.19755195	0.00260494	0.10644648	0.18222928	0.20962105	0.18702995	0.01625862	0.09894545	0.07437164	0.12050054	0.23961211	0.16026668	0.29177174	0.16789024	0.14930354	0.24473721	0.05531018	0.25877749	0.10617039	0.27014325	0.01816414	0.25957791	0.16516504	0.12210766	0.13496459	0.07682626	0.05093974	-0.09452143	0.09598297	-0.02689343	0.09941203	0.23207482	0.31130537	0.28115511	0.22183462	0.30972258	0.15685863	0.82916873	0.35332618	-0.01099134	0.00163082	0.14284060	0.06288991	-0.01047628	-0.01885637	-0.02661653	0.08036009	0.05610479	-0.01829989	0.01258945	0.08258530	-0.03185747	-0.03313786	-0.06104146	0.08456014	0.05321893	0.04617747	-0.01515910	0.00855655	0.07728045	-0.03781802	0.03276331	0.05729757	-0.04857218	-0.00824536	0.14696956	-0.01763077	-0.02836707	-0.04898727	0.06162813	0.10516568	0.16244824	0.11629229	0.11552004	-0.08507419	-0.02954411	0.19906018	0.07736877	-0.10293306	0.15333155	0.18884242	0.21460199	0.22254038	0.17800556	0.13913161	0.03032600	0.06494367	0.04464712	0.11251573	0.16556683	0.05572445	0.14281656	0.07715957	0.06220094	0.12421256	0.18352838	0.20974082	0.20786936	0.14271425	0.16394746	0.14605534	0.17122028	0.16482307
17Networks_RH_TempPar_10	0.02024221	0.00582712	-0.09679822	0.08750809	0.14554775	0.19279347	0.20897656	0.32412831	0.26764483	0.31487331	0.22063269	0.18447212	0.19576032	0.03379111	0.08131036	-0.06930654	-0.14076630	0.22089330	0.05763821	0.14175432	-0.00330349	0.14559413	0.21479682	0.10234688	0.37247887	0.11094319	0.27886042	0.24110876	0.38694205	0.25233657	0.25111202	0.21939242	0.27647224	0.31175513	0.14752787	0.34251844	0.21114661	-0.17858934	0.04728101	0.40387727	0.27097413	0.13060452	0.19459007	-0.03762048	0.19937036	0.08142565	0.35582919	0.25478871	0.02658205	0.21105983	0.24728642	0.31938998	0.29959256	0.35797048	0.08638625	0.05122478	0.10079555	0.04353271	0.13867791	0.11061588	0.14808078	-0.02147822	0.16711973	-0.01810466	0.01853089	0.11035301	-0.11369749	0.04522208	0.30853144	0.14458635	0.21369475	0.25033563	0.24248692	0.27003672	0.13497662	0.33436589	0.24799760	0.31141752	0.30960744	0.29796358	-0.20755742	0.02727032	-0.10449631	-0.02213899	0.17478933	0.38849279	0.39020604	0.47753166	0.27819734	0.26850224	0.39872486	0.43536471	0.39290131	0.25231794	0.29168091	0.33399918	0.16993999	0.35270638	0.17815512	0.10736951	0.36634173	0.26099284	-0.05148194	0.25924119	0.25495542	0.00011420	-0.08449379	-0.08809157	0.01497027	-0.02492230	-0.15425080	-0.06840897	-0.18120318	-0.09265483	-0.08408577	0.05317191	0.02431500	-0.02463547	-0.02832639	0.14873395	-0.05263787	-0.30183398	0.38051515	-0.11780466	0.17169641	0.23009891	0.08239780	-0.00425978	0.08458569	0.12187876	-0.23464464	-0.19950172	0.25785258	-0.02962028	-0.09688700	-0.10399073	0.08313573	0.05134408	-0.31031937	-0.11510178	-0.13546293	0.11487606	0.00482740	0.01372450	0.19113002	-0.14735798	0.07915148	0.18000547	-0.22171037	-0.40923024	-0.25029920	-0.17440523	-0.39195750	-0.42831576	-0.42762109	-0.28215011	0.06343303	0.05004610	-0.24805874	-0.13388115	-0.41399220	-0.21190505	-0.09569616	-0.07425332	-0.23922739	0.00638030	-0.09460959	-0.12565367	-0.15619346	-0.26471670	-0.09367302	0.06803547	-0.08332335	-0.02861752	-0.19281099	-0.30776592	0.02743976	-0.05166246	-0.12285612	0.02447239	-0.15246827	-0.13410073	0.09342575	-0.03382159	-0.05918973	-0.02362510	0.02102798	-0.36450596	-0.14855690	-0.36577240	-0.33810559	-0.04249107	-0.08032850	0.04966410	0.22717673	0.24053980	0.13913048	0.33608311	0.10698342	0.38525099	0.05838253	-0.07360661	0.01592404	-0.01598575	-0.00956033	-0.10478430	0.02766315	0.27401402	0.17572395	0.34164186	0.20494828	0.20025295	0.09220921	-0.07773074	0.01207926	0.11714923	-0.06372421	-0.03921110	0.16535501	0.19305336	0.04851699	0.15326023	0.11563086	0.12826608	0.12564134	0.33137080	0.12468470	0.30170831	0.17354424	0.13974131	0.23584687	0.28522588	0.16335966	0.13006092	0.31318981	0.09149269	0.21119196	0.18336406	0.23385344	0.10151970	-0.01168825	0.16610888	0.19477032	0.03224910	0.10824718	0.10415489	0.15035352	0.09626503	0.11035864	0.13802270	0.29242795	0.17954347	0.24248028	0.19682638	0.34903491	0.04619637	0.05343133	0.02785244	0.26012203	-0.08205662	-0.13397994	0.32014275	0.18109424	-0.00361551	0.23122076	0.24907768	0.26285126	0.27587650	0.22053952	0.45830152	0.25363975	0.18209477	0.01435731	0.15776554	0.22685335	0.24077255	0.29830740	0.25581340	0.31404595	0.29203794	0.10854704	0.25860277	0.28447025	0.28385672	0.42931548	0.34315161	0.39335880	0.36396244	0.19866837	0.16390298	0.25492782	0.25804577	0.33236012	0.31982006	0.31898169	0.41677098	0.15941381	0.25784685	0.11788567	0.38935492	0.27006649	0.34602132	0.30651205	0.51043352	0.18684339	0.15756695	0.27413951	0.22219181	0.20085859	0.62100712	0.21714122	0.48565752	0.06214073	-0.03382894	-0.09832626	0.02578391	-0.06514141	-0.34345853	-0.10326028	0.00539740	0.06157856	-0.05246114	0.05727374	-0.08661049	0.01658209	0.14299361	0.19381334	0.19840965	-0.10631791	-0.06344541	0.23269468	0.16007568	0.29233326	0.18337026	0.06612923	0.01877700	-0.04848113	0.50847080	0.30142385	0.46325771	0.36448508	0.16416063	0.11681426	-0.07379301	-0.14578470	-0.23307571	0.04189700	0.32394077	0.12006772	0.29459529	0.06636972	0.41253423	-0.37872173	0.06974438	0.23313362	-0.03589194	0.17893549	-0.15264211	0.06934403	-0.13599638	-0.02257140	-0.22928592	-0.41037563	-0.39637993	-0.00106722	0.17752666	-0.21606516	-0.34464116	-0.15560201	-0.15087848	-0.13521912	0.15050804	0.26948434	0.15976599	0.19958287	-0.02441056	0.07551732	-0.23732073	0.06485167	-0.03872060	0.14783605	-0.04850108	0.30943692	0.37891348	-0.39818484	-0.27463140	-0.14734545	-0.35546449	-0.13227620	-0.04296664	-0.02185708	-0.17823198	-0.05016795	0.25015450	0.21391883	0.46033995	0.59410009	0.46254341	0.35332618	1.08876824	-0.10660461	-0.07522747	0.10811737	0.07669884	0.02760881	0.04699084	0.13000985	0.03195195	0.08863472	0.03293811	-0.05044006	0.11129026	0.21472590	0.18152657	0.14632089	0.24472070	-0.07283274	-0.06853000	0.02435196	0.09790481	0.00357015	-0.01957409	0.16633568	0.15606044	0.03479244	-0.03389772	0.13152656	0.02977543	0.17191939	0.06736999	0.25311216	0.22669691	0.06765645	0.04990040	0.02719452	-0.18792359	0.11051819	0.15710205	0.03372462	0.01844978	0.01842448	0.01169447	0.11949903	0.09760997	0.07158053	0.01825561	-0.03732103	-0.12193677	0.01376472	0.02336242	0.16506075	-0.00552821	0.00923793	0.08562176	0.10047771	0.11080166	0.06015544	-0.01838507	-0.06364671	-0.16782105	-0.12713283	-0.01087117	-0.07188910	-0.08619121
aHIP-lh	0.14351697	0.25614349	0.03154813	0.12143703	0.14402902	0.22258456	0.07801825	0.09959452	0.06920015	-0.17719775	0.02284425	0.02149578	0.34516722	0.25599517	0.11668000	0.33699680	0.13447111	0.00219169	0.02443848	0.23278673	-0.05109468	0.05509853	-0.02416857	-0.03959557	0.07415541	0.20875687	0.06528723	0.02679287	0.11997732	0.05116913	0.15529965	0.13552004	0.14811217	0.07700342	0.07441142	0.11914305	0.20151829	0.09286746	-0.01474552	0.14675325	0.21727535	0.04225638	0.12775608	0.14221649	0.25862372	0.00506181	0.31627754	0.11475831	0.11490568	0.15262252	0.19087164	0.30048787	0.18042083	0.12945720	0.16849095	-0.02655575	0.13575453	0.12394053	0.14343878	-0.05580925	0.41380023	-0.00574700	0.26791778	-0.01901780	-0.11313203	-0.00040133	-0.01302802	0.01760257	-0.15009781	-0.20669117	-0.07021206	-0.08962399	0.07479179	0.17708836	-0.09742385	0.10345733	-0.02109176	-0.02676113	-0.09445014	-0.12124122	0.19623665	0.12295790	-0.07950569	-0.07623476	0.01517934	0.15732334	-0.05055467	-0.19118158	0.29314973	0.28209219	0.04309808	0.13477120	0.15002509	-0.02849251	0.07726578	-0.12824086	-0.23705758	0.09418297	0.08830580	0.19354877	-0.02497642	-0.08980247	-0.26791014	0.13551428	0.16686480	-0.02000793	-0.08592283	0.07812138	0.02223665	0.21034432	0.13204152	0.32114533	0.05717451	0.26070875	0.40963515	0.43967210	0.21493409	0.37510718	0.35955658	0.18458890	0.10612021	-0.04091988	-0.23563980	-0.04954752	-0.13211200	-0.14141118	-0.15531818	-0.03729801	-0.00704021	0.01718675	0.05616963	0.09404446	0.03329864	-0.08904331	0.17879715	-0.07406625	-0.12726634	-0.12000762	-0.04272014	-0.06844314	-0.00295477	-0.09662723	0.10538916	0.06455227	0.05853369	-0.08685340	0.04240756	0.06493905	0.06273655	0.12208129	0.00527060	-0.13157678	0.00487060	0.15969508	0.19228757	0.10343258	-0.01954143	0.09540314	-0.02651369	0.02112102	0.19940182	0.18331228	0.19200153	0.24090734	0.02322695	0.16755763	0.27847739	0.23437292	0.25845878	0.20850328	-0.03705904	0.19028481	0.04794169	0.00847865	0.18788795	0.05309034	-0.10055272	-0.02596335	-0.02740105	0.02282329	-0.14117224	-0.07860675	0.28744096	0.01840240	0.21228447	0.07911078	0.04285525	0.03741004	0.32050347	0.31401685	0.30769398	0.17797624	0.42812765	0.45546488	0.24695273	0.11875126	0.15743372	0.05800499	-0.09725634	0.04538027	0.16613965	-0.11058930	0.03538723	0.09887155	0.17142022	-0.24925963	0.22159341	0.18412967	0.00620873	-0.03990837	0.10427688	0.04668950	0.32305491	0.44135522	0.21935525	-0.07256308	0.30377862	-0.02655788	-0.00781734	0.05091662	-0.03492025	-0.10815475	-0.01430116	0.15617234	0.09094610	0.26040800	0.02459610	0.18980108	0.14192101	0.22968657	0.14730391	-0.05934726	0.01990348	0.05576288	0.17259441	0.18636108	0.05855326	0.19673370	0.08675023	0.06159337	0.20342678	0.10918224	-0.04469042	0.14248941	0.18202162	0.25029264	0.13777944	0.03606789	0.09438823	0.04983014	0.05020126	0.12379871	0.29697933	0.12465528	0.10475709	0.12340602	0.18706128	0.26128282	0.14298181	-0.02510969	0.03200380	-0.03377159	-0.12343216	-0.16093129	-0.06371801	-0.08609874	0.04888670	-0.03172843	0.04481301	-0.07218388	0.14705272	0.06510928	-0.07591001	0.29139243	0.06452731	-0.03446617	0.08733937	-0.00280250	-0.06729243	0.08457363	0.07278143	0.00095777	-0.07395732	0.11847245	0.05807831	0.22820328	0.06767887	0.01603611	0.11684983	-0.10120005	0.20479036	0.18861135	0.14842650	0.16068259	0.03004462	0.11739701	0.21462195	0.05603861	0.01320509	-0.11238547	0.11621907	0.14160280	0.00397744	-0.08068990	-0.08342942	-0.08803154	0.03279207	-0.05912750	-0.12766713	-0.00063569	0.18269935	-0.02681242	0.12789429	0.29860699	0.21258880	0.06150797	0.55040420	0.06914147	0.31742077	0.30928173	0.23713914	0.49959428	0.38639466	0.21201707	-0.03513042	-0.04174661	-0.03259317	-0.09019781	0.03211469	0.08228050	0.05680674	0.04027138	0.00079923	-0.01680604	0.09559542	0.16309854	0.20224458	-0.04886536	-0.09908115	-0.14519508	-0.17381284	-0.08158254	0.00332838	0.09267924	0.02807071	0.08866397	-0.04809938	-0.04900278	0.13602524	0.00769607	0.18781062	-0.03811370	0.09947320	0.02436522	-0.10807437	0.12991158	0.09186644	0.31547800	0.13059477	-0.00020136	0.04668625	0.22306041	0.14574997	0.21699792	0.17751370	0.04556131	0.11164700	0.17930630	0.24609251	0.33721121	0.23430936	0.09387695	0.12649452	0.15028476	0.05999498	0.40340799	0.09501656	0.17194878	0.05662655	0.02847110	0.14726820	0.40822079	0.09448653	-0.04277050	0.20260369	0.03364343	0.19767014	0.32258790	0.05166343	0.45551838	0.17379311	0.46512639	0.22563330	0.20123543	0.14488755	-0.03275935	-0.02535943	0.05968646	-0.01099134	-0.10660461	1.04020604	0.44991331	0.38912713	0.49270743	0.19139510	0.19743230	0.12106010	0.28156574	0.16698822	-0.04981469	0.19741251	0.16607168	0.11378263	0.17197755	0.08065677	0.07735494	0.62442825	0.37751261	0.44642590	0.43386152	0.21714197	0.20347316	0.12772259	0.22058849	0.02531665	0.05032884	0.11550460	0.16829152	0.12462597	0.13883520	-0.01936814	0.03925477	0.21331878	0.15965135	0.29542009	0.27951824	0.02094220	0.28692951	0.26174139	-0.01482504	0.11691021	0.17545753	0.20213414	0.15996001	0.02850557	0.17462623	-0.15188138	0.10535705	0.04918716	0.28170694	0.30239031	0.33571328	-0.02243964	0.34974570	0.24642599	0.05880895	0.01346197	0.10780888	0.14893325	0.05877674	0.23023507	0.06646145	0.10056148	0.04704547
pHIP-lh	0.15222820	0.22224914	0.03607148	0.06271303	0.21197969	0.19552724	0.12665816	0.00934215	0.06130022	0.01123107	-0.02297997	-0.00549283	0.44819472	0.29589523	0.17216785	0.39544978	0.32031848	0.12551606	0.15090309	0.23671453	0.10332210	0.14696535	-0.00848918	0.00938628	0.17200960	0.17534387	0.07888280	-0.00533990	0.16346002	0.12541828	0.23178677	0.24937417	0.08901992	0.07331406	0.02485488	0.16954360	0.14165567	0.07872658	0.03395780	0.14593147	0.17883603	0.17600050	0.17195109	0.12143533	0.23587033	0.29514786	0.26220064	0.13153122	0.11700341	0.17221290	0.19614897	0.27086585	0.15918139	0.08713808	0.09773321	0.01037547	0.07561045	0.13702708	0.06186130	0.14829058	0.32584786	0.10013711	0.23625959	-0.15357827	-0.09973682	-0.01228331	0.01820032	0.00066988	-0.06079293	-0.13300837	-0.08795208	-0.03728094	0.01645705	0.06010794	-0.17934319	0.10108558	-0.02084155	0.00964289	-0.04053756	0.01060186	0.04739989	0.15749173	-0.00176475	0.05012178	0.06895824	0.20893441	0.08028478	-0.04618751	0.24942563	0.36222413	0.07380500	0.13490324	0.23737283	0.10604718	0.05989193	-0.04628979	-0.04003714	0.18130388	0.19894791	0.23162417	-0.02714312	0.03621432	-0.07420331	0.17180140	0.22095970	0.07585848	-0.07374264	0.21635928	-0.10232963	0.16204009	0.01433604	0.14011852	0.15368613	0.14509235	0.26436740	0.15359375	0.12199144	0.05514480	0.19484936	0.02865972	0.12903669	-0.00302071	-0.21735134	0.07049093	-0.10538552	-0.14014379	-0.10874405	-0.02798821	-0.05972973	-0.02950937	0.12530595	0.20870152	0.05958498	-0.04233167	0.20298506	0.13039193	0.01027159	-0.10826237	0.05302134	-0.00044040	0.08270321	-0.00934325	0.17702297	0.20378341	0.02401717	-0.03233210	0.02264593	0.07995824	0.20828176	0.23465667	0.16326207	0.02086893	0.08959288	0.24260078	0.26182651	0.21675669	0.09027141	0.16551822	0.12469950	0.16447196	0.24695152	0.26714110	0.28058434	0.33458601	0.11789343	0.29233775	0.20871369	0.21190116	0.24592694	0.39579383	0.21889776	0.37809871	0.10191062	0.24928068	0.31648360	0.23710338	0.09748474	0.01834776	0.04882296	0.14747965	0.10476384	0.07806170	0.34086083	0.08220294	0.25152751	0.19426845	0.14870235	0.17953047	0.36048825	0.36261698	0.36226492	0.14889926	0.41272178	0.42902771	0.19714668	0.20082467	0.23188444	0.10900531	-0.08199216	0.07436119	0.09414528	-0.02146433	0.03802109	0.07885930	0.19316797	-0.11964958	0.23262437	0.02709155	-0.02935881	0.00912635	0.06295004	0.00012653	0.22483520	0.34573819	0.16614985	0.07447389	0.32534236	0.00149045	0.03889683	0.04971643	0.12056927	0.04219483	0.12374345	0.17174549	0.11279832	0.24436691	0.03577839	0.31199293	0.15861024	0.17698288	0.12374913	0.03766814	0.18314823	0.14519503	0.15282892	0.19503611	0.12245272	0.24017741	0.07595881	0.13478660	0.09269745	0.02447070	-0.10176585	0.21991202	0.27696192	0.30099310	0.05330325	0.10211311	0.13231433	0.05338303	0.10228001	0.09164927	0.30226275	0.10414355	0.08049315	0.14570913	0.10027284	0.25549320	0.05237179	-0.08071968	0.07998058	-0.05024767	-0.16807588	-0.14027976	-0.07259120	-0.07267868	0.07148502	-0.09855623	0.01993964	-0.07540685	0.21025540	0.04667684	-0.02737778	0.22658230	0.10186645	-0.02824318	0.16319082	0.05470735	-0.08064558	0.18445944	0.09799658	-0.04508346	-0.07119177	0.05873176	0.10739131	0.14959599	0.08812006	0.03745857	0.10839885	0.08557617	0.28761428	0.19298780	-0.01564206	0.22403579	0.02642246	0.20531301	0.24769081	0.10990954	0.18608608	0.01047873	0.03537628	0.09437464	-0.01721191	-0.01642440	-0.08341794	-0.18239226	0.07304367	-0.03448108	0.00438337	0.00803206	0.15875968	0.03018972	-0.10182701	0.15232123	0.08266661	-0.12421894	0.29165625	0.09432275	0.15303751	0.16661248	0.20559351	0.24428288	0.23916085	0.13738762	-0.01755915	-0.02294777	-0.05898635	-0.06036333	-0.04791274	0.01617473	0.05417369	0.03526036	-0.10675563	0.00017570	0.08389574	0.02269990	0.19060335	-0.07765227	-0.09503346	-0.12399179	-0.07845982	-0.09115487	0.05864372	0.10323124	-0.01522959	0.11920482	-0.14068417	-0.10126137	0.10409463	0.04084392	0.21798909	0.08486469	0.15307552	0.08179454	-0.09068803	0.21659236	0.08253653	0.21781994	0.12846553	0.05993479	0.03063100	0.16394338	0.31084877	0.29450799	0.23709420	0.06069663	0.17229180	0.22129371	0.19500016	0.33404949	0.27411094	0.09106834	0.12196276	0.08325442	0.06772048	0.26626872	0.21417621	0.25186894	0.08489063	0.03439033	0.06089805	0.30496748	0.11752027	0.04536148	0.18965484	0.13079789	0.36762074	0.41123323	0.14025941	0.39296683	0.02550906	0.39377964	0.21404197	0.18008476	0.05607702	-0.09529974	-0.03633353	-0.00610363	0.00163082	-0.07522747	0.44991331	1.00197179	0.18468262	0.26633978	0.22462086	0.31031740	0.09328925	0.19101128	0.14807125	0.02406743	0.20946525	0.05302792	0.13772019	0.27201464	-0.05192624	-0.00010570	0.35351537	0.37410803	0.25862585	0.23062469	0.13716605	0.28628894	0.09268088	0.16102641	-0.00896532	0.10185324	0.02592052	-0.00281516	0.13214882	0.16475791	-0.09209994	0.06764350	0.22066737	0.15440044	0.23642953	0.20017892	0.09578508	0.14603694	0.15882503	0.11550601	0.09388952	0.13677623	0.19522446	0.13011530	0.04110454	0.15945003	-0.02801156	0.09924071	0.13447847	0.21797568	0.27154636	0.15572263	-0.04993206	0.22862970	0.07181294	0.04570131	0.19554513	0.16123862	0.20383916	0.13405881	0.26784824	0.17577429	0.12153582	0.15405648
lAMY-lh	0.15859393	0.10124064	0.06305809	0.11127949	0.13786580	0.11021360	0.14817446	0.11997663	0.08321307	0.03625043	0.00952586	-0.03876006	0.16341779	0.07434104	0.09466625	0.06506007	0.05629496	0.09084950	0.09346498	0.15385412	-0.03151928	0.00835931	-0.01136056	-0.00057565	0.12552532	0.10701050	0.07676991	0.05598512	0.10373144	0.07359183	0.03285133	0.06381530	0.10006363	0.04250868	-0.05938257	0.06284558	0.07393730	-0.00214773	-0.04075413	0.10849508	0.08814169	-0.05638808	0.02751709	0.02999728	0.13212636	0.05400630	0.18411454	0.14757266	0.07375373	0.04016223	0.11136084	0.14662772	0.07366608	0.02499144	0.11319328	0.02489478	0.18529489	0.05357859	0.16502734	0.05396569	0.21297413	0.03492615	0.10808190	0.05402713	-0.00022543	-0.03228905	-0.00824914	0.07995504	0.10008358	0.00421263	0.06028917	0.12235441	0.06403218	0.10186431	-0.01667767	0.08509256	0.06749776	-0.00921179	-0.01042219	-0.09295497	0.09972135	0.13600397	0.02483415	-0.05763366	0.04913895	0.14543940	0.09867320	0.00637270	0.13041596	0.19304002	0.08812254	0.15938301	0.06392705	0.10196606	0.12119493	0.01633259	-0.13386090	0.08500027	0.00479608	0.04600295	0.07935916	-0.04671256	0.00199071	0.17695358	0.13619609	0.10829982	0.01953095	-0.03038992	0.05998325	0.23725215	0.10439015	0.15849081	-0.08876029	0.13243633	0.34562698	0.43767502	0.09479202	0.31386030	0.35950751	0.20404319	0.13491989	0.04120386	0.07403224	0.20400443	0.06761208	0.03510284	0.00233842	0.07050558	-0.01614797	0.02294138	0.07192414	-0.00036380	-0.01378708	0.10157544	0.14603777	0.06111549	0.16755212	0.04172331	-0.03147521	0.08905886	0.03763020	0.00154815	0.07197098	-0.01296459	0.02312023	-0.01666863	0.02536351	0.06023141	0.08399033	0.01525347	-0.07211086	-0.02477588	-0.01302196	0.00134873	-0.04664530	-0.01350976	0.04168973	0.03668585	-0.05819340	-0.03119034	-0.12824506	-0.06856808	-0.06813254	-0.07243200	0.02734820	-0.01656217	0.23300737	0.08940434	0.15112297	-0.01547929	0.17794353	0.27673864	0.09918188	0.10437698	-0.00622025	0.02029467	-0.04363058	-0.01505591	0.02253180	0.06731703	-0.07922227	0.10625524	0.20031053	0.12292469	0.21106524	0.15885081	0.13936957	0.01075272	0.03077477	0.01668839	-0.02471418	-0.03454888	0.16484963	0.17200261	0.15679113	0.13693693	0.20028080	0.18502056	0.18466235	0.15776564	0.08750516	0.00454422	0.03001955	0.01497327	0.07064747	-0.09261663	0.11268316	0.08521405	0.06247249	0.14079083	0.01231438	0.07403931	0.13366792	0.11726081	0.10963161	0.08387613	0.11358777	0.03705856	0.06931118	0.04877548	-0.02497635	0.01511985	-0.02285469	0.10595752	0.06201450	0.21651074	0.08260829	0.07728779	0.15313054	-0.00067517	0.06809579	0.08651196	-0.03054919	0.01879416	0.12186206	0.03479090	-0.00952351	0.11950887	0.01258181	0.00629595	0.05751644	0.06865381	-0.01019893	-0.02514192	0.15520388	0.16338807	0.22129140	0.06511564	0.04796986	0.01311585	0.04161644	0.10909859	0.21127403	0.02320712	0.04717590	0.08666065	0.17458512	0.15537539	0.01653979	-0.02556871	-0.02869440	0.12563997	0.11930074	0.00156121	0.06559820	0.10341864	0.11979940	0.10984369	0.08069423	0.11549475	0.07211438	0.09700085	0.10394047	0.21839165	0.00105107	0.06482201	0.10083763	0.14298838	0.02935941	0.01898986	-0.01207638	0.08125126	0.07058055	0.10738991	0.08127109	0.11847000	0.10411716	0.16998744	0.17691579	-0.11934033	0.17938230	0.11931277	0.10065165	0.07767421	0.09628191	0.06857239	0.16341821	0.08868262	-0.05176321	0.00284663	0.10154627	0.12441567	-0.01595049	0.11077417	0.09692295	0.04642979	0.00457585	-0.10246416	-0.05729974	0.08828840	0.07100925	0.03595461	0.10819435	0.11055110	0.20875011	0.11790663	0.29802083	-0.11678736	0.28076146	0.14814034	0.28087204	0.40714939	0.45879867	0.17136022	0.02355343	0.05009682	0.12633670	0.14521524	-0.08321504	0.14785498	0.11238293	0.03636643	0.05763224	0.09782511	0.05393414	0.25256065	0.20354283	0.18065658	0.12782421	0.03427079	0.09232322	-0.03787874	0.02175660	0.13218665	0.02277954	0.02508507	-0.01090962	0.15472361	0.08619857	0.04313555	0.04864526	-0.01747857	-0.11794226	0.00434532	-0.03314129	-0.06508745	0.14632916	0.13314874	0.13403547	0.06482880	0.01985297	0.00769418	-0.10267233	-0.08724236	0.07526252	0.07761276	-0.03792187	-0.05718964	0.02758701	-0.04231586	-0.06509243	0.01137975	0.08012269	0.12767972	0.18703810	0.29180110	0.06262710	0.06210993	0.00782949	-0.02713824	0.16359284	0.08624606	0.17273736	0.14269605	0.00405286	-0.01185983	0.05084994	0.01189891	0.02327406	0.27476051	0.23876127	0.11390663	0.05340872	0.10720660	0.17820425	0.18886197	0.11642142	0.16478292	0.14284060	0.10811737	0.38912713	0.18468262	0.91073335	0.40731702	0.12992555	0.21614595	0.07820227	0.21703544	0.11118591	0.06039786	0.16913439	0.12550968	0.16379260	0.30741014	0.04889510	0.13441447	0.47822137	0.20044190	0.41017791	0.24617178	0.18001331	0.16985895	0.12534379	0.10816272	-0.00013979	-0.07919210	0.04698807	0.00775729	0.16835672	0.32058045	0.01776294	0.09054238	0.14856179	0.06930597	0.12258971	0.12673982	-0.02628280	0.17337236	0.08556754	-0.09035448	0.18936016	0.08959672	0.17518819	0.15510254	0.12767398	0.10991217	-0.03298487	-0.05008677	0.07175218	0.24736818	0.20166425	0.20515673	0.07007448	0.18861613	0.11259189	0.01444808	0.10007751	0.14506438	0.18374098	0.12525667	0.16096168	0.11099733	0.17199132	0.00505925
mAMY-lh	0.17002988	0.09565629	0.02984210	0.03301046	0.18207143	0.20625255	0.04809986	0.08009442	0.02280597	-0.07866717	-0.10546023	-0.10042401	0.28525648	0.17677881	0.07446438	0.22444190	0.08344641	0.00748501	-0.02300566	0.22159940	-0.09597772	0.05067565	-0.06434863	-0.03111102	0.05139351	0.04870792	0.03150387	-0.00692427	0.05183288	0.07699126	0.05000558	-0.00586589	0.08310788	-0.01584961	-0.09165871	0.10785354	0.01722518	-0.00075613	-0.06196027	0.11704074	0.02190175	-0.04389225	0.01755198	-0.01739069	0.15738531	-0.03214591	0.34039175	0.07887094	-0.05104887	0.07827204	0.20297347	0.25860962	0.16554020	0.14496965	0.07867089	0.02534469	0.09490867	0.01629737	0.10315027	0.01763201	0.29407642	0.01410271	0.21740402	0.02881679	-0.05296464	-0.02930644	-0.06189533	-0.02200320	-0.03151905	-0.06648241	-0.05114402	-0.13266832	0.06604666	0.11253745	-0.07405863	0.01385527	-0.00883627	-0.17248759	-0.07680277	-0.21246746	0.10042330	0.05584816	-0.11484004	-0.10816352	0.02720147	0.09765884	0.08066364	-0.02268252	0.36251540	0.25974799	0.10633338	0.15338949	0.06982354	0.13769629	0.10979296	-0.07783063	-0.15963139	0.07145959	0.06865455	0.12615252	-0.00645602	-0.00201203	-0.09110510	0.20777501	0.25013061	0.20467246	-0.08629049	-0.00588629	-0.03062756	0.23891424	0.09193238	0.15977430	-0.17522907	0.02900044	0.31983499	0.33839757	0.06051847	0.25258413	0.37620495	0.29177865	0.04392909	-0.05432455	0.05818796	-0.02465441	0.00117477	0.00334065	-0.05361174	0.15514812	-0.00198585	0.07664930	0.02517062	0.03312491	0.08331157	-0.00714394	0.08231003	-0.11125992	0.03835845	0.02387901	-0.07299786	0.02096342	-0.02504418	-0.06823554	0.06376852	-0.11604950	0.03827060	-0.11839583	0.00318599	-0.02239063	-0.01816317	-0.11511890	-0.07064974	-0.10928841	-0.07787713	-0.15939318	-0.14889320	-0.04714008	-0.03632765	0.07129759	-0.18735538	-0.14711060	-0.07395465	-0.06391310	0.02086123	0.05966840	-0.13630431	0.06265984	0.19330074	-0.05773195	0.03654219	0.01412958	-0.00291890	0.17264905	0.00719217	-0.00342948	0.06444341	0.02700774	-0.03616170	0.02422698	0.05490625	0.03321654	-0.12051078	-0.03369331	0.25903963	0.13519409	0.16437884	0.19396239	0.18196730	-0.06549347	0.19237424	0.01517695	0.01717257	0.07093643	0.24123939	0.35772199	0.28734270	0.17118639	0.01066011	0.15425094	0.02299217	0.10945529	0.10892328	-0.08916949	-0.07755346	0.10755098	0.16935783	-0.27860148	0.13465931	-0.05364187	-0.04906041	-0.12930779	-0.11656434	-0.16977356	0.17234377	0.32986191	0.26407081	0.00698941	0.18617818	-0.16033139	0.08366653	0.02061599	-0.08599886	-0.07175180	-0.10075356	0.10909223	0.03059871	0.18535556	-0.03776795	0.03355590	0.02862694	0.07762688	-0.01844573	-0.03152255	-0.06814890	-0.07532964	0.05745813	0.08310718	-0.08632914	0.04016128	-0.03237915	0.06464755	0.02282690	-0.02752079	-0.00760546	0.12248189	0.15851012	0.18688439	0.15546781	0.11712227	-0.02176227	0.01893905	0.06027701	0.15725422	0.17603009	0.10787769	0.11010217	0.07353268	0.12750161	0.10483213	0.06039506	0.00085804	-0.07908558	-0.06254228	-0.08475396	-0.18824886	-0.04090017	-0.01668211	0.03053827	-0.08103902	-0.02789164	0.04007721	-0.02265350	-0.02787376	0.03191669	0.21871910	0.05089731	-0.04149646	0.02178656	-0.02934086	-0.00102671	-0.05048902	-0.00696730	0.03759480	-0.01493012	0.07397204	0.03436564	0.08796647	0.07309608	0.11100447	0.19743161	0.04870685	0.24534329	0.22924069	0.08899363	0.10294337	0.20695839	0.04070620	0.15042753	0.03737152	-0.06019576	-0.06897615	0.07656308	0.09841396	0.04046503	0.04158294	0.15063568	0.01084158	0.03400339	-0.16829064	-0.05642155	0.11014611	0.06224234	0.01142149	0.05922506	0.21737298	0.13668681	0.16531740	0.37159884	-0.09320703	0.23668302	0.03807106	0.16842266	0.24627640	0.42594493	0.15500524	-0.06684788	0.02649609	0.02832640	0.01394576	-0.10360147	0.12876661	0.18866320	0.04702306	0.12781610	0.01299751	-0.00649899	0.02523162	0.25503909	0.09919937	-0.03716290	0.02546499	-0.05917394	-0.06942804	-0.08896207	0.03693331	0.00821489	0.14871683	0.01359304	0.10744495	0.07121812	0.04135211	0.03028205	-0.04004513	-0.15961684	-0.03687467	-0.09499083	-0.00580121	-0.04049464	-0.04456598	0.02815716	-0.10112466	-0.07172228	-0.03735916	-0.16713013	-0.13551616	-0.01819107	0.06782634	-0.12052846	-0.05516788	0.04994458	0.10111922	0.00207291	0.00789988	0.08819393	0.09855949	0.12414356	0.21765081	-0.00867797	0.04555326	0.03390125	-0.08371394	0.18944991	0.27766814	0.21376561	0.15233755	-0.06555022	-0.13607293	0.08456483	0.00361792	0.06956498	0.23539218	0.15969008	0.08577216	0.05124310	0.12537731	0.07278995	0.03219007	0.05846913	0.10861944	0.06288991	0.07669884	0.49270743	0.26633978	0.40731702	0.94081624	0.14127287	0.20020010	0.06171507	0.11839252	0.14041270	0.03410008	0.15851430	0.23455423	0.15701231	0.17643957	0.11961588	0.13005371	0.44230541	0.18845824	0.40430786	0.48945186	0.24030271	0.09890899	0.09833824	0.12559166	-0.04786066	-0.01481113	0.04366205	0.03496150	0.12510105	0.12947157	0.04354982	0.07655342	0.02498221	-0.02877607	0.04848942	0.07392186	-0.07104768	-0.00391765	0.01448930	-0.04874152	-0.00618321	-0.04165566	0.00035848	-0.01926056	-0.05450894	0.00743218	-0.12189051	0.04341334	-0.02320485	0.07304232	0.10172056	0.15148630	-0.09978725	0.06700759	0.11014311	-0.11205692	-0.04593684	-0.09450879	-0.05787242	-0.05672185	0.01054562	-0.09279661	-0.09521190	-0.15839861
THA-DP-lh	0.38171768	0.32894617	0.17718048	0.26277219	0.24485950	0.32856517	0.27419408	0.21440579	0.26184327	0.08343170	0.08152531	0.16655508	0.38252502	0.25942139	0.32676588	0.32321690	0.16881440	0.21840060	0.22082293	0.15943737	0.10272363	0.25523824	0.15835803	0.17114313	0.21731508	0.21313643	0.08630105	-0.07512133	0.23838692	0.14679257	0.19248189	0.20796213	0.13502777	0.14376809	0.06133250	0.27908137	0.07633235	0.17817389	0.22073035	0.32312138	0.26832732	0.14550591	0.17716642	-0.01057701	0.31191816	0.29062491	0.24090453	0.27550421	-0.00264661	0.20709964	0.15731716	0.31195905	0.33535626	0.27834373	-0.01033817	-0.18891807	0.04785433	-0.07705131	0.12529337	0.35409980	0.27584297	0.44250209	0.34476758	0.15335844	0.04229956	0.13812764	0.08536515	0.23711026	0.10220423	0.18042963	0.13406485	0.13969559	0.17129823	0.14173377	0.21116384	0.17079162	0.20124400	0.09150985	0.04202481	0.04831096	0.16251273	0.32893051	0.30245421	0.22351329	0.24346205	0.34910235	0.21068687	0.18776652	0.16112078	0.21429067	0.11651781	0.15240595	0.21112015	0.19324665	0.12855580	0.17378135	0.08294569	0.38305591	0.33099204	0.23792812	0.12441090	0.16183554	0.08869751	0.00762749	0.21582562	0.03220853	-0.02357197	0.31421844	0.11740602	0.07961769	0.04132316	0.07716373	0.22647540	0.02541237	0.13980456	0.08196175	0.08868661	0.12764654	0.11925421	0.14765116	0.14205417	0.08872200	0.07631532	0.16075086	0.11528043	0.11238583	0.18781570	0.09743677	-0.06453856	0.10701088	0.26328348	0.24723783	0.20210694	0.22171000	0.20229030	0.11703858	0.13551106	0.01885508	0.18082481	0.22121787	0.22890599	0.16488147	0.28165280	0.08439687	0.03704092	0.07266984	0.13439458	0.07149341	0.21994016	0.23039890	0.17365295	0.21293271	0.09628290	0.16920703	0.08860452	0.19169987	0.17429388	0.36871758	0.13941968	0.11772678	0.18336157	0.17198128	0.23457261	0.24572980	0.27506530	0.24672610	0.14929320	0.10786130	0.28643772	0.09651096	0.22863093	0.15396837	0.27255621	0.26554453	0.33537520	0.22666415	0.26866058	-0.11921500	0.04066557	0.21282904	0.02200411	0.24068136	0.27187418	0.07590707	0.27568912	0.19363866	0.18499218	0.19433436	0.30541086	0.23681915	0.23495360	0.20839663	0.21859647	0.21490587	0.11762105	0.24997396	0.21460677	0.19055661	0.11147103	0.27802301	0.30175613	0.27585965	0.34573986	0.29085253	0.25854515	0.08588113	0.45119975	0.22031945	0.22646441	0.20123368	0.22543163	0.06570649	0.26471638	0.22565795	0.34171084	0.23735452	0.17059568	0.09015341	0.19296802	0.10888089	0.16417964	-0.05250590	0.05071350	0.09286026	0.06270210	0.24003171	0.03384899	0.15143287	0.22690434	0.05853294	0.19620407	0.19024200	0.17269800	0.09392392	0.27772986	0.20035363	0.01139383	0.28623909	0.18567513	0.02537121	0.21246070	0.08797434	0.19807932	0.13584841	0.24944811	0.23012208	0.06575400	0.15667977	0.34229969	0.00921229	0.24367521	0.12346862	0.23705025	0.15226702	0.26893440	0.03969984	0.08274944	0.16599445	0.33435120	0.30826743	0.11904090	0.16253284	0.02155290	0.16689568	0.19881400	0.06714327	0.17772094	0.11339462	0.06987184	0.16108221	0.20880798	0.11643630	0.21021697	0.11080050	0.12825802	0.20640228	0.08184279	0.13317388	0.07685820	0.12640727	0.22068419	0.29282373	0.22230884	0.14508570	0.18512839	0.20027178	0.03839275	0.17217054	0.04612021	0.01408567	0.21509495	0.16113298	0.02810566	0.31659822	0.15309448	0.32203805	0.13329043	0.11597484	0.05369081	0.18404167	0.05540108	0.29936315	0.05612176	0.10363797	0.04687098	-0.00234264	0.19630507	0.03811456	0.00514821	0.06214428	0.11816702	0.18692790	0.02901456	0.01386865	0.03085628	-0.09148699	0.09002826	0.09090072	0.09190232	0.04973725	-0.07506399	0.06079587	0.10685830	0.11537808	0.05086967	0.20837219	0.07114056	0.15034495	-0.11395266	0.15586207	0.06570102	0.07300627	0.08721724	0.07990148	0.11965068	0.14358606	0.16463871	-0.06324083	-0.02458485	0.21133786	0.01572164	-0.05361996	0.01696029	0.16527992	-0.03112653	-0.00572220	-0.09617592	0.03307696	0.14935160	0.06280683	0.00443465	0.02234291	0.02173654	0.04450228	0.00980004	0.11499361	0.08524185	0.10345906	0.04748389	0.10522204	-0.00906570	-0.09339134	0.02968757	0.02867840	0.09727262	0.27947537	0.08389756	0.07939221	0.05264542	0.12285587	0.22175831	0.11660395	0.09383126	0.09942554	0.08965311	0.07512023	0.22804209	0.14994636	0.20976390	0.01341220	0.21610445	0.11929988	0.15803691	0.14098137	0.10748111	0.09506199	0.39442729	0.16466261	0.18695280	0.30790441	0.05196575	0.07022032	-0.02346863	0.13833323	0.00221438	-0.00562568	0.05561601	0.17586790	-0.01047628	0.02760881	0.19139510	0.22462086	0.12992555	0.14127287	0.94526662	0.19365195	0.25040943	0.41565637	-0.02511579	-0.08425165	0.04809884	-0.01525181	0.15570891	0.21694861	0.11916059	0.23593201	0.11126306	0.16628124	0.16030555	0.17600711	0.42148904	0.23250892	0.17097484	0.25170472	0.02297867	-0.03913407	0.05798269	0.05591634	0.10424360	0.05016367	0.10024071	0.11782499	0.29844518	0.19174230	0.15095924	0.18867998	0.06983897	0.22329609	0.26797853	0.17823871	0.24284128	0.21020902	0.21514816	0.18603800	0.22851869	0.22317155	0.14430369	0.12281629	0.33832457	0.21101339	0.20926192	0.21525949	0.17413790	0.20131612	0.21016459	0.14557304	0.36947641	0.24335871	0.33448814	0.39769397	0.35705921	0.32397822	0.31420114	0.25584442
THA-VP-lh	0.02966943	0.01179353	-0.11265603	-0.06033188	0.16448667	0.05485007	0.06140712	0.04094181	0.02258980	0.06408684	-0.05122536	0.01876528	0.23865040	0.04627359	0.02467103	0.10833377	0.10545500	0.05881481	0.04588726	0.15667540	0.03128919	0.07476488	-0.01213305	-0.03502394	0.07904867	0.05751914	0.07014001	0.04893510	0.15471638	0.11340508	0.05036403	0.11806902	0.06059985	0.02641043	-0.07661514	0.05242124	0.03547982	-0.10841462	-0.11290944	0.00711328	0.10465985	0.02766441	-0.02264355	0.00226911	0.15262807	0.33466882	0.29368847	0.14700156	0.10124255	0.22069461	0.11957869	0.16430756	0.05855061	-0.06177646	0.08999026	0.06676391	0.09417027	0.11528148	0.07461248	0.06824609	0.16298193	-0.01022186	0.00838337	-0.10958144	-0.01939180	0.08426548	0.10694155	0.03505139	0.10792418	-0.03661093	-0.05820588	0.04146644	0.08800889	-0.00462429	-0.14660751	-0.05063391	0.00041881	-0.05052810	-0.02452303	0.00872517	-0.05448343	0.08606548	-0.03092263	0.01467711	0.04524330	0.13891802	0.12108140	-0.00378287	0.13611927	0.20604047	0.17268774	0.19073739	0.17650201	0.19649547	-0.03720211	-0.01221152	-0.16973795	0.06792184	0.06667427	0.13630702	0.09444775	0.02757991	0.01973922	0.25944262	0.18920263	0.13523610	-0.00386767	0.14343505	-0.01641782	0.15201090	0.06687915	-0.05012460	-0.08827246	0.01563600	0.14690285	0.09641429	0.00896604	0.17532490	0.30973913	0.22162699	0.14975124	0.09080548	-0.11261593	0.16298846	0.01196236	0.09850426	-0.08476124	0.12321400	0.04493694	0.02936937	0.15225386	0.11944578	0.12085869	-0.02059271	0.02122112	0.02867233	0.07588777	0.00340893	0.01063913	0.11509756	0.01198120	0.03102585	-0.02012225	0.08851936	-0.00217277	-0.04670613	0.06099194	0.08430228	0.07333403	0.02804039	-0.09902000	0.03580244	0.01790177	0.03710107	0.03740644	0.06375182	-0.00718202	-0.05228854	0.00302273	-0.07243330	-0.07712732	0.01191248	-0.01319282	0.09639662	-0.04393338	0.14598419	0.21182297	0.01638810	0.00403102	0.01830280	0.15077643	0.12276898	0.00613893	0.12735920	-0.00716558	0.05622632	0.07082500	0.01375271	0.02460831	0.13272077	0.05803935	-0.02013710	0.18959860	0.07557866	0.10128595	0.15087926	0.19568059	0.02217859	0.03074742	0.04958622	0.03563265	0.03255940	0.14872601	0.22112587	0.14621107	0.00501694	0.17947963	0.08174569	0.06507509	0.10484502	-0.02446477	0.01905550	-0.04568093	0.03573705	0.16827752	-0.00342589	0.09575182	-0.05716185	-0.02989381	-0.02343702	0.02927938	0.00389478	0.04152223	0.11984017	-0.01595744	-0.05932534	0.07266915	0.04137605	0.00754234	0.03677273	0.03209367	-0.01526928	0.01609702	0.03312510	-0.01670104	0.14907685	-0.05194988	0.16721630	-0.05005280	-0.03227929	0.07897406	-0.00721930	-0.07126323	-0.04693175	0.00926668	0.01217994	0.06412016	0.04525730	0.04975249	-0.00072045	-0.12157236	-0.07912790	-0.18025025	0.04010896	0.15086536	0.20237606	0.19776316	0.14811938	0.05759269	0.07601093	0.13012226	0.14286966	0.20802830	0.15594716	0.08355776	0.12626201	0.05299222	0.13426063	0.00617752	-0.12789392	-0.18496514	-0.07907542	-0.03987776	-0.05177845	0.02496536	0.07528100	0.03217124	-0.01234875	0.00551043	-0.03546916	0.05662885	0.00044792	0.01635002	0.07322333	-0.08182094	-0.06118007	-0.00607207	-0.03872435	-0.04551513	0.01825183	-0.04875660	-0.04695154	-0.06325054	0.03405463	0.11954468	0.16941793	0.03782999	0.04908749	0.06648139	0.10737137	0.12662397	0.14630430	0.08121585	0.22422949	0.14927276	0.06581766	0.10298140	-0.09841944	0.01118973	0.00878476	0.04018390	0.00243576	-0.00140459	-0.01387578	0.04371468	0.08390916	0.17141056	0.01571317	0.17050053	0.20240422	0.18644719	0.20178457	-0.03740132	0.02536832	0.06189409	0.04785949	0.07187864	-0.04750870	0.02930088	-0.04040586	0.12836324	0.10314083	0.24616087	0.16225937	0.05598637	-0.06252572	0.04097104	-0.03273068	-0.07090881	0.09892473	0.13633755	0.16828124	0.02149744	0.10878813	0.04604736	0.03196143	0.12165725	0.07453104	0.06737512	-0.03977246	0.08965503	0.03387204	0.12516761	0.03612123	0.06389561	0.04202166	0.02139085	0.11093511	0.05945944	-0.01025376	0.14935936	0.04761262	-0.11877917	0.00185999	0.02672458	-0.05956097	0.13268921	-0.01861009	0.05541511	0.06716002	0.01466391	0.07294751	0.00619722	0.02218251	0.11544090	-0.04432389	0.05144103	0.00794741	0.05982729	0.09268999	-0.00426938	0.15721083	0.07531702	0.03501538	0.12448932	0.12171657	0.08530869	0.08126003	-0.06387723	0.06193863	0.02815433	0.12149908	0.06470544	0.15641572	-0.07758279	-0.06191666	0.11514263	0.05692325	0.20557828	0.17493962	0.09982405	0.01732375	0.03859051	0.00947157	-0.02651349	0.03483708	-0.00685176	0.02187117	-0.01885637	0.04699084	0.19743230	0.31031740	0.21614595	0.20020010	0.19365195	0.90978859	0.23888153	0.18102709	0.10727963	0.18399037	0.20169957	0.03018340	0.23108543	0.31690502	0.02417892	-0.01262945	0.19789836	0.04368875	0.18543081	0.11342732	0.00323303	0.29121775	0.30680864	0.27418766	0.01612157	0.10232954	0.03800663	0.03508108	0.25908786	0.30833959	0.07403053	0.11466009	0.18862182	0.10624898	0.17812001	0.13864414	0.12061214	0.12054565	0.19641462	0.08976774	0.05491716	0.07189451	0.07100865	0.10686214	0.12798866	0.12566738	0.15816274	0.12062582	0.15649750	0.19059150	0.12360893	0.08683642	0.13024980	0.11209736	0.18713491	0.05351318	0.05569094	0.11031542	0.05271537	0.09992985	0.10095364	0.07684169	0.12531393	0.03198392
THA-VA-lh	-0.05037672	0.14462417	-0.21498517	-0.00530774	0.01794398	0.09837870	0.05442355	0.18173198	0.25891708	-0.07424857	0.13540331	0.12589303	0.19127701	-0.13157708	0.11306678	0.10919100	-0.07223115	0.11487975	0.07289846	0.14594938	-0.05546591	0.01184356	0.17118684	-0.01390986	0.24767267	0.15541154	0.19277470	0.05092046	0.20967835	0.26176671	0.23541306	0.29271582	0.08378572	0.12986964	0.05837931	0.20131079	0.15342746	0.12913742	0.20127310	0.16947158	0.24145005	0.08744886	0.11870814	-0.06806800	0.22359330	0.15380398	0.33135561	0.12696877	0.12484192	0.22116049	0.14445759	0.21874329	0.21624032	0.01572512	0.15296743	0.01877644	0.18254661	0.10007128	0.15292063	0.10450261	0.12838119	0.04520455	0.00609831	-0.07859740	-0.11533407	-0.10447682	0.14722284	0.13532144	0.18945798	0.11456876	0.12010731	0.22094720	0.09997571	0.12503577	0.09500995	0.15393076	0.20604431	0.24656424	0.02955466	0.01775222	-0.04359679	0.30282433	0.16198459	0.29785010	0.32806474	0.22635737	0.11087599	0.07597131	0.09275584	0.09214461	0.22111717	0.25653658	0.13586691	0.25295467	0.12125208	0.06109764	0.00077492	0.24688097	0.27952163	0.34006573	0.17197849	0.03031821	0.01563940	0.17452553	0.25585093	-0.05096930	-0.06048575	0.31545312	-0.04446510	0.01546986	0.14894308	-0.04435430	0.11614834	0.13102481	0.16216371	0.06413787	0.12926278	0.18267633	-0.00472865	0.09075404	0.04999304	0.07820908	0.06178867	0.05663183	0.11413959	0.12933932	0.00956376	0.18930768	0.06292533	0.19580949	0.25315112	0.24823884	0.22488983	-0.07205630	0.13573493	0.04737930	0.13389805	0.06754224	0.03493521	0.24836242	0.08068599	0.07189403	0.25178605	-0.01167573	0.04730481	-0.05431706	0.00315342	0.07100655	0.12630917	0.11582534	0.04814300	0.06292459	0.03373228	-0.03683063	-0.00534321	0.07859635	0.12589977	0.12910418	-0.04747802	-0.07958842	0.00307583	0.21154267	0.14259578	0.24559021	-0.02820776	0.17094813	0.09337141	0.16494617	0.12508076	0.00929066	0.23393912	0.07738310	-0.01054854	0.02546458	0.15112531	0.03057997	0.01103426	-0.14219722	-0.07816599	0.10576231	-0.04330595	0.09860799	0.15607105	-0.05090415	0.15315853	0.06484710	0.23259169	0.01881982	0.00094240	0.12454914	0.00302721	0.12496492	0.12563954	0.17386738	0.10717379	0.24473687	0.24251257	0.28810619	0.09278885	0.18445097	-0.00178789	0.18970574	0.11547004	0.08373526	0.02830370	0.11993309	0.12819233	0.34138390	0.19107352	0.14280695	0.04400617	0.18917359	0.16731088	0.02668831	-0.06837073	-0.02601549	0.04336785	0.05765790	-0.03182274	0.10732423	0.02798381	0.02724204	0.10409173	0.21675847	0.06576327	0.36808154	0.00607075	0.26310995	0.14039492	0.10072586	0.14036045	0.18737003	0.09674579	0.21378850	0.29923946	0.24796326	0.08949388	0.13285898	0.14688218	0.12944804	0.03129136	-0.09093193	0.14582816	-0.15749611	0.09526929	0.19733585	0.15777650	0.16765651	0.18804434	0.04707389	0.14387150	0.19408284	0.21460807	0.27755455	0.23942539	0.17773324	0.20292707	0.30254580	0.24183597	0.01296321	-0.10426142	0.06499030	-0.04326894	0.08139919	0.12973618	0.06657791	0.09223512	0.17508079	0.12802882	0.20894708	0.23996937	0.06573282	0.03953794	0.28567962	0.14140927	0.09909259	0.06107557	0.08728989	-0.04572766	0.12782853	0.22519080	0.18555681	0.18548709	0.08082955	0.21829406	0.27303603	0.24724823	0.24498684	-0.01888743	0.02339379	0.03546695	0.15382345	0.20651386	0.36540145	0.15808527	0.25393560	0.16067388	-0.01061693	0.03764666	-0.01397887	0.13214790	0.04674216	0.05686883	0.12010014	0.05057768	0.07045333	0.22924447	0.01724901	0.08109363	0.18198206	0.20005469	0.28072920	-0.10001610	-0.16405506	0.03146785	-0.03716135	0.05834747	-0.01533987	0.00212677	0.11599991	-0.08091653	0.04342024	0.02524316	-0.23437021	0.03786247	0.07579119	0.04022841	0.13407925	-0.08274436	0.12784975	0.21119857	0.24058925	0.24534229	0.19089326	0.15611197	0.02474177	0.02143960	0.04416473	0.06474605	0.14317952	0.07481045	0.02921942	0.02388505	0.11014365	-0.03322540	-0.04562762	-0.07608680	0.05621165	0.09987973	0.07869284	0.02844814	0.03843295	-0.16762979	-0.00131098	-0.08226563	-0.04253160	0.13777471	0.10207073	-0.04257756	0.09666802	0.00430346	-0.08228083	-0.13570717	-0.03535787	0.05703005	0.05746877	0.03077521	0.03466728	0.10957761	0.08872671	0.03763675	0.14539574	0.03492605	0.03323035	0.12253926	0.03003146	0.09118939	0.18261595	0.07555436	-0.11667654	0.05958287	-0.17455684	-0.03593763	0.10440137	-0.11861991	-0.04530850	0.10227734	-0.03128143	0.16249661	0.17477513	-0.02110258	0.14353598	-0.04675012	0.12956160	0.16488076	0.02145114	0.02207415	0.14638534	-0.02661653	0.13000985	0.12106010	0.09328925	0.07820227	0.06171507	0.25040943	0.23888153	1.10150376	0.35207433	0.00623117	0.01786291	0.17316720	0.00759787	0.22497554	0.29221732	0.29494613	0.28049419	0.08861474	0.01600745	0.07575355	0.13543915	0.05522275	0.41406717	0.64596958	0.33232942	-0.06942068	0.00230485	0.06223909	0.00154171	0.25073942	0.28063546	0.20582921	0.32744657	0.15505999	0.11847141	0.17622852	-0.02637677	0.02293713	0.19256804	0.06984418	0.13339899	0.08437786	0.05914264	0.03776375	0.06185474	-0.02302952	0.05624109	-0.09256728	-0.04963598	0.17008323	0.05109674	0.09879917	-0.08913122	-0.01132823	0.11857117	0.17474855	0.11296478	0.11624565	0.04115257	0.06566186	0.04910293	0.04323458	-0.05727745	0.02084288	0.12724638
THA-DA-lh	0.24522915	0.27988561	0.11100104	0.22554087	0.13663008	0.21467173	0.19000240	0.27846195	0.26054714	0.07123281	0.12893038	0.14121405	0.27607711	0.20693896	0.25549142	0.33113864	0.05945259	0.19641146	0.20030232	0.18830077	0.04814231	0.26251593	0.08672968	0.00571430	0.36329066	0.32119242	0.22366903	0.03095878	0.37718658	0.19748728	0.18867681	0.33521807	0.31197662	0.28674112	0.11723098	0.26271263	0.19971812	0.25618093	0.19059640	0.35703882	0.28158011	0.14275450	0.15605809	0.23608297	0.32304382	0.17294889	0.40106343	0.38918399	0.11438990	0.17459045	0.26464602	0.34650363	0.31086267	0.17557852	0.24671112	0.02122559	0.20186486	0.16186045	0.23604404	0.12584230	0.27372795	0.27807147	0.17860823	0.13881286	-0.13543001	0.17615653	0.03894345	0.15977964	0.09781139	0.09040362	0.06127093	0.12874369	0.08968286	0.21731170	0.06389386	0.22118884	0.22149405	0.18414403	-0.04837983	0.09666201	0.27422073	0.33809297	0.32816218	0.30373078	0.21089448	0.20866555	0.14453389	0.00328666	0.16389299	0.06859191	0.25423424	0.31677546	0.32992395	0.30639192	0.15478312	0.16434189	-0.04490385	0.41680151	0.40121137	0.35396273	0.08596450	0.12008339	0.01348268	0.16433870	0.35050293	0.03043885	-0.00383749	0.31873004	0.21117782	0.11070023	0.04894495	0.18429162	0.33176499	0.16393817	0.21612205	0.26096374	0.16457331	0.27853177	0.05936703	0.01026681	0.14493072	0.12330995	-0.03425346	0.21072740	0.02377613	0.01564662	0.05240267	0.03556904	-0.08388775	0.09190926	0.27390859	0.22759613	0.22147776	0.19358347	0.17479161	0.12231181	0.11474258	0.00017139	0.09753192	0.16199472	0.16958295	0.12111993	0.32336704	0.18606900	0.08245778	-0.02817636	0.17701193	0.10165013	0.26201028	0.27359799	-0.01673767	0.08132414	0.06060195	0.18470484	0.19254178	0.16529119	0.15354498	0.24998073	0.11918730	0.03153493	0.16800897	0.13666763	0.26997873	0.24910979	0.17148450	0.31042817	0.15737149	0.27672207	0.37646153	0.24601556	0.24610045	0.30586302	0.13979628	0.18616138	0.32755219	0.19115124	0.18977367	-0.03063410	0.00034805	0.17567747	0.05251045	0.17001082	0.28655716	0.09161669	0.30939738	0.20681913	0.24724688	0.04585751	0.08538061	0.23817421	0.15675852	0.14709751	0.09964011	0.19933036	0.09559584	0.05928356	0.34302067	0.15119266	0.10032882	0.19728522	0.27756315	0.15231591	0.32518274	0.14202052	0.09311057	0.02112614	0.35114237	0.32563023	0.25155209	0.24181794	0.20239653	0.21495930	0.22227623	0.25346785	0.26605864	0.16172088	0.14743130	0.06561246	0.20203548	0.17972564	0.10426246	0.03052442	0.09600771	0.14578273	0.18196134	0.37594102	0.03366579	0.38713735	0.24297557	0.24064515	0.27324275	0.24099914	0.17579843	0.18113727	0.31547332	0.17976819	0.07447583	0.26573650	0.15063510	0.08886688	0.24277856	0.11480408	0.23749445	-0.00529536	0.24379857	0.27920532	0.31474252	0.20470738	0.20560654	0.09256686	0.21975500	0.30147945	0.39711284	0.15255918	0.16538994	0.23248758	0.25359857	0.32504290	0.20779939	0.14067936	0.24658262	0.17674205	0.10398138	0.15274561	0.13105192	0.14140890	0.13779319	0.23316180	0.13821680	0.19463390	0.23054996	0.09582897	0.18761740	0.24106401	0.10795046	0.17478544	0.09227666	0.21756349	0.04056393	0.13171657	0.28834990	0.29021703	0.22476606	0.21302961	0.24115271	0.30957124	0.03039687	0.26789026	0.03545390	0.01136661	0.16474141	0.30880625	0.17675594	0.42934404	0.15229010	0.40340869	0.11368922	0.18046049	0.16469741	0.10777014	0.14055928	0.36147960	0.06953862	0.09297338	0.00563237	0.05953289	0.18896503	0.08064057	0.06133019	0.22276155	0.31684307	0.25704821	0.05879990	0.04451448	0.09560328	-0.14553044	0.25229994	0.10763074	0.22144059	0.24203206	0.09768815	0.36910355	0.21960575	0.23116482	0.11796768	0.18046216	0.14583217	0.15965623	-0.06182278	0.18046381	0.17292241	0.04283665	0.18879776	0.10186461	0.18355697	0.25186438	0.10115888	0.02920379	0.03570501	0.10103279	0.07665360	0.01868313	0.05200572	0.21918098	-0.00677207	0.00515526	-0.14224459	0.02469777	0.15653671	0.12596103	0.09892126	0.09357380	-0.03420336	0.03333955	0.06072075	0.08889346	0.22022318	0.26394275	0.14129636	0.14605622	0.02219036	0.03651060	0.03630277	0.10524340	0.17962115	0.23079880	0.11795606	0.08909286	0.27548567	0.19185423	0.22869339	0.18075902	0.25131069	0.05511611	0.16877938	0.27019798	0.28929304	0.22439523	0.21011722	0.07739746	0.16449314	0.13538812	0.20503026	0.14404915	0.09167018	0.00277371	0.14044884	0.14985711	-0.03901274	0.36025558	0.00271262	0.21634092	0.07069427	0.20034028	0.21758191	0.11194291	0.18350659	0.27846589	0.08036009	0.03195195	0.28156574	0.19101128	0.21703544	0.11839252	0.41565637	0.18102709	0.35207433	1.08212310	0.11298810	0.03840762	0.08992089	0.05352244	0.22142420	0.33994461	0.16638819	0.29254239	0.26144421	0.14081224	0.31396394	0.12163673	0.21993663	0.22631537	0.41323112	0.46655682	0.09207887	0.01188159	0.13747170	0.14624050	0.25153781	0.27301787	0.16795533	0.29955008	0.25093592	0.18270568	0.27559929	0.16125155	0.05642954	0.32147669	0.25985622	0.09551392	0.17585801	0.11559553	0.22451362	0.21434560	0.13144163	0.14054683	-0.11198894	0.02438994	0.20257637	0.24249275	0.30066046	0.11704052	0.13999916	0.28237885	0.15721539	0.18180236	0.19365833	0.14181295	0.30837459	0.20520310	0.24028309	0.20602408	0.29550083	0.23783649
NAc-shell-lh	0.01508089	-0.04823601	-0.04807917	0.00459758	0.02162298	0.02825314	-0.03547517	0.06371805	-0.02903877	0.01007235	-0.05750158	-0.13760594	0.07282048	0.09584631	-0.10348055	0.12005965	0.10591619	0.01246179	0.03244970	0.14463637	-0.04090574	0.05085080	-0.05755716	-0.06370514	0.06779995	0.10277641	0.07015069	0.10752041	0.07551823	0.05778923	-0.02192453	0.14533430	0.15314090	0.07692544	0.03869778	0.05234872	0.03644600	-0.05960208	-0.15931070	0.06013400	0.05400151	0.00776476	0.03862467	0.12921574	0.02416704	-0.05698597	0.22356444	0.11140103	-0.04108332	-0.03957685	0.10131404	0.13598871	-0.01966424	-0.00169013	0.05332262	0.05223630	-0.05005239	0.15101753	0.02908677	-0.04348288	0.10276380	-0.09245858	0.02023603	-0.10276533	-0.05010138	0.04814906	-0.07853281	-0.10683172	-0.05766025	-0.11532679	-0.05760578	-0.06474430	0.03586819	0.05271753	-0.12379226	-0.03812321	-0.03438486	-0.03965955	-0.11612763	-0.01235154	-0.00113689	0.02698943	-0.00540539	0.02338006	0.12221384	0.00714308	0.02343210	0.02365774	0.16880895	0.13000142	0.27231696	0.24959305	0.21380344	0.16524577	0.00720302	0.04005835	-0.23297509	0.06071595	0.09913217	-0.02237208	0.02210850	0.05333710	-0.12200555	0.19589816	0.22202114	0.10966241	0.04746252	0.03905292	0.14257376	0.16197731	0.06964761	0.13581902	0.03969789	-0.08625350	0.00191028	0.05972065	-0.08000319	0.04845153	0.11991717	0.01690929	0.01143877	-0.05688160	-0.10437306	-0.05958952	-0.04988780	-0.08968989	-0.04111477	-0.06778561	0.01406100	-0.01344193	0.02803332	-0.06160746	0.02417038	0.01888916	-0.02901912	-0.11096691	-0.08141210	-0.11447733	-0.05392374	-0.04006815	0.00032302	-0.02488570	-0.09741377	0.12672105	0.07055483	-0.19125149	0.00643255	0.05772175	-0.14943454	-0.12055533	-0.12487587	-0.10053403	-0.07196231	-0.03323843	-0.01570631	-0.04903791	-0.04203725	-0.00265493	-0.04929975	-0.09794573	0.04945797	0.10468445	0.00728396	0.05125755	-0.02825115	0.12306527	0.10101568	0.02854951	0.04907829	0.06563788	-0.01794993	0.17794422	-0.14832863	-0.04180064	-0.03084736	-0.13851777	-0.08087833	0.00834346	-0.02028314	0.02294951	0.01317516	-0.09596459	0.08568455	0.07330311	-0.03960106	0.01288011	0.05423776	-0.15605898	0.14672356	0.06432974	-0.01179360	0.05819385	0.12643861	0.11124387	0.20128798	0.07962342	-0.01010194	0.08111428	-0.05409083	-0.00074823	0.00991553	-0.13583061	-0.12892532	0.04991877	-0.00099588	-0.19962569	0.03098226	-0.06090573	-0.09382756	0.01554662	-0.03965605	-0.07830336	0.05642476	0.17358948	0.08440135	0.03867481	0.23222060	-0.05042565	0.14476069	0.04354790	-0.02423900	0.01890562	-0.01716924	-0.03267322	0.06105115	0.15260793	0.07651340	0.11627888	0.00730511	0.07928598	0.08116266	-0.02014944	0.02123950	-0.13039841	0.05894816	-0.08056927	-0.00795719	0.05518679	-0.07885795	0.00757665	-0.02746192	0.00168145	-0.16299871	0.10847408	0.04938143	0.16419241	0.06672404	0.06616093	-0.01365616	0.05983719	0.00936309	0.11246387	0.12953267	0.06759241	0.06623080	0.05281148	-0.03116091	0.09048590	0.01666089	-0.16075767	-0.02934358	-0.00558008	-0.05047695	-0.23930705	-0.13644309	0.03580922	0.01294649	0.01654417	-0.04486677	0.06213154	0.09048072	0.03062079	-0.05374123	0.05251992	-0.08834354	-0.05336286	0.00035006	0.03221757	-0.11961501	0.06835992	-0.12836001	0.00036402	-0.00140079	0.12755921	0.06097096	0.04974092	-0.03696169	0.01199251	0.06099009	0.17898606	0.12101048	0.14494406	0.13125781	0.16208683	0.09639224	0.09309228	-0.01789928	-0.05981364	0.04999865	-0.06569083	0.00214030	0.08481762	0.04690547	-0.03897390	-0.04450527	-0.04391169	-0.02904516	-0.01043902	0.19740749	0.23658753	0.19979319	0.16380909	0.05065379	0.20682114	0.07888889	-0.01190819	0.14011477	-0.06768619	0.10139525	-0.03772415	0.20472464	0.13585050	0.15768036	0.09747772	-0.08013485	-0.02297390	0.00573180	-0.04055596	0.03914993	-0.01631447	0.03170387	-0.01230831	0.06089432	-0.04497232	-0.02294640	-0.01977599	-0.10207176	0.06208007	-0.03692463	-0.04737024	-0.01194207	0.05799419	0.01024227	-0.10257972	-0.04415255	0.02462401	0.06923807	0.04568442	0.01356734	-0.02396214	0.12200450	0.10875990	-0.10522734	-0.12612511	0.05907399	0.00300798	0.17683396	-0.05238958	0.01214164	-0.12420326	-0.11533446	0.03774425	-0.01235827	0.01072317	0.07172480	0.01427953	-0.03266614	-0.04293407	0.06029796	0.14019601	-0.01359168	-0.01094307	0.22785300	0.03194704	-0.06681367	0.16435745	-0.05256005	-0.10718353	-0.05679378	0.04033001	-0.08867071	0.28354578	0.11864788	0.11863950	-0.15876359	-0.11290321	0.07908459	0.06356076	-0.07426187	0.03580274	0.10251579	0.07201088	0.09261840	0.04977794	0.05432920	0.06415573	0.11415481	0.04744856	0.05610479	0.08863472	0.16698822	0.14807125	0.11118591	0.14041270	-0.02511579	0.10727963	0.00623117	0.11298810	0.88139191	0.28171941	0.16170288	0.18310716	0.18925188	0.17872702	0.08702351	0.03434874	0.17286757	0.12983030	0.11248769	0.14227100	-0.07393428	0.01849421	0.05566479	0.21468732	0.37116030	0.19425936	0.12303196	0.15875575	0.27257500	0.16949400	0.11792003	0.03833192	0.03209721	-0.05333784	0.02054395	0.02121093	-0.09200139	-0.06276089	-0.04651164	-0.07348116	0.00297826	-0.08151344	0.06068697	0.01475012	0.03315673	-0.03974780	0.03026389	0.19850811	-0.06787256	0.00304169	0.05561893	0.04407161	-0.06119841	-0.01528116	-0.00413016	-0.09923381	-0.00963911	-0.07528713	-0.03881096	-0.09777350	-0.02368723	-0.07319827	-0.03483746	-0.07615950
NAc-core-lh	-0.15002043	-0.16873451	-0.12231310	-0.10203040	-0.03212779	-0.08782813	-0.09602032	-0.13052805	-0.11581878	0.01847635	-0.13705379	-0.18438559	-0.04147045	0.08282728	-0.09368976	0.06462905	0.09841044	0.09450462	0.03481578	0.02813948	0.02721681	0.01097765	-0.18192952	0.02528847	-0.04483860	-0.03876077	-0.05191425	0.01640932	-0.08641772	-0.03858284	-0.22816967	-0.13950814	-0.16091900	-0.23284007	-0.23515812	-0.16494158	-0.16212058	-0.29416683	-0.33569440	-0.22852182	-0.19213260	-0.17655178	-0.18662630	0.06759595	-0.11575477	0.02136163	-0.01655231	0.09072742	0.00889764	0.07933792	-0.05248203	-0.06024735	-0.12787316	-0.22559566	-0.03464659	0.14266104	-0.05939519	-0.01653998	-0.04148758	-0.12655743	-0.13838202	-0.17354301	-0.21398876	-0.08257501	-0.05291610	0.04565568	-0.04334028	-0.13887794	-0.06788012	-0.04781753	-0.11882758	-0.09853193	-0.01016240	-0.08466943	-0.12790631	-0.11133522	0.05103968	-0.13037428	-0.07383771	-0.05280931	-0.17092014	-0.10822637	-0.04494041	-0.01024870	-0.00293604	-0.10466993	0.05169625	-0.02746184	0.04258271	0.09230548	0.11881766	0.10467949	0.03109669	0.03145742	0.04574386	0.03651745	-0.29225007	-0.08328241	0.02534496	-0.08284012	0.00877089	-0.10879149	-0.01510237	0.18618232	0.10644244	0.10251367	0.07601082	0.03008765	0.06821114	0.23166389	0.11540458	-0.12060072	-0.10933170	-0.11270973	-0.02257822	-0.02733726	-0.13244015	0.06959711	0.10555087	0.18817738	-0.00366918	0.09340126	-0.09280417	0.06984691	-0.00545652	0.08525931	-0.14273045	0.00495651	-0.04898811	-0.18094807	0.09185587	-0.00856182	-0.07420234	0.01320946	-0.13118107	-0.00629696	-0.00391504	-0.05136394	0.04377515	0.03034715	0.04382181	0.00636248	-0.10222851	0.22413401	0.08826576	0.00489846	0.03123377	0.06371130	-0.02856264	-0.05629938	-0.09326653	-0.13286834	-0.04672774	-0.07587517	0.06720230	0.03146981	0.06625511	-0.09572645	0.06091854	-0.06766565	-0.13452715	0.02887966	-0.08087411	-0.04472190	-0.03426862	0.03293115	0.14844459	-0.05290212	-0.07044868	-0.12365317	-0.05961989	0.08282118	-0.09128878	0.10686108	-0.15389123	-0.10476733	-0.10349633	-0.00619572	0.06348450	-0.07514606	0.08243186	0.01169514	-0.01805565	0.12460649	-0.04049452	0.02541981	0.06976540	-0.09739379	-0.13314875	-0.01667405	-0.00819388	-0.01714014	-0.10633289	0.05159441	0.07869256	0.01962828	-0.04547460	-0.04158064	0.04818740	-0.13934613	-0.32081658	-0.05784717	-0.19760864	-0.01227894	-0.01980554	-0.12196365	-0.09915699	-0.20804855	-0.17222757	-0.10415748	-0.14599894	-0.11925749	-0.16393643	0.02246482	-0.06059849	-0.00518164	0.06683346	0.05972402	0.13960348	-0.00034813	0.00421411	0.09960740	-0.04278581	-0.15816830	-0.14621180	-0.07866482	-0.04196272	-0.06807082	-0.11330250	-0.11562462	-0.13230429	-0.22280766	-0.10800567	-0.30725068	-0.20797104	-0.26856897	-0.08424466	-0.19372916	-0.27180260	0.00977800	-0.34066696	-0.15082629	-0.31983675	0.05420460	0.07452886	0.05302232	0.11672886	0.13019297	-0.15254500	0.01400469	-0.03282147	0.07966584	0.00383559	0.10106003	-0.10892834	0.01144714	-0.08252420	-0.06676126	-0.18904615	-0.31027082	-0.24088628	-0.16068449	-0.05898397	-0.16120527	-0.18066470	0.10852698	-0.01053368	-0.13209951	-0.05881557	-0.05193121	-0.15887223	-0.04219265	-0.04906960	-0.04065883	-0.22224053	-0.18092240	-0.10145439	-0.06050282	-0.16272843	-0.13386059	-0.33797909	-0.13218140	-0.05644275	-0.07618239	-0.05153347	-0.09199576	-0.15659855	-0.10063660	0.01167516	0.15024318	0.04496677	0.05655340	0.04702265	0.01837369	0.10479296	-0.08648015	-0.09923479	-0.10083378	-0.08940265	-0.10447964	-0.17526326	-0.18889970	-0.02530114	-0.06240422	0.15615709	0.05779452	-0.07591684	-0.02542987	0.31878609	0.20624372	0.15103554	0.13037409	-0.01733798	0.03979911	0.11645633	0.20178076	-0.06562927	-0.12546212	0.02926847	-0.18065435	0.20972285	0.01216556	0.07010636	-0.04991746	-0.06326042	-0.14681794	-0.00116384	-0.03389078	0.16726014	0.11554237	-0.04678409	0.08832258	-0.03520933	0.03966015	-0.01706075	-0.10571169	-0.11179045	0.04660838	0.04824093	-0.11280246	0.08823137	0.07907395	0.07017691	-0.04623225	-0.01476403	0.13286480	0.24972434	0.10418703	0.02646327	-0.04194419	0.19247956	0.12996486	-0.01411044	-0.10427790	0.16292251	0.07424013	0.22416867	-0.13400234	0.05022538	0.01467649	-0.05417399	0.06844317	-0.01368428	0.07585718	0.13624435	-0.01917748	0.05426101	-0.04408681	0.03843885	0.08247368	-0.01788442	0.02486478	0.04049461	-0.08483870	-0.01054742	0.16164339	-0.13119881	-0.07773440	-0.09246012	-0.03944396	-0.08790924	0.09709068	0.05961331	0.16169679	-0.16354838	-0.08391991	-0.04305571	-0.00003983	-0.02925509	-0.13009259	0.16030482	-0.06969045	0.11160897	-0.08125035	0.10823582	0.02527168	-0.03577774	-0.09672570	-0.01829989	0.03293811	-0.04981469	0.02406743	0.06039786	0.03410008	-0.08425165	0.18399037	0.01786291	0.03840762	0.28171941	1.01819442	0.12700259	0.20620002	0.16265282	0.15659368	0.21421340	-0.03975904	0.08344546	-0.07947159	0.05166373	-0.02754491	-0.05933890	0.17485512	0.09833996	0.05331457	0.25912646	0.25912375	-0.00519779	0.08654944	0.19321127	0.18102308	0.21399900	0.03969784	-0.03606131	-0.17778586	-0.11280340	-0.02809949	-0.00882463	-0.18588793	-0.07652068	0.10709749	0.03411549	-0.11639205	-0.02743820	0.01305931	0.07243031	-0.01351274	0.12903766	0.06068728	-0.02789492	-0.12570258	-0.10141666	-0.11403764	-0.08146097	-0.18517044	-0.02875655	-0.12739595	-0.06547771	-0.17172484	-0.18761213	-0.17214632	-0.13222429	-0.19255318	-0.09602524	-0.13344534
pGP-lh	0.16684043	0.10584551	-0.06473540	-0.03433503	0.06061411	0.14886864	0.07191887	0.05790702	0.08167774	-0.03556778	0.05487308	-0.10862246	0.09200186	0.15244984	0.06467855	0.14761026	0.08444886	0.08496773	0.05563840	0.24865632	0.01895340	0.02997985	0.12202953	0.08677540	0.13275852	0.26039751	0.13809183	0.00646296	0.17168139	0.19350615	0.09988751	0.27441269	0.08559342	0.04306919	0.06253945	0.21202670	0.09790937	0.07243475	-0.02035219	0.14766161	0.23680097	0.04581690	0.09383252	0.06755630	0.18439746	0.13096550	0.16488635	0.17453828	0.05299736	0.19492683	0.22852392	0.25334825	0.13757002	0.05443297	0.20232315	0.11826502	0.18063515	0.26345166	0.30394048	0.08873276	0.19719494	-0.00612177	0.04799437	0.08776345	0.03131860	-0.05369062	0.11793086	-0.11206540	0.11691150	0.05543633	0.10961248	0.15694033	-0.00947111	0.08245800	-0.10952666	-0.00069197	-0.05493082	-0.00653131	0.04025478	0.00028751	0.14776276	0.30069190	0.15601514	0.18388716	0.25523934	0.09722198	0.18131490	0.02872783	0.16870305	0.13816728	0.14365355	0.09776926	0.26114397	0.22840707	0.16239434	0.07655043	0.05121672	0.17231863	0.33945822	0.28952116	-0.00836222	0.13291648	0.11992675	0.16542168	0.23337645	0.04583470	0.01323011	0.22765862	0.07970795	0.17086301	0.17835877	0.12125456	0.21408570	0.01350386	0.07546383	0.10001141	0.02442456	0.15392324	0.21779469	-0.00000673	0.12399421	0.07210295	-0.05429748	0.23588667	-0.09687248	0.08271999	-0.03518747	0.10323047	-0.10299267	0.08672717	0.21311843	0.22524348	0.05343033	-0.04722326	0.06525624	0.18869118	0.08184937	0.03364145	0.10125291	0.24709810	0.22429350	0.11848652	0.29739937	-0.01735227	0.09528204	0.02298563	-0.01472909	-0.04123146	0.20214026	0.21006604	0.16815480	0.11760527	0.14928359	0.05143313	0.09428552	0.07298856	0.08306313	0.15467663	-0.01839976	0.12064706	0.16249785	0.25308688	0.23959635	0.25170416	0.24268158	0.17755485	0.26329104	0.24035645	0.15090971	0.12929615	0.20807374	0.28282471	0.14178064	0.17456901	0.31030712	0.23816007	0.20173945	0.08252433	0.08271657	0.20797245	0.22505555	0.21020259	0.27633981	0.15330036	0.23887905	0.21504856	0.26362615	0.13904864	0.11403026	0.15722139	0.17265072	0.03421426	0.17611976	0.21362032	0.13690166	0.02621917	0.15569778	0.18033248	0.08774785	0.04820555	0.09539643	-0.04806982	0.08202824	-0.05529361	0.06102996	0.04869357	0.11800067	0.05836300	-0.01213296	0.03777471	0.02397717	0.04864133	0.12957538	0.12981313	0.15442453	0.08647909	0.24548249	-0.01541883	0.14286730	0.07370508	-0.04711068	-0.01019965	0.11281873	0.21028164	0.19334915	0.28034932	0.05641037	0.25665620	0.16546951	-0.02724562	0.10228580	0.16798464	0.09293140	0.08985444	0.14742790	0.23381902	0.09376578	0.23582050	0.12256008	0.13308383	0.08653559	-0.03497560	0.04219520	0.06599334	0.23163327	0.22054277	0.15405214	0.13549119	0.09584632	0.00596417	0.13820813	0.26139721	0.26869196	0.05244404	0.07289272	0.17053652	0.19458669	0.31493759	0.16782454	-0.05931516	0.02085816	0.09336248	-0.16626857	0.00796709	-0.03428674	-0.06155222	0.13073843	0.00936644	0.17451587	0.05491550	0.28359437	0.13871503	0.06520336	0.11939580	0.05583014	0.04662055	0.07006755	0.11347067	0.02523735	0.14748704	0.09809839	0.07184493	0.08987769	0.06650169	0.11186253	0.09641777	0.08580954	0.23995265	0.08959713	0.15832492	0.08846252	0.22692365	0.08471127	0.29051818	0.12343473	0.15539207	0.12527555	-0.12819510	0.16275251	-0.01479734	0.01847468	0.03651506	-0.08861699	-0.01517506	0.00878150	-0.08431147	0.13853704	0.05844752	0.09725590	0.07600753	0.13303436	0.13116281	-0.01953572	0.08332965	0.16348538	-0.07873517	0.17592725	0.12909645	0.04537243	0.10187503	0.09299601	0.13432657	0.00285787	0.12982783	-0.01804511	-0.01075887	-0.05297617	0.06789832	-0.05753856	0.15967282	0.14428087	0.15046566	0.06482530	0.19450574	-0.01867704	-0.00051777	0.07114197	-0.11703175	-0.04695132	-0.07891758	-0.03174141	0.00446067	0.10109753	0.14732257	0.01088665	0.07922929	0.05754913	-0.02429333	0.18317616	0.11874632	0.10031772	0.02170665	0.05893152	0.10253232	-0.04572055	0.01207531	-0.01989191	0.10904144	0.06350158	0.04156158	-0.05026671	0.07752902	-0.02374675	0.09050102	0.03077108	-0.00166875	0.08255732	0.14497018	0.03077955	0.19240247	0.20667399	0.01463615	0.00481203	0.15091446	0.09997150	0.10997973	0.19954245	0.24502317	0.16217984	0.04792251	0.10480269	0.11435118	0.09290571	0.13236025	0.09745264	0.15645181	0.04621696	0.11318167	0.07551383	0.07110208	-0.00723272	0.20343810	0.13746443	0.17823733	0.06953382	-0.13774811	0.06187949	0.12822398	0.01258945	-0.05044006	0.19741251	0.20946525	0.16913439	0.15851430	0.04809884	0.20169957	0.17316720	0.08992089	0.16170288	0.12700259	1.13732640	0.07348169	0.28147437	0.42374418	-0.03455383	0.17189131	0.08416708	0.09188298	0.03631030	0.07884037	0.07614108	0.20143042	0.12614778	0.10410166	0.05375643	0.03453971	0.06826777	0.23023112	0.28516273	0.36244135	0.07808375	0.14732722	0.12967734	0.10315261	0.22625992	0.10468497	-0.05077625	0.11004145	0.13284916	0.03790580	0.23515795	0.09307285	0.14932795	0.15327084	0.05990192	0.10351286	0.12415289	0.19083177	0.17540004	0.15507511	0.12301646	0.15914891	0.11229178	0.09888832	0.09963881	0.07685560	0.14656986	0.17485539	0.14191958	0.16121291	0.29570519	0.23236567	0.14829085	0.09306681
aGP-lh	-0.06111312	-0.13135580	-0.11553505	-0.20060444	-0.09932643	-0.08786403	-0.21519309	-0.03489676	-0.15486488	-0.09510494	-0.09217988	-0.05206329	0.08345463	0.13534309	-0.07475985	0.15464373	-0.02712394	-0.01337729	-0.04208533	0.02718554	-0.05156932	-0.03399872	-0.13526595	-0.03215773	0.08491144	0.00987501	-0.01529344	0.05511416	-0.14336013	-0.00074840	0.09463695	0.06004121	-0.02783371	-0.03531666	-0.15641459	0.02561646	0.05102790	-0.12880396	-0.19645322	-0.07367075	-0.03721480	-0.02921426	-0.05685084	0.04719298	0.11002633	-0.08713062	0.21142930	0.17951628	0.04804483	0.12385470	0.09446197	0.10994496	0.09630277	0.07313564	0.03322460	0.07940279	0.07362082	0.04573353	0.06704092	-0.14599315	0.04941504	-0.18399588	-0.05662169	-0.00760492	-0.04794044	0.05285622	-0.17590743	-0.15248136	-0.14842869	-0.25189684	-0.20279931	-0.16620284	0.06856552	0.06222204	-0.11067827	-0.04976162	0.03863742	-0.09370794	-0.09628800	-0.19178830	0.10005407	-0.14725977	-0.15718329	-0.18318387	-0.01309699	0.01073125	-0.02474186	0.07582766	0.16865143	0.19573208	0.07056949	0.10568860	0.12111586	0.02644696	0.02893333	0.08423271	-0.24808076	-0.06213641	-0.06248218	0.05065216	0.05445462	-0.09080048	-0.13349874	0.17336663	0.18255804	0.02049474	-0.10055343	-0.01944808	-0.01706401	0.08720901	-0.00216878	-0.02148806	-0.10871408	0.04609372	0.11233905	0.09052403	0.06223883	0.00720018	0.12086618	0.12117876	-0.02543382	-0.16575883	0.00624942	-0.19722463	0.00340001	-0.07710855	-0.18397469	-0.03671959	0.03749734	-0.00071313	-0.09924664	-0.07184620	-0.03680330	-0.19199029	-0.04773198	-0.08400202	-0.06280512	-0.03801592	-0.19313283	-0.09976035	-0.12901156	-0.11915016	-0.04069924	0.03565645	-0.00189032	-0.22793273	0.07373995	-0.00058719	-0.10453404	-0.20391119	-0.15748550	-0.18976306	-0.14551172	-0.10811606	-0.04995450	-0.10146220	0.00906133	-0.05703522	-0.15206677	-0.15873879	-0.12682633	-0.06439045	-0.08018540	-0.03272921	-0.18006393	0.03719763	0.10269432	0.05844697	-0.05448367	-0.04777415	-0.16308234	0.03538722	0.02110761	-0.10608788	-0.14008149	-0.21577661	-0.17852169	-0.05164311	-0.09592940	-0.15980902	-0.10746394	-0.17250419	0.09671968	0.05420155	-0.06190857	-0.05625544	-0.01249259	-0.18563381	0.03540542	-0.03442697	-0.00568555	0.11441962	0.07192647	0.16829841	0.22361631	0.05188862	-0.00408953	0.05822003	0.04722592	-0.01926645	-0.01716534	-0.21171605	-0.23278910	-0.05795457	-0.08113462	-0.36660620	-0.14686997	-0.15250939	-0.26065532	0.00004444	-0.08464111	-0.10934553	0.02259870	0.20501235	0.00495305	-0.03599196	0.14663180	-0.07578796	0.11711164	0.06134281	-0.09424074	0.00338944	-0.04637927	-0.03728004	-0.11608919	0.03092409	-0.01297202	0.07700376	-0.06650072	0.09018091	-0.01040163	-0.11706033	0.06029288	-0.07230252	-0.05963213	-0.05739048	0.00534920	0.06580808	-0.07786706	0.09053513	-0.07341565	-0.02061515	-0.06783698	0.03336995	0.12536498	0.19654627	0.15787245	0.12649161	-0.10290845	0.12539055	0.12500060	0.13558610	0.12032660	0.10725961	0.06645551	0.04765468	0.06870007	0.08861798	-0.02099743	-0.18607331	-0.14795447	-0.05839128	0.00875774	-0.16682288	-0.20112721	-0.11769396	-0.10656105	-0.14381608	-0.14106051	-0.08742302	-0.08247157	-0.07430054	-0.09628930	0.15511828	-0.04170204	-0.09712272	-0.05717941	0.02073148	-0.10233814	-0.06005968	-0.07151434	-0.12430064	-0.00146370	-0.03625427	0.10838129	0.13560954	0.05973371	-0.05264235	0.02296159	0.01070002	0.18988007	0.09632217	0.07228856	0.02720970	0.17025286	0.04499678	0.08813163	0.02413707	-0.01852690	-0.02158945	0.08221002	-0.05237428	-0.07115285	0.05300452	0.08711581	0.01055801	-0.07724325	-0.13258432	0.00291755	0.13564062	0.06707461	0.08466115	-0.01851936	0.11758022	0.02727522	0.05975995	0.16672866	-0.12566710	0.08095509	0.01763780	0.07571493	0.10907081	0.11448447	-0.07243842	-0.24383945	-0.04675614	0.01769913	0.01561321	0.01750683	0.01647350	0.05928194	-0.02836059	0.10184482	0.00231793	-0.04791281	0.00503278	-0.03392432	0.07654086	0.00954666	0.07364426	-0.03777779	-0.03873394	-0.03629972	-0.10692877	-0.10523223	-0.07095857	0.04372794	0.06834812	-0.04458434	-0.03415029	0.13744421	0.06519512	-0.09535593	-0.15939888	-0.05419419	0.00648498	0.07885401	-0.08278833	0.00426852	-0.16271358	-0.02611398	-0.01301452	-0.16561591	-0.00326925	-0.03628493	0.02296075	-0.05710388	-0.04661608	-0.03311325	0.05093729	-0.00299131	0.00192907	0.11006506	0.06498688	0.05623155	0.14015424	-0.08578606	-0.18867539	-0.05226835	-0.11911834	-0.12822489	0.12479077	0.04026813	0.10760825	-0.13091139	-0.14740356	-0.01554012	0.01383826	-0.10805828	0.01107277	0.20031941	0.08246981	0.14257517	0.11518037	0.11529531	0.17219028	0.05078857	0.07677418	0.08258530	0.11129026	0.16607168	0.05302792	0.12550968	0.23455423	-0.01525181	0.03018340	0.00759787	0.05352244	0.18310716	0.20620002	0.07348169	0.95310018	0.04280553	0.07278784	0.19171608	0.03374905	0.18397980	0.12416354	0.10190918	0.16337035	0.10261403	0.01824073	0.06388788	0.21733020	0.05291540	0.07851575	0.20219147	0.14538575	0.13732395	0.04782878	0.18441952	0.08947538	-0.04040298	-0.00481843	0.03088245	-0.17189183	-0.08340563	-0.01517748	-0.16249565	-0.04347592	-0.02050102	-0.01893495	0.03627792	0.01235047	-0.10911119	-0.01248484	-0.10270067	0.07934972	-0.14618654	-0.05088234	0.04125943	-0.03152069	-0.19005812	-0.09868295	-0.02208270	-0.18917206	-0.04606379	-0.22823781	-0.10942771	-0.23770947	-0.07891747	-0.23637000	-0.26160698	-0.12071516
aPUT-lh	0.08085779	0.14326133	-0.12158387	0.04351390	0.17910036	0.26780211	0.22032825	0.35196251	0.35786594	0.13452555	0.21030035	0.17314513	0.27221639	0.16325624	0.08278725	0.17721376	0.16368085	0.21221671	0.17253258	0.40880899	0.09353282	0.25528263	0.17489840	0.07691664	0.31229732	0.25469222	0.31176125	0.30127956	0.36927240	0.24392168	0.16512724	0.37774352	0.31855717	0.30663239	0.11346488	0.38096123	0.18871343	-0.02375140	-0.02031439	0.26938689	0.20747969	0.10559739	0.05483884	0.12161349	0.10852670	0.18699661	0.39268648	0.23635949	0.10815693	0.18806638	0.10500596	0.22897797	0.24253332	0.16126441	0.05850929	0.00145263	-0.02345459	0.25331556	0.08432295	-0.03156809	0.16385584	-0.02367456	0.17029945	0.01039822	-0.00938675	0.19666008	0.10168586	0.11552517	0.26259939	0.16887561	0.19557146	0.15163927	0.09606015	0.15918273	0.03036179	0.14499321	0.28564012	0.09301512	0.06904328	0.14179880	0.04385615	0.33882134	0.15674579	0.24909198	0.36189432	0.21823967	0.31205002	0.16158437	0.31982148	0.26423094	0.43192057	0.37959349	0.44124494	0.46461323	0.26399044	0.18149366	0.01184141	0.32439399	0.39247305	0.24938142	0.14594121	0.10866703	-0.00555702	0.27810894	0.43285547	0.23071506	0.00403191	0.17389187	-0.03353855	0.08904504	0.00548738	-0.04768396	-0.03390925	-0.01535162	0.04566014	0.00954345	0.02908637	0.12664208	0.07069138	0.18893242	0.20565638	-0.01243793	0.09598866	0.13938957	0.22899177	0.18701132	0.11690537	0.21574300	0.11876011	0.25722182	0.15697496	0.08521683	0.27049102	-0.04198980	0.06483853	-0.05548066	0.15209309	0.06776420	0.01359832	0.11763451	-0.07404663	-0.06491671	0.05827628	-0.04681832	0.15252538	-0.08216257	-0.03481269	0.10924580	0.00043398	-0.03797507	-0.14837395	0.05130582	-0.03075597	-0.08490457	-0.17299069	-0.02431201	-0.01720142	0.04014860	-0.19695618	-0.07160895	-0.03781668	-0.03062947	0.01038050	0.02048484	-0.09942985	0.01095790	0.18960802	-0.02476708	0.02433801	0.08055161	0.17688431	0.20047734	-0.05409740	0.05582969	0.05584818	0.02446991	0.03769918	0.02668089	-0.01481887	0.23626975	0.00562088	0.06432811	0.17240165	0.19494299	0.12489558	0.25575581	0.27582153	-0.09489106	0.15060684	0.00001035	-0.01586221	0.09907072	0.03251343	0.21962003	0.27559297	0.15070853	0.30912618	0.32406196	0.17544777	0.26729876	0.01857107	0.00006291	0.15884175	0.01909348	0.10957550	-0.00013036	0.12765283	0.26777836	0.28470147	0.18001575	0.17018104	0.17884814	0.13890789	0.13540374	0.10814970	0.09660286	0.07778247	0.08746584	0.22899510	0.21844030	0.09607863	0.13419606	0.16735395	0.09725469	0.14601547	0.45666965	-0.04221692	0.39291735	0.09514280	0.21623310	0.06784880	0.12649554	0.06187802	0.14787322	0.32149005	0.17985433	0.09527984	0.03289544	0.01803450	0.26096159	0.06896723	-0.02492930	-0.03066887	0.08720557	0.20368380	0.31239420	0.02259170	0.17205681	0.17860436	-0.03128233	0.04899691	0.23533161	0.34034586	0.19525664	0.19904691	0.30045282	-0.03388100	0.22257212	0.20469817	-0.02168681	-0.12978444	0.17272930	-0.05180743	-0.03757538	0.23693590	0.14478648	0.19581281	0.18757289	0.18734478	0.28945097	0.15950328	0.13372863	0.18043993	0.21748030	0.12442119	0.21046657	0.11529212	0.31868249	0.05636127	0.06053154	0.02119766	0.14367275	0.23646325	0.24595781	0.31421735	0.29363778	0.27749523	0.32692591	0.14880959	0.23839594	0.25377377	0.31403573	0.26859730	0.44764769	0.41908843	0.39125926	0.32831756	0.06674442	0.18065916	0.20025730	0.05316680	0.26243012	0.11714152	0.22905741	0.21703903	0.09342246	0.12822592	0.08225915	0.24657441	0.48450426	0.14953470	0.34904899	-0.15752856	0.00273905	-0.01824851	0.00683244	-0.02497099	-0.10460454	-0.00056641	0.03183393	0.10479649	0.02539081	0.17974190	0.00392000	0.11380761	0.14602365	0.16206340	0.22032488	-0.04474825	0.08542888	0.24708218	0.11525665	0.27134062	0.15004734	0.17221321	-0.06954865	0.01188277	0.10353936	0.03554145	0.12303437	0.14759094	0.03054762	-0.00446015	-0.01209817	0.02211671	0.02836633	-0.05092476	0.08841432	0.01336938	0.08040454	0.05803195	0.09426270	-0.25796620	0.07629896	0.07922383	-0.12717100	0.14520879	-0.14985700	-0.05704314	-0.00197954	-0.08245696	-0.17437431	-0.11199110	-0.16829492	0.02421065	0.05050448	-0.15522514	-0.14180555	-0.05430404	0.01493662	-0.08320875	0.04722314	0.08960358	-0.03432593	0.12025734	0.02713457	0.05357623	0.06538747	-0.01083319	-0.00213043	-0.03388130	0.10404444	0.14297670	0.28060795	-0.11883388	-0.14296968	0.09895938	-0.06350829	0.13959712	0.07558492	0.08547601	-0.01650188	-0.08868845	0.15507426	0.18154053	0.16315794	0.29084160	0.32649363	-0.03185747	0.21472590	0.11378263	0.13772019	0.16379260	0.15701231	0.15570891	0.23108543	0.22497554	0.22142420	0.18925188	0.16265282	0.28147437	0.04280553	1.02720920	0.53756527	0.07908194	0.30236018	0.09541329	0.14180079	0.12273398	0.06831446	0.07223099	0.19045010	0.17881977	0.14243581	0.08723828	0.15751559	0.01635412	0.19356686	0.70395117	0.39405628	0.22168649	0.19640553	0.18519535	0.08928122	0.12752696	0.09432681	0.12528689	0.16712326	0.16149614	0.17567085	0.11513452	-0.08373836	0.15368607	0.07958467	0.04107037	0.11269233	0.11511197	0.13900539	0.17602129	0.16914384	0.16893816	0.17425327	0.18077346	0.11291013	0.17128000	0.12332765	0.06316070	-0.05577149	0.05383900	-0.01073269	0.00966424	0.00589136	-0.05308254	-0.02168941
pPUT-lh	0.10978918	0.15517871	-0.10531367	0.01497642	0.13597092	0.26094691	0.12349180	0.32939106	0.28004174	0.11440045	0.16692204	0.06764864	0.32162070	0.26002755	0.07815057	0.33629865	0.17368095	0.25367758	0.17699103	0.38989281	0.13083060	0.27269313	0.16073882	0.13037149	0.47809458	0.41846996	0.36911579	0.22311116	0.43100923	0.40896639	0.25058928	0.45477137	0.29985642	0.25225361	-0.02622316	0.36431459	0.26736923	0.06570787	0.01591479	0.26424057	0.33552503	0.15801549	0.09819887	0.33012312	0.31187807	0.32126658	0.44431984	0.44098748	0.21713589	0.21119198	0.28932562	0.39952513	0.36404645	0.23437759	0.27458953	0.09776010	0.24816556	0.33522060	0.32082657	0.06420710	0.16515187	0.01755150	0.10269806	0.06543290	-0.18071395	0.04146883	0.01952317	0.06867811	0.14685519	0.09987729	0.09590203	0.13847133	0.09391162	0.16855004	-0.05153731	0.16138535	0.16819801	0.04330597	-0.09996644	0.05953528	0.15659690	0.35964377	0.14957886	0.19270968	0.32553553	0.31352751	0.26928442	0.16628319	0.28329648	0.32057674	0.41390704	0.42676743	0.55704878	0.51886100	0.28667724	0.20759886	-0.00392203	0.43423728	0.36373438	0.22873900	0.12623318	0.07844220	0.04825001	0.31831190	0.46621097	0.33714544	-0.03229472	0.31122026	0.02971439	0.07218319	-0.06408326	0.01422264	0.12738965	0.13351016	0.11963901	0.12112275	0.08617566	0.05812857	0.01147404	0.04889103	0.29689218	-0.03619353	0.03378813	0.19855460	0.08538777	0.10845134	-0.04189293	0.19911678	0.01893032	0.20210449	0.18031784	0.20136394	0.24423492	-0.02967521	0.09427749	0.10526300	0.20632177	0.07604667	-0.03971514	0.20132152	0.10272034	0.01671552	0.34093071	-0.03099983	-0.08226066	-0.20844476	0.01925826	0.08244933	0.15879331	0.05352868	-0.13957261	0.05846236	-0.03980534	-0.09014018	-0.16452186	-0.02236248	0.02807197	0.10281641	-0.27448812	-0.14824645	0.02691738	0.11710836	0.16420860	0.18739502	0.00045225	0.21168402	0.17242934	0.22044622	0.18348563	0.11952553	0.33363370	0.33317279	0.08646491	0.12254709	0.20468586	0.07107514	0.10098728	-0.00213416	-0.03370415	0.19491635	0.07211594	0.18054063	0.24274992	0.15761442	0.22362699	0.22166346	0.34678203	-0.06383423	0.08184657	0.02399838	-0.02704382	-0.09456790	0.06007638	0.18345712	0.25397717	0.19994672	0.27189492	0.33999158	0.29013700	0.25702547	0.05701505	0.04023554	0.19913532	-0.02479395	0.02032525	-0.01955322	0.13392928	0.25192909	0.17223476	0.21601085	0.12718753	0.16648668	0.23213143	0.18543813	0.15354335	0.21188574	0.31263364	0.06911249	0.30577092	0.27724802	0.09098488	0.15831930	0.15885327	0.24500628	0.28455097	0.64124642	0.14644650	0.55748472	0.27047109	0.17749710	0.17256199	0.17723975	0.16727553	0.21259412	0.27535489	0.28750302	0.19605891	0.27784847	0.08615005	0.22437866	0.05081540	-0.06506077	-0.00903124	0.06582128	0.36705302	0.49630015	0.29379661	0.26313036	0.25595296	0.14314627	0.25315867	0.32897523	0.56189080	0.14249686	0.21390458	0.42439342	0.26730375	0.45530061	0.02410774	-0.12694794	-0.11366539	0.20619900	0.00547504	-0.07400214	0.05641678	0.09456310	0.10320681	0.19411643	0.10045936	0.19593709	0.24209633	0.05724025	0.19205960	0.27027458	0.09751282	0.11566149	0.16238821	0.27085182	-0.03799038	0.09882650	0.18275682	0.15806250	0.17754780	0.12700527	0.31957153	0.30711125	0.17350331	0.37205717	0.18152396	0.18346809	0.28432517	0.42312914	0.30266026	0.60005786	0.35423756	0.47382962	0.36140760	0.02873842	0.25581655	0.14293123	0.04613900	0.25438967	-0.05584878	0.19255907	0.21516971	0.03392129	0.13863889	-0.04694316	0.25880596	0.43300291	0.28264033	0.43882666	-0.04976257	-0.03740841	0.03570128	-0.04014493	0.03337445	-0.10529768	0.01302436	0.24248173	0.10086677	0.18630376	0.15132954	0.03744179	0.07518727	0.09567295	0.16756791	0.15892755	-0.17037208	0.16846683	0.30332112	0.10957392	0.22301241	0.31251913	0.20566612	0.09694913	0.04169821	0.08948709	0.08146137	0.09805202	0.16272034	-0.05682570	0.07824505	0.11768907	0.02696538	-0.04477915	-0.08929670	0.11523795	0.08512541	0.19858764	0.04887715	0.05524125	-0.35175120	-0.04465553	-0.12306870	-0.16394723	0.18791003	0.05670131	-0.04692235	0.07765541	-0.11496656	-0.15509884	-0.16944813	-0.20093217	0.03299945	0.13726556	-0.08397306	-0.02818553	0.01420854	0.10712979	0.09084392	0.04636784	0.15357660	0.04226805	0.23122115	0.03931312	0.11547302	0.14516650	0.11554487	-0.03638213	-0.01060883	0.04278256	0.14382899	0.32909050	-0.14830544	-0.18506840	0.05547051	-0.06449477	0.05861324	0.08472201	-0.04951595	0.00018984	-0.05175198	0.15298051	0.21766129	0.20962059	0.23583296	0.30608561	-0.03313786	0.18152657	0.17197755	0.27201464	0.30741014	0.17643957	0.21694861	0.31690502	0.29221732	0.33994461	0.17872702	0.15659368	0.42374418	0.07278784	0.53756527	1.14855234	0.07518380	0.16191561	0.16102620	0.19060677	0.14956919	0.03041853	0.23538985	0.33933672	0.34817587	0.24558794	0.04148348	0.05425072	0.15550760	0.18394681	0.58888195	0.80245099	0.21582804	0.18814220	0.13071771	0.12525383	0.19713766	0.12827576	0.03018353	0.12098773	0.22695710	0.10400465	0.16010800	-0.04790249	0.13908703	0.08919882	0.01709933	0.06892793	-0.01009801	0.09511102	0.15648916	0.22260210	0.21751419	0.14451331	0.06500642	0.10013525	0.01293024	0.01730644	0.12070062	0.04489354	0.18041027	0.09738680	0.12687418	0.10750696	0.12315329	0.00989326
aCAU-lh	-0.13307771	-0.12202614	-0.05987072	-0.02832360	-0.01335669	0.03114419	-0.05023763	0.11292552	0.01641561	0.01906458	-0.00225346	-0.03287784	0.05246047	0.00003802	-0.09277597	0.16475689	0.02508639	0.06795706	0.03286366	0.01453037	-0.05527395	-0.00290681	-0.02137720	0.02904987	0.10751568	0.02504224	0.04909690	0.07368021	0.01116486	0.04123553	0.01473234	0.02750775	-0.11140653	0.00411073	-0.08951564	0.04350844	0.01037007	-0.05554502	-0.10876286	-0.00412580	-0.04847611	0.05471255	-0.04291345	0.00294317	0.03956078	-0.02418024	0.15076472	0.07976148	-0.03624896	0.01556293	-0.06609166	0.05556824	0.09865343	0.02897532	-0.08086100	-0.03958070	-0.09687331	-0.06823161	-0.01027386	-0.13339325	-0.01936290	-0.10646497	-0.02101772	-0.01420399	0.00263079	0.07841765	-0.10534046	0.06945898	-0.02788826	-0.00766493	0.08682298	-0.08076100	0.04976378	0.04989535	0.04917002	0.01983534	0.09107746	0.02558307	0.02839396	0.00109500	-0.01461911	0.04534585	-0.01595662	-0.03346062	0.12774673	0.07322854	0.03976480	0.06097982	0.02211244	0.11882788	0.19729435	0.15035851	0.15366230	0.09267730	0.10493680	0.01153371	-0.06469594	0.05103901	0.15421083	0.13934517	0.08564597	-0.01854173	-0.15798015	0.03317683	0.16876379	-0.00240283	-0.05762047	-0.00440253	-0.09757117	0.00466363	0.07399077	-0.00380081	-0.01054972	0.06060353	0.11971089	0.09899313	0.02039948	0.15405398	0.05432468	0.12504128	0.00884903	-0.11472200	0.02688802	-0.20103738	-0.01775338	0.11239718	-0.06214672	0.03246828	0.02948439	0.06154595	0.00879058	0.00720034	0.03127926	-0.08547955	-0.10015498	-0.18084530	-0.07146708	-0.05647202	-0.03302427	-0.02116327	-0.01841197	-0.01047829	0.13284945	-0.03812738	0.01825922	-0.12373740	-0.06397448	0.02361923	-0.08174113	-0.13010781	-0.08495653	-0.20326116	-0.19452214	-0.14323718	-0.11900765	-0.08826410	-0.03014611	-0.00312554	-0.13437585	-0.20392797	-0.12144672	-0.07672706	0.07571746	0.04522178	-0.13616241	0.08825602	0.11916246	0.02679379	0.03154823	-0.14340019	-0.15095619	-0.00116365	-0.11761316	-0.03716803	0.00728237	-0.21535210	-0.13281457	-0.11280005	-0.11647515	0.04264764	-0.14567899	-0.07156737	0.02681091	0.03606408	0.04354751	-0.00893863	0.03493017	-0.11631845	-0.08427246	-0.03338659	-0.07041510	0.02492427	-0.03275576	0.02274465	0.12139206	0.10486686	0.00058033	0.04759538	0.00188699	-0.01599670	-0.10172985	-0.07437794	-0.00931595	-0.00826941	-0.02483575	-0.23213133	-0.03214112	0.08538139	0.03104683	0.09485188	0.03080315	-0.01315828	-0.00630612	0.05135192	-0.04835031	-0.00552957	0.05137972	-0.01379364	0.04878991	-0.01493169	-0.01969914	-0.05433547	0.00992450	-0.00722191	-0.10372149	0.02184138	0.01597644	0.01578536	0.01865233	0.09848597	-0.03199486	-0.02093044	0.04362235	0.00982246	0.07375421	0.08491552	-0.00025185	-0.03688490	-0.07874900	0.15403241	-0.05009706	-0.00579949	-0.05962818	-0.09953724	0.03373942	0.10724072	0.02823578	0.11734137	0.05154223	-0.11803318	0.00998494	0.01971915	0.00309501	0.15260721	0.11094710	-0.00355279	-0.01957706	0.04701632	0.08944725	-0.08524394	-0.19133108	0.06817920	-0.08289191	0.00020460	0.01766102	-0.01075701	-0.00202873	0.00220346	0.07019938	0.15726904	-0.04592067	0.02196682	-0.05076908	0.07866200	0.11052737	0.06558049	0.02257478	0.05575582	-0.05339336	0.06840300	0.01990689	-0.02689551	0.15385124	0.06011187	0.09738929	0.12889742	0.09528974	0.01688670	-0.09477857	-0.09614313	0.05411243	0.09734350	0.16994912	0.11066720	0.13271386	0.06264381	-0.01744413	0.05458636	-0.04176134	0.01896054	0.15390171	-0.02952551	-0.00592296	0.06235537	0.13149814	-0.01723886	-0.01030843	-0.08544508	-0.05143229	0.15440236	0.03554148	0.09811698	0.03224796	-0.03179226	0.06270788	0.17546223	0.07447681	-0.14201252	0.05224166	0.02466829	0.03159206	0.10314004	0.08804573	-0.10221981	-0.13658634	0.05901458	-0.01142806	0.05683018	0.01861065	0.00499160	0.01154965	0.06906709	0.11293135	0.03084559	0.08176078	-0.05995470	-0.17121049	-0.01890576	-0.10909775	0.06904664	-0.03972764	-0.09810976	-0.14122771	-0.09843931	-0.14416767	-0.00155362	0.02757983	-0.02813198	0.05613808	0.08382438	0.00079102	-0.01819953	-0.17263629	-0.20552796	-0.02827051	-0.00145149	0.05444628	-0.04998011	-0.12322738	-0.15130460	-0.10797531	-0.13446905	-0.20051207	-0.12270910	-0.12275211	-0.07216572	-0.10207399	-0.14519882	-0.00973310	0.00989153	-0.01199802	-0.02247263	0.09841595	-0.12912285	0.01512087	0.14365562	-0.10159135	-0.16477207	-0.00676189	-0.22463963	0.00198244	-0.09249150	-0.02895892	-0.01559865	-0.13625195	-0.11968351	-0.03762002	-0.12956446	-0.08506045	-0.04136678	0.13051030	-0.08031671	-0.12298957	-0.03809028	0.05864058	0.05379801	0.07179401	0.07746694	-0.06104146	0.14632089	0.08065677	-0.05192624	0.04889510	0.11961588	0.11916059	0.02417892	0.29494613	0.16638819	0.08702351	0.21421340	-0.03455383	0.19171608	0.07908194	0.07518380	0.98831795	0.25791012	0.12880135	-0.15909842	0.14163461	0.09508144	0.08079943	0.22125945	0.25507697	0.19599052	0.10273523	0.11450004	-0.02468561	-0.00172132	0.09661345	0.06786931	0.37217903	0.17165020	-0.03898850	-0.12663253	-0.13225966	-0.15911363	0.01433769	-0.04171828	-0.17892787	0.07317809	0.00239208	-0.04415627	-0.09658897	-0.00850803	0.07760235	0.02103664	-0.00932084	-0.13326750	-0.04049782	-0.07199612	-0.02587055	-0.17387320	-0.17588967	-0.03619891	0.02478824	-0.12430968	-0.11029870	-0.08790533	-0.06754062	-0.14269802	-0.09580480	-0.13072110	0.00896151	-0.09525074
pCAU-lh	0.26682831	0.16883504	0.14647272	0.23536254	0.10968711	0.20799980	0.26077014	0.22486629	0.26043022	0.15336748	0.14511665	0.05165051	0.15008066	0.11650902	0.25649391	0.16080372	-0.09248203	0.21586932	0.11470120	0.16576513	0.07695310	0.10244806	0.14555636	0.22026629	0.19268166	0.14899969	0.12357681	0.06024850	0.25213913	0.16142941	0.13791229	0.24262931	0.19282995	0.26221887	0.09467400	0.34970606	0.06686546	0.11973654	0.20440383	0.36456777	0.27373507	0.05574417	0.17348867	-0.03929438	0.17896651	0.03669175	0.16155708	0.18523912	-0.08376073	0.06402156	0.18003523	0.24243402	0.28626947	0.31053435	0.13541995	0.01830354	0.16459861	-0.04420438	0.22573926	0.15227298	0.16078100	0.28871334	0.21229261	0.11702121	0.01977265	0.07551215	-0.00326844	0.10961288	0.23171438	0.26161121	0.19648866	0.21183470	0.10657823	0.24933287	0.25103807	0.24671185	0.16605085	0.20529776	0.14467862	0.18087973	0.05616211	0.35937126	0.26215716	0.26233089	0.39581688	0.29594716	0.24975400	0.23010465	0.10186964	0.14534992	0.20847750	0.18532839	0.18182450	0.28889675	0.24443314	0.14535247	0.15995942	0.39064113	0.44757678	0.29597187	0.20290040	0.19190590	0.04644994	0.04755050	0.29415420	-0.03686967	-0.02839037	0.27048088	0.10167356	-0.02122627	0.11421033	0.16307819	0.15748850	0.09961474	0.11616983	0.14883892	0.07955118	0.08835249	0.05610197	0.10639567	0.04106537	0.01773629	0.22017552	0.12464298	0.14384050	0.16595737	0.30333319	0.11828434	-0.01082744	0.15660651	0.22455700	0.18030851	0.21082453	0.17538791	0.09877453	0.09155658	0.18049206	0.00472700	0.08015735	0.25673789	0.12829776	0.19231989	0.34062594	-0.02406569	0.09968302	-0.04500176	0.06477582	0.05687559	0.13418601	0.11831394	0.07607536	0.14398827	0.03098244	-0.02637298	-0.04926997	0.01082571	0.23569845	0.30459048	0.05379731	0.10703209	0.07832770	0.02806364	0.20218693	0.11745877	0.19019215	0.15230739	0.04606032	0.10813646	0.27742441	0.06847546	0.17321104	0.20307939	0.10791969	0.09935042	0.25798270	0.05262321	0.16808261	-0.10183969	0.00397993	0.25650585	-0.03111543	0.25269377	0.19114589	0.03512273	0.24706424	0.13934969	0.28458428	0.03498775	0.08604103	0.02264322	-0.00663777	0.08711799	0.00872921	0.14940789	0.07241902	0.11459469	0.16280837	0.25154660	0.08039776	0.19436910	0.26164716	0.16624190	0.27662913	0.14621534	0.15645088	0.05999959	0.25422938	0.29919819	0.22441719	0.24191744	0.14713540	0.12126702	0.09015976	0.07455607	0.22688449	0.07626986	-0.04275131	0.00836717	0.15688441	0.14214886	0.04452930	0.08102108	0.12409860	0.18016238	0.14165643	0.27992715	-0.00294290	0.16767658	0.19071240	0.14119315	0.14409981	0.31028485	0.12972420	0.11083224	0.32691905	0.21830699	0.04401701	0.20881723	0.18571793	0.12070510	0.21396850	0.11647782	0.30979119	0.06310047	0.10005257	0.09297259	0.00876680	0.07347825	0.14273874	-0.10040878	0.15585490	0.13353740	0.17612319	0.13679654	0.19802823	0.10807347	0.18095675	0.16465982	0.35984471	0.22287505	0.03357960	0.23716729	0.00772345	0.14396034	0.20556542	0.08046006	0.12890545	0.01212768	0.17560822	0.35517161	0.15429345	0.13333089	0.21518755	0.15371033	0.21465184	0.30158675	0.19334110	0.27802400	0.17396159	0.19921619	0.12252525	0.38976879	0.39211139	0.28282004	0.19537968	0.15900840	0.18514711	0.36713603	-0.00941839	-0.01159100	0.11720029	0.11524415	0.07492636	0.17547164	0.22729149	0.37652734	0.08582192	0.22188086	0.06379025	0.14511252	0.08617997	0.33398576	0.12903032	0.24123921	0.05834220	0.11032665	0.22424286	0.15687207	-0.01221866	0.23210001	0.16045011	0.25571282	0.02301060	-0.02571344	0.08147528	-0.06000623	0.13433440	0.05595730	0.08954289	0.14482761	-0.03782961	0.14437209	0.08412544	-0.04878455	0.03047551	0.24910472	0.11530110	0.27299667	-0.07492068	0.17916107	0.15755350	0.16113256	0.25512692	0.15606541	0.17035619	0.09424631	0.08464956	0.01834840	0.08913367	0.27965319	0.07719405	0.07263250	-0.01341839	0.17114469	-0.02877821	-0.03333281	0.02772778	0.08729678	0.21814386	0.15984719	-0.02678923	0.11054498	-0.06522970	0.14078778	0.01477830	-0.00663640	0.01893900	0.08909322	0.02400041	0.06466501	0.01193771	-0.15010894	-0.17277671	-0.08621423	-0.03270273	0.16940849	-0.03053267	0.00896010	0.06040411	0.02725789	0.08155266	0.09717856	0.17478373	0.11466522	0.16931090	0.03950428	0.16774879	0.11011054	0.22341807	-0.03599444	0.19412787	-0.11876452	0.15475045	0.16337495	0.01088428	0.02803760	0.13302887	-0.06925287	0.04471203	0.06893356	0.01878342	0.00181903	-0.10247514	0.14454701	0.09267547	0.03759838	0.22646986	0.23481242	0.08456014	0.24472070	0.07735494	-0.00010570	0.13441447	0.13005371	0.23593201	-0.01262945	0.28049419	0.29254239	0.03434874	-0.03975904	0.17189131	0.03374905	0.30236018	0.16191561	0.25791012	0.99428568	0.09172369	-0.03192037	0.12279475	0.15638746	0.15359868	0.06916606	0.18755927	0.15696462	0.06687749	-0.06301442	-0.08165911	0.13155950	0.22291799	0.03903756	0.34889071	0.46821657	0.13845436	0.08044462	0.12323590	-0.11307424	-0.00316528	0.12211613	-0.04530212	-0.10070804	0.18862565	0.03742890	0.12417700	0.15535306	0.05408540	0.04143383	0.02046990	-0.07341613	0.22140352	0.08313589	0.10682888	0.04049426	0.01855580	0.08259972	-0.07977564	0.05230137	0.13678820	0.11792425	0.20973751	0.12875686	0.10047526	0.12687765	0.14688729	0.08731070
aHIP-rh	0.12588354	0.20357963	0.16670829	0.24983712	0.16954908	0.17631425	0.20077168	0.05658041	0.08445222	-0.08765435	0.00161474	-0.06675238	0.29404892	0.16982489	0.12390579	0.27348894	0.14053513	0.06908338	0.04566768	0.15630170	-0.05176324	-0.03361564	-0.08524129	-0.03540446	0.10950464	0.18107089	0.07436101	0.06030913	0.13883490	0.01736573	0.07802723	0.08248060	0.16741358	0.09644673	-0.02005136	0.07513724	0.09623796	0.04848634	0.00986646	0.09365480	0.10109475	-0.03456832	0.02892756	0.08229118	0.09883776	0.00297045	0.17065668	0.03343149	0.06218598	0.03671995	0.03395751	0.14435685	0.02025393	-0.01557106	0.12048122	-0.01823267	0.10611675	0.10191801	0.11333460	-0.01930411	0.31093384	0.06405204	0.23607146	-0.04807955	-0.07810069	-0.03826792	-0.00792089	-0.01540551	-0.16804470	-0.17990858	-0.07408677	-0.04358554	0.06862193	0.14969899	-0.03050154	0.14251136	0.04404254	-0.04702908	-0.12843255	-0.09762744	0.10910152	0.13273398	0.01249332	-0.06920324	0.04043774	0.07587573	-0.07026900	-0.15757753	0.22609013	0.21080299	0.00916112	0.13620065	0.03506331	-0.02202603	0.10519455	-0.10906451	-0.23460241	0.06122787	0.02750431	0.18546177	0.04449655	-0.14594737	-0.20463617	0.15166044	0.12960832	-0.04364265	0.02347497	0.06303840	0.06873216	0.27271441	0.20359188	0.33783398	-0.00761459	0.22075996	0.40967572	0.45066520	0.17783043	0.42185067	0.38806605	0.26416489	0.07891860	0.06784541	-0.20209442	0.05605705	-0.08865449	-0.12789773	-0.06417637	0.01412063	-0.00378177	-0.04459252	0.11866054	0.11481683	-0.00133639	0.04041294	0.15027666	0.02423017	-0.02773289	-0.12455492	0.08546958	0.00953391	0.06820150	-0.09337378	0.06348250	0.10887981	0.03952756	-0.05581048	0.09310042	0.09103838	0.10013648	0.19549484	0.06821939	-0.07221905	0.14369458	0.21302924	0.23864822	0.10158895	-0.00768794	0.06046659	0.09005276	0.10208097	0.15514381	0.15750408	0.12590175	0.14740669	0.03004176	0.12703787	0.28102790	0.15951757	0.29796616	0.15657671	0.09676247	0.23103934	0.05215495	0.06900660	0.10319191	0.05090326	-0.13386035	-0.02726947	0.00981396	0.05504711	-0.08698637	0.07612871	0.25947892	0.08871104	0.24318255	0.16096078	0.06421253	0.09128350	0.25612924	0.31320371	0.30143210	0.17103988	0.31849980	0.37837744	0.18586993	0.06750878	0.12361294	-0.01600409	-0.13058134	-0.01175938	0.13089055	-0.03357476	0.04357340	0.13865933	0.13659779	-0.17048929	0.23112447	0.16100255	-0.01085210	0.05096498	0.05554555	0.00571940	0.27355529	0.38655515	0.16015937	-0.02250947	0.21271130	0.01258246	-0.03148385	0.00852682	0.03902324	-0.02481993	0.03344785	0.11425679	0.10480114	0.22251950	0.06791274	0.12166890	0.14043786	0.18479371	0.05232359	-0.06281913	0.03177643	0.00073050	0.09598384	0.03057669	0.04673286	0.10173790	-0.05859031	0.06103702	0.10803438	0.07559077	-0.09353557	0.11202781	0.07811248	0.10402112	0.09516949	-0.04688231	0.00947850	-0.00244206	-0.03161211	0.01600561	0.20689925	0.06517598	0.04110031	0.15584438	0.15797450	0.19096036	0.13008629	0.00204687	0.07829394	-0.03365832	-0.05942268	-0.10594886	-0.05081462	-0.03842321	0.02012977	-0.05215233	0.02403828	-0.09267214	0.01153328	0.05659036	0.01361628	0.24299702	0.06602596	0.03535385	0.17123641	0.06841850	-0.09493431	0.02594331	0.01784018	0.05117549	-0.05529812	0.02214707	-0.00044225	0.10931918	0.06937977	-0.00160356	0.12276065	-0.12018591	0.20469980	0.06248085	0.05887182	0.06766141	0.02053427	0.08451527	0.16542068	0.10228803	0.02464549	-0.08281489	0.05015962	0.12139270	-0.02630255	-0.04530211	0.01148265	-0.08232136	-0.00455188	-0.03911672	-0.11761753	-0.08344732	0.15128063	-0.05489413	0.19861162	0.29075627	0.34886394	0.16447702	0.50948418	-0.03940512	0.38714160	0.25796085	0.40708513	0.58644527	0.51094700	0.21043536	0.01832912	0.10295751	0.01675499	-0.00720227	0.13932951	0.20215315	0.09386230	0.14222049	0.00728163	0.04554045	0.14341534	0.26027980	0.25464968	0.00657252	0.01486303	-0.09304307	-0.09054249	-0.05519390	0.05629097	0.17985317	0.05561530	0.13451484	0.06048262	0.06381684	0.17146626	-0.01759353	0.22846391	0.00391418	0.18043563	0.08085431	-0.07017650	0.11064854	0.15768402	0.34380735	0.17822621	0.08542036	0.13652757	0.30851794	0.17534999	0.28844018	0.21560980	0.05751365	0.21735176	0.23176378	0.18159742	0.29038076	0.17131362	0.07484489	0.07299299	0.20815095	0.08556290	0.52055747	0.09287574	0.15111881	0.04236773	0.00303082	0.12269726	0.31616574	0.15039538	-0.00976708	0.24689257	0.15425459	0.21979096	0.37053924	0.05275002	0.49522664	0.31152241	0.45694722	0.24992494	0.18000995	0.16822202	-0.02930667	-0.06410700	0.00095322	0.05321893	-0.07283274	0.62442825	0.35351537	0.47822137	0.44230541	0.11126306	0.19789836	0.08861474	0.26144421	0.17286757	0.08344546	0.08416708	0.18397980	0.09541329	0.16102620	0.12880135	0.09172369	1.00426234	0.39546459	0.52905808	0.42423049	0.18703146	0.13185327	0.12449236	0.16670845	0.09254732	0.03715658	-0.00430929	0.06511481	0.09118200	0.16454469	-0.04696731	0.04684423	0.24926303	0.10541120	0.27993002	0.15828762	0.00119917	0.22373358	0.05037067	-0.05776027	0.19227203	0.13237081	0.18482954	0.18836589	0.18528989	0.21252882	-0.07644248	0.04151120	0.18075475	0.36893573	0.35535767	0.21675965	-0.01220350	0.31185486	0.17265656	-0.00679514	0.11853535	0.19764659	0.24349085	0.12887419	0.24641010	0.11338380	0.17606181	0.09208905
pHIP-rh	0.10974338	0.23212332	0.07273657	0.13310764	0.05480756	0.10221803	0.10212019	0.00877276	0.12523146	-0.07024999	0.13881587	0.06091545	0.19055952	0.19420703	0.13039551	0.25847430	0.16892315	0.10646867	0.09273085	0.22220741	0.09370511	0.11069034	0.08991831	0.00444870	0.16958398	0.22583260	0.15628782	0.19128475	0.21527001	0.13433813	0.27263060	0.28964375	0.33848806	0.30448569	0.27749195	0.30713043	0.29361757	0.14224500	0.28752457	0.30309490	0.29691947	0.13094931	0.20637212	0.14749595	0.11195806	0.12060182	0.09292735	0.05383381	0.15939695	0.00798847	0.04733951	0.15943348	0.11577961	0.10505147	0.11027291	-0.01337595	0.08246136	0.20269334	0.10401954	0.05324686	0.19690352	0.05027619	0.21873089	-0.08535092	-0.02728427	-0.02313902	0.10214118	-0.01412970	0.01311284	-0.06758230	0.06560892	0.16896658	-0.01759438	0.19067854	-0.01728129	0.14474014	0.12875821	0.18200655	0.06793185	0.09478130	0.06408796	0.17721076	0.21032774	0.14851217	0.13276576	0.10279748	-0.11203641	-0.10574416	0.15519359	0.15667114	-0.03497765	0.05180903	0.13079483	-0.03967584	0.00701933	0.03581193	0.03471811	0.15682995	0.04666823	0.11196556	0.06968543	0.07918893	-0.04582911	0.06854845	0.07955402	-0.07657405	-0.13075162	0.12179538	-0.05320940	0.00560305	-0.08006535	0.17013674	0.18380800	0.22075833	0.17618346	0.12007605	0.14974997	0.10665002	0.16584602	0.01586340	0.02403396	0.15386746	-0.14751062	0.17407310	-0.01602665	-0.14090263	0.03730029	-0.16103765	0.03478155	-0.00146310	0.04531569	0.08658720	0.02458679	-0.05898426	0.13949225	0.09910696	-0.03972368	-0.02091422	0.11241956	-0.11196664	-0.02303553	-0.07753085	0.00357010	0.29081089	0.13346765	0.13493591	0.17472507	0.23516387	0.07790897	0.16905616	0.13533736	0.06079526	0.15986624	0.29356543	0.21940431	0.21799138	0.07443685	0.09560761	0.19581198	0.31026606	0.22726162	0.13295975	0.13315536	0.06018494	0.04056195	0.10051315	0.08675936	0.22274458	0.19181142	0.24567713	0.12883301	0.10093223	0.13629366	0.04192362	0.12221502	0.13549741	0.02894050	0.01903900	0.00263405	0.00848492	0.09455505	0.10894197	0.09068164	-0.14474833	0.03619465	-0.00927753	-0.06301114	0.08537375	0.29802927	0.28411862	0.27700752	0.15099797	0.25768839	0.28285897	0.15549986	0.14162411	0.07939521	0.06321187	-0.09048758	-0.06402676	0.18498656	-0.00744248	0.17660874	0.02943906	0.01386697	-0.00209001	0.17027231	0.16583881	0.08614135	0.02051457	0.19826466	0.08441381	0.28512417	0.32901140	0.18666071	0.01817641	0.27672942	0.06851519	0.05326239	0.01313965	0.13465069	-0.02478197	0.09402995	0.14358125	0.18631320	0.28366778	0.12405145	0.26568665	0.15876157	0.29354434	0.18926126	0.19982362	0.21669154	0.21531359	0.32233870	0.28166268	0.24713211	0.28542611	0.12905879	0.11605897	0.23675996	0.15837301	0.11199786	0.17324685	0.15541733	0.09872783	0.00754054	-0.16257697	0.06288514	0.01478856	-0.07676736	-0.03467487	0.22727719	-0.02469930	0.01814166	0.06676948	0.06040141	0.21933383	0.22472168	0.07966651	0.27618772	0.05549373	0.00534274	0.02430249	0.09309706	0.09036166	0.14239948	0.10870208	0.09542199	0.10390852	0.18060001	0.15965027	0.04034694	0.24585149	0.14610431	0.16863881	0.12497878	0.28272918	0.03379392	0.13784093	0.14830779	0.18402490	0.11532773	0.13610598	0.09210784	0.13482535	0.08750647	0.02892686	0.19305759	0.03629834	0.19124192	0.03998344	-0.07845682	0.12769336	0.01454693	0.24647318	0.21840149	0.20319650	0.09808851	0.12613113	0.01192734	0.18689572	0.04191909	0.05112297	-0.12157995	-0.10382179	0.02639441	0.08479363	-0.03553709	0.01694337	0.05445885	0.05599204	-0.02597680	0.10377380	0.00462491	-0.20515702	0.15248823	0.11492815	0.22851604	0.23300501	0.06535908	0.23974991	0.27273454	0.10530545	0.14896825	0.12262094	0.17971872	0.22534683	0.10209200	-0.04675343	0.00265618	0.03757263	-0.01042052	0.05387635	0.17517552	0.14124385	0.17358867	0.03457673	0.02329295	0.00234360	0.08278185	-0.03302080	0.02430868	0.12741337	0.08946256	-0.03647409	-0.21322065	-0.09870702	0.03091508	-0.04921835	0.36536873	0.20289400	0.26240314	0.15104255	0.18639647	0.29089870	0.22438957	0.20652774	0.12179240	0.13400499	0.08864857	0.17827232	0.29214256	0.34941091	0.28778285	0.15294690	0.19862380	0.17596869	0.10450286	0.20251533	0.14746601	0.02787348	0.03871441	0.18638146	0.02072479	0.13873227	0.11595854	0.15510756	0.03381528	0.06935422	-0.08033381	0.20126970	0.02845489	-0.03731765	0.22592779	0.23547169	0.26621475	0.42484272	0.10078493	0.40023598	0.02908541	0.45139653	0.21320178	0.20921996	0.14139786	0.07833893	0.03811321	0.05727722	0.04617747	-0.06853000	0.37751261	0.37410803	0.20044190	0.18845824	0.16628124	0.04368875	0.01600745	0.14081224	0.12983030	-0.07947159	0.09188298	0.12416354	0.14180079	0.19060677	-0.15909842	-0.03192037	0.39546459	1.05139367	0.19623980	0.13892312	0.18093497	0.09668322	0.03390902	0.10679258	-0.03694228	-0.01334659	0.16926744	0.07099541	0.21414284	0.07521107	-0.18588893	0.01309110	0.27949416	0.23308807	0.33310458	0.24883317	-0.08309868	0.31579935	0.17467256	0.04612481	0.09738778	0.18436015	0.22455959	0.10039449	0.00403857	0.12000929	-0.03641663	0.17869072	0.24237472	0.41001578	0.36606653	0.27064417	0.20629462	0.37785216	0.20618562	0.12053635	0.15800973	0.16088757	0.31183114	0.18093024	0.28033250	0.14450703	0.05944530	0.14041722
lAMY-rh	0.14451060	0.13952625	0.15697980	0.20878874	0.26902724	0.25091270	0.17496789	0.15725451	0.08915247	0.03447029	-0.11893212	-0.07627822	0.24062661	0.21277204	0.10915257	0.19349190	0.17758012	0.00258953	0.08245655	0.15955332	-0.06071921	0.11360656	-0.10406217	-0.05305977	0.06239514	0.06814492	0.04340923	0.07064339	0.04701785	0.01622566	-0.02432823	0.01724100	0.12751146	0.04189702	-0.05238861	0.04179166	-0.00634788	-0.01036003	-0.02487259	0.14893569	-0.01045411	-0.04632971	0.02418556	0.02540095	0.11637140	0.04981779	0.28138960	0.11503053	0.01704230	0.07318618	0.04157739	0.13577131	-0.00873668	0.00056954	0.03466554	-0.00865931	0.02187623	0.02111784	0.03206252	0.01116144	0.30925961	0.08834073	0.22154460	0.02940084	-0.06984011	-0.00014298	-0.02024541	0.04083397	-0.06566645	-0.01587642	0.00345690	-0.04394981	0.07125913	0.08912782	0.03318268	0.10949339	0.06591218	-0.06914453	-0.06719896	-0.09041984	0.13981880	0.10985450	0.01474553	-0.13347556	0.02077008	0.11670984	0.13211553	-0.05288102	0.29073547	0.18699467	0.12234952	0.20039484	0.05325359	0.10324061	0.08239230	-0.10608590	-0.16293260	0.06024451	0.09392576	0.10608802	0.10341304	0.01862229	-0.05426651	0.21083865	0.26480750	0.10019681	0.10003568	0.05053353	0.09590604	0.27960377	0.11756296	0.21356244	-0.14225762	0.02184976	0.30007973	0.36925365	0.01661282	0.39661514	0.36714600	0.29357708	0.10812367	0.03960792	0.02835767	0.16548326	0.08001887	0.00208876	0.09253772	0.18956616	0.11773843	0.08003757	0.12156070	0.04973341	0.06827594	0.17596070	0.07288659	-0.02531310	0.09236602	0.02795228	0.07439675	0.08393922	0.07824235	0.05194241	0.06073872	-0.05118200	0.04920196	-0.02755629	0.02055841	0.01634767	0.01696757	0.00624541	-0.06488698	0.02612710	0.06664954	-0.00076886	-0.04763079	0.02627168	-0.05755882	-0.05471258	-0.01248697	-0.04904805	-0.04164913	-0.06053916	0.04085683	0.05562374	-0.01878452	0.11515843	0.18287684	-0.09140833	0.14978660	0.06017910	0.07138391	0.15491004	0.03738301	0.08442436	0.04956753	0.06607623	0.01615701	-0.00613091	0.04503303	0.13567631	-0.05580154	0.06227564	0.20321676	0.18184682	0.17377980	0.17641406	0.16566108	-0.02621196	0.13606706	0.08959994	0.07100317	0.14390704	0.22167555	0.35963220	0.21941028	0.12191009	0.11068359	0.02405443	0.05214081	0.11701673	0.08652698	-0.00973226	0.02009460	0.12203056	0.16680076	-0.21683048	0.18999826	0.05922868	0.05351248	0.02601934	-0.04194950	-0.03138605	0.15099907	0.28876683	0.14603963	0.00671601	0.15729413	-0.02191399	0.06248748	0.03654204	-0.00679005	-0.01714473	0.00140346	0.04504721	0.04740011	0.11763309	0.03188960	0.06676207	0.06232220	0.07883498	0.03425228	0.01555510	0.00829789	-0.03441817	0.07401476	0.00126900	-0.02677737	0.02407285	-0.07121313	0.03429191	0.10507536	0.11229927	-0.07809968	0.09998951	0.10995505	0.05474003	0.09170783	-0.02034370	0.03017110	-0.10230972	0.00372011	0.06513511	0.14659799	0.07761041	0.00820276	0.09927001	0.03733734	0.06427858	0.13069887	0.01488693	-0.05546214	-0.01846793	0.00006489	-0.08598208	-0.01111619	0.02709540	0.06228592	0.06743096	0.07511663	0.06959679	-0.03713894	0.06133447	0.09168347	0.15365002	0.03948750	0.07184135	0.10102497	0.07017800	0.03406144	0.02016478	0.01785916	0.07658606	0.00215640	0.10889930	0.06885083	0.04168723	0.09017797	0.11626540	0.08504623	-0.00576555	0.20424610	0.15576554	0.09051499	0.12953062	0.17280742	0.06522674	0.13744918	0.14178452	0.01694206	-0.01405813	0.12009720	0.11683822	0.08458378	0.00937122	0.20559287	0.10723597	0.10493842	0.00134907	0.02573612	0.13701748	0.13523034	0.07789159	0.15666176	0.22937546	0.19688613	0.14919236	0.34174073	-0.10346227	0.29338974	0.04300760	0.39618960	0.41114564	0.47224896	0.24000329	0.06154092	0.07437069	0.13823117	0.08397827	0.00710431	0.20426589	0.11268047	0.16633639	0.11239224	0.04950924	0.11833524	0.17443373	0.24606995	0.10670228	0.08905994	0.00113719	0.07905764	0.03583903	0.05972407	0.12100466	0.10014087	0.16159645	0.04748265	0.20218015	0.17657272	0.03116749	0.04223827	0.00132662	-0.03967746	0.00296700	0.03561592	0.03799958	0.00801661	0.09506483	0.07787557	0.05780980	0.04428394	0.05288164	-0.02656363	-0.00632859	0.03146539	0.00905443	-0.07205503	-0.02971504	0.10864036	0.12158191	0.04468473	0.15506549	0.13995363	0.07390523	0.11112192	0.40831176	0.15700105	0.11734037	0.04492226	0.03000480	0.15845349	0.31010959	0.22830969	0.17626558	0.02104096	-0.04374111	0.11981908	0.06542982	0.02645717	0.38358034	0.29278997	0.16461151	0.11147422	0.11453159	0.03372444	0.04713923	0.02372249	0.08407509	-0.01515910	0.02435196	0.44642590	0.25862585	0.41017791	0.40430786	0.16030555	0.18543081	0.07575355	0.31396394	0.11248769	0.05166373	0.03631030	0.10190918	0.12273398	0.14956919	0.14163461	0.12279475	0.52905808	0.19623980	0.90767724	0.40462099	0.17582130	0.14200695	0.11084322	0.18686775	0.15014553	0.02926058	-0.03835351	0.08328303	0.10772166	0.08275754	0.01843924	0.07530914	0.15466101	0.07352415	0.11742976	0.07614400	0.06735892	0.12061752	0.07485632	0.02718127	0.11151209	0.06489463	0.12099555	0.12497823	0.15995153	0.13095212	0.00484452	-0.05359879	0.05223281	0.20061884	0.21890553	0.17854627	0.00394032	0.25372220	0.14534987	-0.01275564	0.03674085	0.10207431	0.09865875	0.04061663	0.08269931	0.07403475	0.09803833	-0.04022366
mAMY-rh	0.17287827	0.16432677	-0.03786495	0.19426418	0.22005478	0.36482729	0.15670003	0.23005231	0.13933965	-0.09217431	-0.14718791	-0.04700208	0.34664781	0.18960593	0.15770398	0.25502573	0.06809864	-0.02930688	-0.03112207	0.17565568	-0.18528434	0.05257831	-0.08389405	0.00333548	0.05638737	0.01971223	0.08995824	0.04357806	0.10896588	0.14217391	0.07782002	-0.02440017	0.19133123	0.10297523	0.01140498	0.13697342	0.00586276	-0.07771682	0.00496102	0.17643142	0.07063907	-0.02046735	0.02113671	-0.24243940	0.16238099	-0.12227742	0.31505050	0.06761668	-0.15531826	0.13256923	0.12711262	0.24907010	0.22596914	0.19372647	-0.05638873	-0.12821647	-0.06291998	-0.09388174	-0.01276473	0.12698234	0.39614480	0.08998204	0.36448507	0.00247051	-0.15548998	-0.11470558	-0.02250511	-0.07980836	-0.09519231	-0.01184375	-0.05131772	-0.09980372	0.20699401	0.18786909	0.08069915	0.17137012	0.14252035	-0.00549769	-0.11685516	-0.14718389	0.00709398	0.02365010	-0.09713446	-0.16588239	0.07871811	0.23459251	0.02233530	0.08597881	0.43536705	0.17968457	0.16881723	0.12644896	0.06699252	-0.00228793	0.09646861	-0.03919961	-0.13433262	0.06293299	0.05988107	0.19633697	0.08941238	-0.02440822	-0.20423353	0.16614266	0.26464382	-0.00239354	0.04885265	0.02314757	0.08477997	0.24975211	0.16794374	0.23025682	-0.15687219	-0.09990245	0.23264903	0.22916045	-0.04969073	0.21951377	0.33585668	0.37241285	-0.05795165	-0.07131870	-0.01729511	-0.12041890	-0.00192466	0.01772835	0.06257736	0.16477311	0.11090759	0.08155718	-0.00800299	0.03358784	0.13825904	0.06275703	0.16280249	-0.15893173	-0.08454317	-0.08816732	-0.06092007	0.05814402	-0.06225626	-0.11936359	-0.04858821	-0.09317512	0.04369533	-0.19239115	-0.07340814	-0.06594106	-0.10083280	-0.07547568	-0.11061234	-0.09395316	-0.11780168	-0.14249344	-0.11491877	-0.08027603	-0.06318658	0.02370565	-0.12820135	-0.17341154	-0.02447874	0.04906066	0.01278808	0.16742221	-0.17828093	0.05915330	0.10338524	-0.16004136	0.14276883	0.08410959	-0.03578836	0.08432335	0.03992965	-0.09256839	0.00822923	-0.02232961	-0.07359599	-0.06094655	-0.03809345	-0.02653421	-0.17545476	-0.11818268	0.35471594	0.18094955	0.19697742	0.09679099	0.12121470	-0.06697276	0.36606280	0.09403642	0.14235972	0.23849282	0.35610030	0.48025145	0.36090654	0.24090405	0.02000314	0.12392712	-0.11625253	0.21562414	0.27068229	-0.07990452	-0.07020878	0.25385801	0.19105061	-0.42491698	0.21499378	0.09793694	0.01445248	-0.09356973	-0.12207779	-0.16916737	0.23098543	0.41161626	0.28003475	-0.04886217	0.28209269	-0.19449892	0.05626011	-0.02359133	-0.11847157	-0.12483579	-0.08868300	0.06385894	0.00796593	0.10764254	-0.04016643	0.04835039	0.05550832	0.14381500	0.08339747	0.03886595	-0.01823719	-0.02912952	0.18239532	0.01175583	-0.06204830	0.08179566	-0.00440506	0.08754917	0.08237538	0.03385210	0.05898998	0.23149554	0.02652806	0.01607803	-0.05934488	0.02421976	0.14027638	-0.04724521	0.10298587	0.04914596	0.04374057	0.18117010	0.15866297	-0.09347539	-0.02715072	0.01710455	0.32672511	0.10091459	-0.02718605	0.00629531	-0.13626409	-0.22940217	-0.00210503	-0.01466669	0.04043357	-0.03140677	0.00554337	0.03022554	0.09317252	0.01153325	0.03089415	0.06598087	0.09323750	0.07992750	0.10390558	0.07935548	-0.03797548	0.07714982	0.07496788	0.15109501	0.02929746	0.08106064	0.10613591	0.04887766	0.11605546	0.08121244	0.12776919	0.09223988	0.25953118	0.11267188	0.08682803	0.11149734	0.20976694	0.01998862	0.05882718	0.06359114	-0.00614450	-0.05345011	0.14951924	0.24805926	0.15388197	0.02085325	0.12285748	-0.00279658	0.12140132	-0.11812609	0.00081234	0.08064648	0.09254920	-0.02431603	0.14085696	0.33409805	0.18283185	0.19803393	0.43085245	-0.13712433	0.22966677	-0.02529955	0.22004077	0.20785584	0.33106228	0.04517356	0.00098611	0.12032421	-0.00457812	0.00403620	-0.00853171	0.09388438	0.05490248	0.09608260	0.14468889	-0.01290427	0.03448331	0.07130129	0.33306651	0.08231914	0.00061766	0.17532500	-0.07221012	0.00325086	-0.08651504	0.02636347	-0.02907231	0.21687691	0.15201211	0.19645508	0.14117482	-0.08674625	-0.03473917	0.02067525	-0.07096984	-0.03254494	-0.08038461	0.04122887	-0.16625927	0.04165211	0.01241199	-0.08536535	-0.08045808	0.00570600	-0.14021061	-0.01612231	0.07016539	0.05906130	-0.11818492	0.01110945	-0.00201936	0.22495059	0.08269005	0.10358015	0.08519367	0.19961002	0.06818887	0.23801787	0.03542217	0.05953383	0.01366482	0.00624342	0.23868769	0.41988993	0.27447618	0.12866611	-0.06441257	-0.12245764	0.16402887	0.03802434	0.01598616	0.35102218	0.21278044	0.22674901	0.13177324	0.22768475	-0.05591299	-0.00989488	0.09619400	0.16351522	0.00855655	0.09790481	0.43386152	0.23062469	0.24617178	0.48945186	0.17600711	0.11342732	0.13543915	0.12163673	0.14227100	-0.02754491	0.07884037	0.16337035	0.06831446	0.03041853	0.09508144	0.15638746	0.42423049	0.13892312	0.40462099	1.05460256	0.19960493	-0.03201593	0.03107290	0.08716866	0.05958893	-0.00886683	0.03516060	0.09185015	0.04937800	-0.13169113	0.06203061	0.11818063	0.08801308	-0.00570035	0.04090855	-0.00159331	-0.02282930	0.02133353	-0.05880768	-0.04912165	0.00662361	-0.06291063	0.03536615	0.04354883	0.01606153	0.01883133	-0.09282233	0.13982857	0.03569512	-0.00376224	0.10392141	0.11333808	-0.12587489	0.16530510	0.18895302	-0.14426974	0.03261601	-0.03462917	-0.12463611	-0.10704765	-0.02934931	-0.09622719	-0.12328580	-0.15571621
THA-DP-rh	0.32477275	0.32298207	0.21501117	0.19520487	0.15351982	0.28124207	0.22657014	0.11617384	0.13338826	0.04023492	0.02560330	0.03009709	0.23124700	0.25121374	0.28516749	0.22935084	0.06880610	0.13753095	0.12265206	0.12692525	0.00993446	0.11524374	0.05132093	0.15243956	0.17077423	0.23654734	0.07394370	-0.06594700	0.12993730	0.13591736	0.09535878	0.07660761	0.11208096	0.10359297	-0.02104062	0.15048650	-0.04128865	0.21307721	0.13342997	0.21471827	0.11588935	0.01377000	0.08618895	0.05270210	0.18853443	0.07702415	0.04604802	0.14608693	-0.04683119	0.15754780	0.14528463	0.25340464	0.27200964	0.26511735	0.05191932	-0.05871480	0.11767898	-0.08770241	0.19182274	0.29042535	0.18994885	0.33290685	0.31972906	0.09268712	-0.06362577	0.03348257	-0.00875710	0.13114212	-0.02147164	0.07284533	0.01675280	-0.06859538	0.10934879	0.21242546	0.12661162	0.19399260	0.06978683	-0.03848773	-0.11168321	-0.08102578	0.22932216	0.14429234	0.15643100	0.00113503	0.11117077	0.16995953	0.10153269	0.11532685	0.12797891	0.13113884	0.04800697	-0.00538857	0.13400257	0.11109347	0.14235367	0.10770525	0.04123846	0.24568217	0.16856078	0.14782375	0.00162479	0.02375329	-0.00097176	-0.07155147	0.05324780	0.01150630	-0.06976373	0.14113951	0.21502846	0.07652457	-0.01157655	0.10894691	0.12171922	0.08335069	0.17521678	0.17701350	0.10624783	0.12610927	0.13210573	0.06681218	0.13865212	0.02048126	0.03001797	0.08982677	0.06006271	0.06813201	0.03077868	0.04328944	-0.06482195	0.02080666	0.11583882	0.08315251	0.08898378	0.21599929	0.16888983	0.10355298	0.11505732	0.04502540	0.07531085	0.09990321	0.16192130	0.07891819	0.22744733	-0.01733710	-0.04384589	-0.06592536	0.10784666	-0.02313195	0.19302671	0.17029961	0.08158534	0.08301884	0.01900671	0.09162452	0.01244702	0.11279582	0.18132694	0.32334963	-0.00767432	0.05511488	0.12112237	0.10466266	0.14673890	0.15442749	0.20701103	0.07849731	0.10306298	0.09045042	0.22533393	0.05035463	0.16146409	0.13987170	0.22061365	0.16374355	0.23980647	0.24361037	0.18412219	-0.03898966	0.01958811	0.02949174	-0.04052797	0.18043762	0.13492765	0.04878683	0.18259816	0.11389556	0.08930832	0.09737815	0.20445984	0.20628243	0.16650394	0.11380456	0.08703770	0.13289680	0.01281025	0.21659308	0.10526872	0.10778385	0.01967798	0.10445912	0.26411021	0.13639625	0.25709644	0.19884348	0.12494878	0.00376307	0.31632059	0.17146647	0.10757726	0.16475458	0.05722331	-0.03805095	0.24518862	0.17779150	0.30535669	0.25908161	0.12445718	0.04200846	0.18230296	0.08792915	0.06330053	0.05560603	0.05136164	0.10612068	0.13425505	0.20433529	0.04197773	0.09520646	0.20007841	0.04340835	0.13182862	0.06583885	0.10967727	0.05589906	0.09796612	0.11198249	-0.04914370	0.21462444	0.07940381	0.03446516	0.22467857	0.03325527	0.17698115	0.16412946	0.27245834	0.14961201	0.03784528	0.05463413	0.19762415	-0.06432733	0.14100414	0.11686420	0.19783648	-0.03605641	0.18270018	0.08426158	0.15298852	0.14030384	0.14797018	0.31407489	0.15662976	0.09420915	0.00245792	0.00005798	0.08988259	0.05098008	0.08457217	0.06405344	-0.00581753	0.03620045	0.04143338	-0.00163792	0.16363236	0.15572606	0.06515495	0.15284427	0.04023563	0.10759079	0.02362523	0.04813195	0.17233332	0.25929561	0.09416819	-0.00858381	0.01488694	0.01094928	-0.04965766	0.18916247	0.15774577	0.05177901	0.14002011	0.16857726	0.03692818	0.18591092	0.16292776	0.23651784	0.09538678	0.19882123	0.04942541	0.06392971	-0.04102390	0.23187540	0.01838788	0.04215092	0.04327746	0.00262917	0.11419631	-0.08266770	-0.04503832	0.01828851	0.09702916	0.06867623	0.06602230	0.05608012	0.09187959	-0.05248146	0.09830766	0.07331392	0.20628149	0.10854193	0.04487181	0.14608774	0.18579338	0.14400394	0.04423349	0.18126945	0.02563308	0.11228882	-0.09053374	0.20546203	0.03684171	0.02454775	0.01829634	0.07778601	0.09766068	0.15604010	0.14191749	-0.03147754	0.02606698	0.12748124	-0.01571887	-0.00257467	0.04098890	0.22905146	0.00218312	-0.01520877	-0.05686815	0.02592718	0.12406102	0.07130526	-0.00502508	0.00363420	0.03661871	0.09327121	-0.07894021	0.18525097	0.02075843	0.16972599	0.11431593	0.10774205	-0.06962106	-0.03369741	0.01324665	-0.00764708	0.15587042	0.34514093	0.14422254	0.11076303	0.05661019	0.13988983	0.22111848	0.07226429	-0.00257511	0.16542689	0.15456824	0.09284723	0.19250390	0.22809679	0.23734465	0.04076207	0.23084824	0.16675820	0.13321847	0.15271926	0.10589412	0.02256170	0.24150593	0.13196204	0.10129731	0.11413553	0.04064157	0.01757908	-0.03214004	0.11844759	0.06603688	0.08662426	0.09896217	0.15530255	0.07728045	0.00357015	0.21714197	0.13716605	0.18001331	0.24030271	0.42148904	0.00323303	0.05522275	0.21993663	-0.07393428	-0.05933890	0.07614108	0.10261403	0.07223099	0.23538985	0.08079943	0.15359868	0.18703146	0.18093497	0.17582130	0.19960493	0.94233851	0.11931359	0.09302071	0.16417560	-0.04572407	-0.03948163	0.04609056	0.02846133	0.06431642	0.12223718	0.11220205	0.10833218	0.16740741	0.08249585	0.07201663	0.09891023	0.01101367	0.12077746	0.13162145	0.03174484	0.19776466	0.12446487	0.17115176	0.12543375	0.15758069	0.20603240	0.06048452	0.16167342	0.24605372	0.15906882	0.19438775	0.19113153	0.11191644	0.10800049	0.11153433	-0.08158108	0.16785138	0.16906221	0.21370253	0.27149931	0.21052828	0.20078903	0.18981913	0.16292803
THA-VP-rh	-0.06062420	0.08339756	-0.17340391	-0.17858235	0.05335931	0.09726579	-0.01808997	0.09928945	0.08585472	-0.01921590	-0.02332007	0.01512738	0.25015995	0.12042074	0.03882558	0.17362768	0.11007164	0.09970770	0.20057865	0.22323389	-0.00484479	0.08284730	0.07383933	-0.07184462	0.09457062	0.12413087	0.07635329	0.00712280	0.01880627	0.20190554	0.11743685	0.13325948	-0.01413541	-0.09086536	-0.06826408	0.04080042	0.05185745	-0.03022545	-0.06426962	0.01693305	0.17311571	0.05423433	0.14868750	0.10801410	0.20040676	0.27878356	0.22299459	0.18024121	0.09073213	0.19920468	0.15141285	0.22973288	0.04063631	-0.09207467	0.20353515	0.13205132	0.19745405	0.10484761	0.18177981	0.04779350	0.11418282	-0.04328198	-0.06596354	-0.11520747	-0.07844536	0.05316483	0.03109334	0.15252938	0.03783916	-0.01292071	0.10386924	0.05133335	-0.00390445	0.00064066	-0.14108480	-0.02739716	0.00723650	0.03116813	-0.04703283	-0.04441651	-0.03366421	0.15810915	0.06884579	0.14825452	0.16540978	0.09498010	-0.01631622	-0.11029593	0.10008241	0.24576069	0.15914863	0.20705332	0.15323171	0.13915618	0.00146763	0.00640990	-0.10746683	0.11063644	0.20134505	0.10816221	0.04986121	-0.02376758	0.04965079	0.17613937	0.20235444	0.18450151	-0.09120331	0.16447155	-0.02096557	0.06786597	0.08169766	-0.06492983	0.00337756	0.16238573	0.19417913	0.19199847	0.16665042	0.23406014	0.15176767	0.13484583	0.18074335	0.00156286	-0.06058041	0.17856161	0.09285936	0.06232350	-0.07635065	0.06117450	-0.02671241	0.01729253	0.14954618	0.18273328	0.07468989	-0.13707333	0.01564480	0.08721836	0.16630221	0.02130885	0.02926806	0.11456173	0.06111833	0.03340300	0.18027496	0.07158380	-0.00301288	-0.01924884	0.04508870	0.11221489	0.12069955	0.05963936	0.02413544	-0.01474205	0.00393311	0.04195602	0.01749372	0.09122694	0.13175306	0.03411523	-0.01629126	-0.07884858	-0.02757410	0.09591675	0.06478434	0.15628535	-0.05344960	0.14563061	0.25496190	0.16298950	0.07855393	0.00959966	0.03314359	0.09525904	-0.00975626	0.12222571	0.12729542	0.09938162	0.09447539	-0.11879497	-0.02489330	0.08203001	0.03102098	0.10394855	0.13998408	0.00893637	0.12907756	0.05927006	0.19321433	-0.02083673	-0.03641376	0.02727079	0.02455550	0.06136143	0.14246706	0.19610172	0.07345091	0.19673569	0.16160872	0.12162955	0.07543121	-0.00132473	-0.15463855	0.14904278	0.03008948	0.02413686	0.13260724	0.07552898	0.09331783	0.05461100	0.03613911	0.02573557	0.02595675	0.08379378	0.12622506	0.03350501	0.01671455	0.08931780	0.14171979	0.10496868	0.05644941	0.04378591	0.04646136	-0.00393747	0.03170711	0.12706772	0.07105495	0.28548030	0.03555756	0.26582277	0.11336345	-0.00646748	0.10183228	-0.04958231	0.10674033	0.11920937	0.07963876	0.12019254	0.03881161	0.14746298	0.10744927	0.03354906	-0.05755912	-0.10030398	-0.10624786	-0.06547648	0.23767633	0.25351110	0.18114211	0.18569573	0.13951480	0.08855115	0.07740653	0.14857554	0.24054663	0.19035363	0.07950571	0.16393198	0.22925800	0.35767184	-0.00880875	-0.11967381	-0.21460172	-0.11852319	-0.06517655	0.02829342	0.04867789	-0.00801237	0.12948162	0.10394088	0.13026929	0.05557082	0.16274354	-0.00829328	0.04714953	0.24870443	-0.02250824	-0.03700375	-0.03794360	-0.01605869	-0.10458462	0.02444743	-0.00891235	-0.00860833	0.07902187	0.07168752	0.03085398	0.08624488	0.02129597	0.09633476	0.04438301	0.02319496	0.10786556	0.19218498	0.09943638	0.27636144	0.14697279	0.17892732	0.19874379	-0.06874227	-0.00038143	0.00540677	0.02169876	-0.09847888	0.00583244	-0.08442133	0.07313979	0.02585729	0.16670819	-0.05952511	0.09361671	0.10612269	0.21135970	0.26621394	-0.00395874	-0.07519623	0.03812800	0.00340815	0.08406612	0.00848852	0.10591048	0.11183982	0.11146133	0.13214333	0.10828391	0.02434461	0.00555724	-0.12000756	0.09321426	0.05037928	-0.05335370	0.12552819	0.19354816	0.16250193	0.04601316	0.17305959	0.04613447	0.01931845	0.01348007	0.03441455	0.01779098	-0.09633274	0.08497339	0.00060816	0.14881626	0.09572156	0.02479940	0.04148731	-0.07220071	0.03115275	0.07255077	0.02316275	0.07222323	0.02005002	-0.10449438	-0.05778163	-0.02602060	0.07911350	0.16226609	0.10048339	0.06556019	0.07279553	-0.01627926	-0.03101592	0.05119276	-0.03889832	0.16279296	0.09661734	0.01644708	-0.01210495	0.07024318	0.11098664	0.12056299	0.10665154	0.03727506	-0.01676864	0.12009134	0.17581580	0.16081087	0.20094863	-0.00037228	-0.06121049	0.07500886	-0.01476500	-0.01993963	0.15701937	-0.06404881	-0.04598515	0.09341302	0.02625214	0.15617347	0.11220789	0.06394376	0.06992559	0.00305296	0.04613479	0.10237610	0.01359341	-0.07160017	-0.07390393	-0.03781802	-0.01957409	0.20347316	0.28628894	0.16985895	0.09890899	0.23250892	0.29121775	0.41406717	0.22631537	0.01849421	0.17485512	0.20143042	0.01824073	0.19045010	0.33933672	0.22125945	0.06916606	0.13185327	0.09668322	0.14200695	-0.03201593	0.11931359	1.06139781	0.35576326	0.26797459	-0.06216266	0.05274801	0.07917670	-0.10295115	0.23106817	0.37258166	0.12024528	0.12552546	0.09356312	0.04044798	0.07936069	0.08747772	0.09851665	0.05928692	0.13817066	0.10636708	0.07991775	0.04985477	0.01866008	0.04068028	0.02833437	0.12787561	0.02094300	0.05891423	0.06667315	0.07799203	0.11616865	-0.03553261	-0.01876119	0.05410058	0.04245934	0.06712000	-0.00090295	0.04795373	0.02964748	0.02369669	0.07882915	0.01096905	0.11425284	0.08084080
THA-VA-rh	-0.08682641	0.11271533	-0.20946644	-0.05917532	-0.05760080	-0.02607446	0.03327139	0.14869000	0.20582173	-0.01770529	0.18838204	0.16424055	0.07000264	-0.17272797	0.04275571	0.04642213	-0.10373975	0.10008708	0.08702023	0.14757183	0.01144853	0.01469831	0.16312092	-0.06927546	0.29985449	0.20567298	0.20050482	0.11986570	0.30097009	0.21897416	0.15925070	0.28250489	0.14363220	0.20386670	0.15435519	0.16386946	0.24185362	0.07959803	0.17039649	0.23044123	0.25711335	0.01195340	0.07605987	0.04609893	0.16128421	0.19818398	0.37434506	0.12576987	0.09367290	0.15935259	0.16257007	0.21654845	0.20587200	-0.00223645	0.24466252	0.16604620	0.27319329	0.21257482	0.23832526	0.07040755	0.04975684	-0.03860955	-0.08409510	-0.05120200	-0.13851911	-0.05694626	0.11468960	0.03057984	0.16964521	0.06925101	0.08618799	0.23539394	0.11284696	0.22481881	0.05454534	0.18129179	0.20226546	0.27604526	-0.01069050	0.05436845	-0.02375361	0.25987151	0.16358194	0.22729421	0.25116455	0.14585116	0.06849722	-0.02073614	0.01268091	-0.06452286	0.21842725	0.27422296	0.20100552	0.29840134	0.11333717	0.04323079	-0.09098025	0.21923698	0.25850274	0.22191265	0.11515516	0.01808317	-0.00867459	0.27034535	0.25533174	0.05144788	-0.08116782	0.23486641	0.02414922	0.06770001	0.05527070	0.01961122	0.12277965	0.11860633	0.18070217	0.14327911	0.18249341	0.24955374	0.02068273	-0.04458180	0.06329221	0.04696245	0.06285224	0.05582769	0.06315183	0.06605838	-0.05329341	0.18490650	0.03681157	0.08756134	0.19639435	0.13474383	0.24013595	-0.08164577	0.00966387	0.06031350	0.12707905	0.11454430	-0.03728786	0.13884168	-0.02919365	0.03347778	0.23261509	0.04406304	0.00693254	-0.06035178	0.08803762	0.17137497	0.08623132	0.05524339	-0.06897795	-0.02266876	-0.00868747	-0.00402177	0.01636028	0.07060264	0.15371677	0.06896716	-0.05223908	-0.06872798	0.00239671	0.14053572	0.08329175	0.16923788	-0.10964986	0.20493976	0.10683606	0.17594162	0.10631905	0.00489908	0.16643751	0.08702125	-0.05624881	0.03857898	0.08234094	0.00147059	0.02586757	-0.09095502	-0.10643040	0.09645529	-0.02115183	0.05123362	0.12438402	-0.04024337	0.12106613	0.09120962	0.23529326	-0.06024682	-0.14559452	0.12009041	-0.04182010	0.00693846	0.01026132	0.00419508	0.05084372	0.07723081	0.24759878	0.17838625	0.10050251	0.13889554	0.01034498	0.04404190	0.08457333	-0.03538355	-0.08946103	0.10121723	0.04895281	0.25763963	0.13943323	0.11832820	0.06090481	0.20590004	0.11814902	0.01181378	-0.03499114	-0.05448162	0.01507034	0.05087209	-0.00369491	0.11192400	0.02952396	0.04772089	0.11730042	0.24241405	0.11308818	0.37053336	0.02994232	0.27701436	0.08290608	0.12807997	0.14256049	0.20107226	0.08715975	0.15127882	0.23998337	0.18531677	0.13621014	0.16208725	0.10170124	0.01730352	0.01280291	0.03606839	0.17015987	-0.19152057	0.08329082	0.17625472	0.29751091	0.14342274	0.01381516	0.06193115	0.09308382	0.23575358	0.24609312	0.17456269	0.17446388	0.27563681	0.27400083	0.32203331	0.13250567	-0.02496397	-0.01485624	0.06924597	0.05754302	0.04476342	0.11475655	0.12191217	0.08333799	0.18405283	0.12656390	0.14779464	0.18683514	0.06786348	0.01252385	0.31761999	0.13773369	0.09095147	0.03612754	0.16262651	-0.03396744	0.12163552	0.18790007	0.17788304	0.13234082	0.08837212	0.19116318	0.24869452	0.19481881	0.27299965	0.01153807	0.09954951	0.02763020	0.24300571	0.25510623	0.33993184	0.18120087	0.25532052	0.18651800	0.06267740	0.09837676	0.00909907	0.03663859	0.09250843	0.05637837	0.10409483	0.07418241	0.11364694	0.18010311	0.07980006	0.18657951	0.30798433	0.29370120	0.34293209	-0.00016704	-0.10358373	0.07983366	-0.04252724	0.03087344	0.06544328	0.04253272	0.10514865	0.00032434	0.10464945	0.11059893	-0.04636675	0.07182830	0.05792672	0.08779206	0.06861681	-0.07406071	0.18497278	0.29067833	0.24807996	0.27891452	0.24870602	0.15913717	0.10204511	-0.05825843	0.11468763	0.12015796	0.08235844	0.10610523	0.07507067	0.08897697	0.15463681	-0.02721667	0.03298141	-0.06603772	0.12829756	0.05135267	0.15061967	0.13533031	0.09529838	-0.16086769	0.05550685	0.01641395	0.06327809	0.29839980	0.09450513	0.03015504	0.13570952	0.02344315	0.01983342	-0.08886707	-0.00796226	0.16309388	0.09848245	0.09145989	0.01963760	0.16019946	0.10319510	0.02165307	0.11903968	0.16270598	0.03321610	0.15824447	0.04480841	0.07096118	0.16634437	0.08789427	-0.08441736	0.01448555	-0.08287424	0.08219101	0.23949551	-0.08748166	-0.04753704	-0.00020337	0.00632343	0.08892248	0.10753094	-0.12125814	0.09387700	0.01086185	0.05182162	0.24040941	0.14205656	0.13092218	0.17945728	0.03276331	0.16633568	0.12772259	0.09268088	0.12534379	0.09833824	0.17097484	0.30680864	0.64596958	0.41323112	0.05566479	0.09833996	0.12614778	0.06388788	0.17881977	0.34817587	0.25507697	0.18755927	0.12449236	0.03390902	0.11084322	0.03107290	0.09302071	0.35576326	1.05307243	0.40680938	-0.04414252	-0.03366927	0.14223217	0.05213712	0.28864649	0.38214073	0.20874789	0.31839185	0.15855041	0.11555217	0.24903263	-0.02039135	0.05168967	0.21943512	0.18153277	0.10256633	0.07152930	0.05776332	0.07552198	0.07533816	-0.01242476	0.08582758	-0.10271340	0.01853187	0.14011395	0.14283451	0.23431731	-0.03153883	0.05580050	0.25042876	0.14952123	0.15129838	0.06776874	0.03522416	0.07114080	-0.00837055	0.00971475	0.00745243	0.04722226	0.13421705
THA-DA-rh	0.09686643	0.12686008	-0.01374350	-0.00861399	0.01422187	0.00555181	0.01043559	0.12494393	0.09366705	-0.00628781	0.03969162	0.02130358	0.11361257	0.05210803	0.05918242	0.19296138	-0.04420577	0.10019118	-0.01244127	0.03412723	-0.07303300	0.05969684	0.08390819	-0.03361171	0.30786034	0.18702721	0.07165236	0.02382592	0.20717001	0.17922257	0.27696030	0.29604169	0.16926473	0.18443788	0.04059861	0.15506606	0.21913879	0.11567252	0.12598486	0.17402065	0.27556286	0.13764452	0.22428563	0.21375875	0.18556655	0.07293020	0.31225539	0.31054651	0.04699215	0.12426311	0.17536389	0.28404491	0.15752263	0.14422242	0.21923567	0.02726136	0.13411173	0.06577833	0.16046341	0.10510500	0.16151975	0.10454922	0.00371390	-0.10980145	-0.08384496	0.12948159	-0.08387271	0.05130799	0.04005849	-0.02947472	-0.05452394	0.06844801	0.07625430	0.19746242	-0.05040172	0.14546904	0.21002423	0.12919723	-0.03549749	0.13666755	0.12330361	0.14129895	0.12968901	0.13247504	0.15264887	0.12564502	0.06247647	0.05926385	0.10766809	0.10914326	0.23650505	0.23542621	0.32332542	0.24054122	0.13573671	0.15169896	-0.11575398	0.28909131	0.24907283	0.27606263	0.12020632	0.09812103	-0.01789173	0.10155174	0.24073676	0.02501170	-0.03587925	0.22474365	0.15072603	0.09684924	0.07810435	0.09701740	0.19102381	0.17758476	0.17836847	0.20953066	0.16171721	0.19450512	0.13686858	0.05793858	-0.00428116	-0.04615229	-0.01700019	0.00816794	0.04032266	0.03094054	-0.11071202	0.02861538	0.00067930	0.06875542	0.13170917	0.10941585	0.19936230	0.00648992	0.03872809	0.03740192	0.06174123	-0.00826536	-0.03189823	0.09170158	0.09317900	0.10521583	0.14775045	0.09771048	0.03230001	-0.11850516	0.03151278	0.08740570	0.07516796	0.03407996	-0.04310016	-0.02224169	-0.02854785	0.06707282	0.01679916	0.12605490	0.11008324	0.18779905	0.02012683	-0.00940302	0.03539599	0.01117866	0.12990654	0.18737351	0.04211019	0.23027953	0.12199618	0.23777993	0.19027138	0.14754486	0.09674793	0.22730770	-0.06428386	0.07484336	0.15650265	0.08628302	0.11279270	-0.16037975	-0.07251976	0.01230770	-0.06415924	0.04061187	0.16252700	-0.00953730	0.13633042	0.10191536	0.13973008	-0.03602907	0.01021419	0.06003676	-0.02724528	0.10865969	0.05951024	0.13799343	0.10543297	0.11048473	0.17930532	0.05555879	0.01979229	0.08741688	0.21288353	0.10359314	0.07170904	0.11368951	0.01485581	-0.00045678	0.20245141	0.14885280	0.04811512	0.11092584	0.09880566	0.08675700	0.07946526	0.19050377	0.09668900	0.06920648	0.17881230	0.02187474	0.06775556	0.06636718	-0.00647137	-0.00390902	0.01791194	0.13151374	0.09777735	0.30822353	0.11599825	0.38827640	0.13179344	0.18148669	0.31729725	0.15454164	0.19558392	0.16760188	0.18695650	0.16010138	0.21191356	0.27829396	0.21430271	-0.00981508	0.15276202	0.09328639	0.13440242	-0.02671635	0.15181406	0.20431345	0.27596666	0.07634541	0.10248086	0.12585116	0.17354817	0.24171423	0.30457486	0.18008481	0.24673114	0.18394557	0.18047110	0.20436447	0.13600193	0.02691965	0.06683116	0.07596018	0.03855987	0.04277001	0.05656835	0.08911119	0.01590446	0.12808757	0.04807852	0.12322688	0.18870453	0.04119711	0.02191533	0.24813846	0.12916114	0.07725157	0.08789578	0.08442317	-0.02262444	0.17103150	0.17272684	0.15752481	0.11603922	0.10135615	0.17093627	0.35357054	0.10832997	0.20607113	0.03209682	0.01330150	0.08779446	0.19121013	0.21099264	0.33898889	0.10000402	0.34313473	0.13920906	0.11055220	0.11532759	0.08006532	0.10652574	0.21966435	0.00176578	0.10636361	-0.06553885	0.04232815	0.21634092	0.06143260	0.02584542	0.23492012	0.27464115	0.26842686	0.02369837	-0.02054456	0.10259314	-0.12279070	0.13796679	0.01038827	0.20241594	0.17056101	0.02932575	0.22794171	0.17354180	0.12689473	-0.05060869	0.08512246	0.08103104	0.04553884	-0.10536166	0.03146315	0.19816618	0.06514513	0.11218797	0.16066716	0.19372461	0.14607647	-0.05692037	0.07203966	0.03265096	0.13008582	0.04255205	-0.02512854	0.05624458	0.10588296	-0.07039000	-0.12483411	-0.14248601	0.03994437	0.10619496	0.13762008	0.08054411	0.08285582	-0.09944836	-0.02377570	-0.01859053	0.04196783	0.18198575	0.12535443	0.06861865	-0.00200455	0.00069180	0.03162163	-0.03311048	-0.02433768	0.18694380	0.20611328	0.10325258	0.00197293	0.16165903	0.19401883	0.19829537	0.12609865	0.22722149	0.09669278	0.20105199	0.21992425	0.24470167	0.08653053	0.06499605	-0.00430719	0.06301481	0.06681867	0.13099429	0.12511716	-0.09126902	-0.05408208	0.00876762	0.04140713	-0.07701745	0.14364360	0.01376138	0.13912903	0.07209261	0.13271267	0.20888760	0.15826224	0.14757586	0.17165947	0.05729757	0.15606044	0.22058849	0.16102641	0.10816272	0.12559166	0.25170472	0.27418766	0.33232942	0.46655682	0.21468732	0.05331457	0.10410166	0.21733020	0.14243581	0.24558794	0.19599052	0.15696462	0.16670845	0.10679258	0.18686775	0.08716866	0.16417560	0.26797459	0.40680938	0.99672617	0.10299458	0.06985950	0.16384394	-0.02074490	0.19807512	0.25014130	0.21466661	0.29744872	0.10826211	0.09097786	0.15262120	0.01468009	0.05621386	0.21613387	0.21277889	-0.00319826	0.04354908	0.11512046	0.07013217	0.05730000	0.12051815	0.10043867	-0.01359453	0.09018476	0.13804446	0.14932863	0.20077442	0.01791937	0.00425217	0.14337089	0.14637607	0.05939747	0.06561408	-0.00587386	0.10755285	0.04292823	0.12977000	0.04241966	0.12661325	0.10922121
NAc-shell-rh	0.03592579	-0.07444846	0.12433432	0.19394974	0.02806312	0.01914273	0.04787135	0.10190790	-0.04806612	0.07409225	-0.08988974	-0.12700046	0.00585822	0.16095076	-0.00869331	0.01708606	0.21584068	0.04028111	-0.01398233	0.01615492	-0.08117170	-0.01041413	-0.19792900	-0.05242537	-0.01130946	0.04479685	0.00434976	0.03430178	0.01249135	-0.03896195	-0.11813529	0.04140340	0.06162625	0.01943653	-0.02640356	-0.05092032	-0.03631399	-0.02759346	-0.08642565	0.02635411	-0.03109640	-0.04465222	-0.03503578	0.11422754	-0.01190290	-0.04151383	0.07894275	0.09662657	0.03298829	-0.04011804	-0.00303381	0.04412105	-0.08584714	-0.06056042	-0.00797038	-0.11476364	-0.09089043	-0.00042851	-0.01291835	-0.02945203	0.04007219	0.09537233	0.03947547	0.00922314	-0.02435472	0.02960361	-0.08780425	-0.03333142	-0.08923117	-0.02401004	-0.05481612	-0.05794892	0.01914204	0.03600429	0.04078329	0.01315384	0.03725279	-0.04452024	-0.07981020	0.06173465	0.04792957	0.00842563	0.03389716	0.00110472	0.01318908	-0.05079914	0.05771101	0.03426359	0.12094933	0.08342845	0.17243055	0.20233986	0.07636940	0.01471785	-0.05141904	-0.00210644	-0.17993661	-0.07019799	0.01187819	-0.07657486	0.06902419	0.01736823	-0.10700716	-0.02305422	0.08812040	0.08096390	0.17174156	0.00841378	0.25084879	0.15566694	0.15768868	0.15741910	0.01476248	-0.08130202	-0.02522639	0.02042902	-0.09030187	0.11538319	0.05274545	0.09610281	-0.04817726	0.00143091	-0.14147011	-0.02569295	-0.02744692	-0.00856392	0.00837012	-0.06057510	0.01590601	-0.09404005	0.03883801	-0.08875213	-0.06631093	0.21624734	-0.10153123	-0.11117677	-0.10681160	-0.10686516	0.04163471	0.03798953	0.13397733	0.09089038	-0.09953763	0.09109018	0.02730315	-0.07341429	-0.02773332	0.02122838	-0.12859657	-0.05500349	-0.08746437	-0.03434549	-0.05489703	0.06029232	-0.00277651	-0.05472933	-0.01404251	-0.04018005	0.02442535	-0.09270196	0.02930420	0.09047079	0.07058178	0.02908630	0.10520211	0.05797307	0.05294101	-0.05711115	0.10178334	0.02122574	-0.03747662	0.14693028	-0.12581211	-0.00469517	-0.04912403	-0.10445282	-0.03787972	-0.04031018	0.00233282	0.07539476	-0.00261066	-0.01306649	0.01701053	0.08831128	0.00992311	-0.03273531	-0.00813565	-0.13633117	0.06959251	0.05163125	0.05611391	0.08819118	-0.01374072	0.06189858	0.11918800	0.05712618	-0.02527248	-0.09986506	-0.00530853	0.01694019	-0.01317446	0.03407202	-0.00560595	0.17891437	0.04793373	-0.09989105	0.10415984	-0.01819763	-0.09672408	0.12774798	-0.03568804	-0.07479349	-0.00874975	0.13705130	0.06906410	0.07785809	0.06533627	0.11284894	0.13819751	-0.08899580	-0.02620758	-0.04329448	-0.05439844	-0.16853031	-0.00149950	-0.03569331	0.03209345	-0.07687503	-0.06764870	-0.01961605	0.07160090	-0.01160371	0.01757569	-0.10833202	-0.02251815	-0.14592240	-0.00801634	-0.00552335	-0.10730802	-0.07890640	0.04390476	0.08259251	-0.12903561	0.15779060	0.03932590	-0.00873860	-0.00476788	0.01184560	0.07077152	-0.03155723	-0.01566865	0.01878330	0.07342193	0.00356737	0.02899516	0.01429489	-0.07075120	-0.03993749	0.05483800	-0.06269754	-0.02174400	0.01742196	-0.07477242	-0.13333691	-0.12474341	0.01640945	0.02174456	0.04989291	-0.01887536	0.06184353	0.00945182	0.06871028	-0.04549126	-0.10182379	-0.14208110	0.00356141	-0.01958176	0.07251091	-0.10309495	0.05842449	-0.09041045	0.00609439	-0.01131722	0.07066881	0.00031554	0.00454734	-0.12147898	-0.04201924	0.01429727	0.13851260	0.03842999	0.05196326	0.07146424	0.10948602	0.04681212	-0.00990458	-0.10914319	-0.03456685	-0.03048033	-0.07369394	-0.03177380	0.10454833	0.04242275	-0.09927093	0.04602870	0.03723769	-0.03950730	0.05633242	0.21374672	0.12109572	0.13775913	0.04946126	0.18461441	0.23824116	0.17156007	0.09049998	0.07923631	-0.12392486	0.10355366	-0.04147669	0.28501341	0.11963194	0.06806666	0.04638897	-0.00200157	0.02413684	-0.01535417	-0.10652502	0.02020074	0.02967485	-0.08144795	0.03640912	-0.01898991	-0.09010817	-0.06101366	0.00782069	-0.08234366	-0.02924881	-0.03267459	-0.02920101	0.03258271	0.05364842	0.03514697	-0.08231764	-0.03340559	0.02665772	0.24518300	0.13628634	0.14391441	-0.06410668	0.01838728	0.02461581	-0.02715674	-0.15933179	0.09420041	-0.01416554	0.09826637	0.00794548	-0.04026870	-0.05953525	-0.06737435	0.04882271	-0.04889703	0.00254493	0.00189626	-0.03172352	-0.04972647	0.02371017	0.06233204	0.13748502	0.03195951	0.07099574	0.24660604	-0.00358740	-0.11573922	0.22365914	-0.02508566	-0.14174346	-0.04496228	0.08343032	-0.02993146	0.30440474	0.10207778	0.06534125	-0.09587748	-0.03816769	0.06984657	0.01128574	-0.06411658	0.00012723	0.27821731	-0.02444205	0.01858915	-0.02805260	-0.08135102	-0.03220863	0.06798135	0.03930573	-0.04857218	0.03479244	0.02531665	-0.00896532	-0.00013979	-0.04786066	0.02297867	0.01612157	-0.06942068	0.09207887	0.37116030	0.25912646	0.05375643	0.05291540	0.08723828	0.04148348	0.10273523	0.06687749	0.09254732	-0.03694228	0.15014553	0.05958893	-0.04572407	-0.06216266	-0.04414252	0.10299458	0.89889127	0.23688140	-0.05921956	0.18824087	0.10436595	-0.03585047	0.14645902	-0.04296259	0.10928026	-0.08799592	-0.04098978	-0.01514245	0.00791884	-0.02771838	-0.04197797	0.07361515	0.07372685	-0.09469587	0.07451563	0.07408076	0.16356709	0.02350902	0.12382756	0.12617375	0.02831642	0.05020298	0.08706457	0.03522348	-0.09792630	0.04287694	-0.08319779	-0.09218712	0.00814065	0.00162567	0.07316692	-0.00723016	0.03828829	0.10141923	0.11858223	0.01190141
NAc-core-rh	-0.13002665	-0.09394827	-0.13741377	-0.10246838	-0.01892250	-0.09183031	-0.13579878	-0.03399203	-0.19093987	0.01838269	-0.01446884	0.07819939	0.04694367	0.11997863	-0.03114503	0.05436483	0.16840884	0.05825650	0.08030827	0.13473433	0.08956060	0.07714402	-0.07144785	0.01588365	-0.04190334	-0.04151334	-0.05754102	-0.00113471	-0.07635438	-0.04946126	-0.14321150	-0.04160839	-0.04875689	-0.09507870	-0.05266538	-0.12125038	-0.01985223	-0.09012824	-0.21647263	-0.13012496	-0.07321768	0.07129028	-0.13056861	0.12821885	-0.07450698	-0.06991037	0.13746527	0.00120627	0.13878978	0.14349835	-0.07245205	-0.09346112	-0.04266684	-0.07501483	-0.08549220	-0.06269184	-0.18369024	0.05059305	-0.11104761	-0.10787489	-0.01932054	-0.10326213	-0.11809763	-0.06269294	-0.04361311	0.03173545	-0.03682989	0.04408647	-0.07572691	-0.13609128	-0.11059039	-0.13862128	-0.08870918	-0.11242529	-0.12086982	-0.10675881	-0.02830320	0.02165132	0.04872796	0.08252754	-0.03869454	-0.00363460	-0.12391976	-0.09676675	-0.12901769	-0.05333026	0.02983999	-0.04472462	0.21931814	0.13665378	0.09043355	0.09226322	0.10802338	0.03470209	-0.03486975	0.00058913	-0.16529589	-0.08938575	-0.08819004	-0.06200193	-0.09884601	-0.00572913	-0.13026553	0.05401026	0.05806085	0.05356750	0.02385891	-0.08249468	-0.03362714	0.02861565	0.02352020	-0.09837814	-0.07359032	0.02710309	-0.01694258	-0.05418394	-0.06481392	0.03795040	0.02219101	0.11414716	0.04924468	0.05953720	-0.21673758	-0.04892061	-0.09504322	-0.01280439	-0.13338945	-0.09667730	0.09005388	-0.12906337	-0.00876997	-0.14602770	-0.05931554	-0.00913508	-0.01394637	-0.13606393	-0.13671416	-0.11978180	0.01122221	-0.08478974	-0.01262358	-0.02857376	-0.21349369	0.20183800	0.17250029	-0.01685363	-0.01849385	0.00020711	-0.07345053	-0.02342946	-0.09024778	-0.11804637	-0.00409316	0.05755432	0.06870665	-0.02039153	-0.08230084	-0.15355118	0.02383303	-0.10643697	-0.01540892	-0.05308336	-0.03526322	0.00343131	-0.12417846	0.01495258	-0.00583625	0.01231959	-0.08654644	0.04316858	-0.02252186	0.03071512	-0.09343905	0.02115916	-0.15765848	-0.08923709	-0.04261145	0.05642205	0.03679445	0.00606829	-0.01789940	-0.14332351	-0.06471585	0.01403248	-0.14647816	-0.03037395	-0.01828382	-0.06780888	0.03605237	0.00697388	0.11699898	0.06801869	-0.00458132	0.11035824	0.03922149	-0.03218333	0.10283009	-0.10395989	0.01168340	-0.10220344	-0.17761542	-0.04059385	-0.09894695	0.01116168	0.08563749	-0.14940003	-0.00498894	-0.10003821	-0.07815131	-0.03088795	0.00431367	0.00193054	-0.04022193	0.10447163	-0.10421201	-0.04588283	0.09401726	0.11007113	0.14497313	0.01848864	0.07853314	0.13637864	0.08707294	-0.14882978	-0.16320726	-0.07222244	-0.03975206	-0.02197238	-0.10001881	0.04595924	-0.03342389	-0.06164877	-0.04231054	-0.13820424	-0.11189319	-0.11430116	0.06037219	-0.14090621	-0.14085474	0.05845192	-0.14390708	-0.14021398	-0.25793195	0.14088560	0.08477834	0.10080799	0.02356618	0.00850391	0.03217132	-0.03020701	-0.03523449	0.00620044	0.05122793	0.06309679	-0.02931288	0.02227899	-0.18281626	-0.06453657	-0.07815250	-0.14425512	-0.16193552	-0.04889479	-0.12704051	-0.13033083	-0.19127115	0.07605499	-0.02937449	-0.05471508	0.00793118	-0.10443789	0.00174612	0.08669167	-0.05583741	-0.04596346	-0.09238323	-0.07144294	-0.01597266	0.03772005	-0.01279651	0.02622312	-0.03444495	-0.20293283	-0.15243357	-0.05646131	0.02775070	0.03337951	-0.07224496	-0.16218117	0.01216027	0.18578147	0.10318668	0.10493990	0.13691061	0.11233169	-0.00474481	-0.08092739	-0.04414245	-0.00588394	-0.10743776	0.02232951	0.03647472	-0.08866203	0.06814317	-0.00329669	-0.09635832	0.04818960	0.02455725	0.05505609	0.17296486	0.11857652	0.09904519	-0.00549891	-0.07937220	0.07408309	-0.02994445	0.04632200	-0.07340913	-0.10052304	0.00074286	-0.03455768	0.02750989	-0.02095087	-0.00803430	-0.00342411	-0.01504474	-0.04389171	-0.08058230	-0.12113477	0.12963319	-0.05401791	-0.13777489	-0.04225424	-0.15358080	-0.19692952	-0.02892275	-0.13346090	-0.08867359	0.03906921	-0.01563344	-0.09275760	-0.01683609	0.04153683	-0.05125868	-0.12809177	-0.00120337	-0.03395117	0.08916278	-0.05025714	0.06620523	-0.12347044	0.14606974	0.11416907	0.07213896	-0.03813235	0.08783752	0.08961143	0.15230220	-0.03926650	0.00269177	-0.01834355	-0.03183498	0.09854302	0.05535439	0.12077287	-0.02317471	-0.11978322	0.04797468	0.07446740	0.04924298	0.16288501	-0.07096171	0.05004711	0.02648523	-0.06877109	0.02803717	0.04914501	-0.18499126	-0.12551116	-0.17539128	0.04945154	-0.13077810	0.18115366	-0.03984995	-0.08593870	-0.08589051	-0.04803768	0.09705500	0.08656372	0.17623828	-0.02490066	0.20501634	-0.01721053	0.19157841	0.01584557	0.05116244	0.04348367	0.04686261	0.00505350	-0.00824536	-0.03389772	0.05032884	0.10185324	-0.07919210	-0.01481113	-0.03913407	0.10232954	0.00230485	0.01188159	0.19425936	0.25912375	0.03453971	0.07851575	0.15751559	0.05425072	0.11450004	-0.06301442	0.03715658	-0.01334659	0.02926058	-0.00886683	-0.03948163	0.05274801	-0.03366927	0.06985950	0.23688140	1.00865869	0.05685526	-0.02454436	0.19879819	0.08726995	0.15327508	-0.05833359	-0.02055754	-0.10842421	-0.08407491	0.01149181	-0.01300248	-0.05005145	-0.09289264	0.02949282	-0.13407225	-0.11065264	0.03194902	-0.07340664	0.01088665	-0.00935989	0.11577237	0.09538210	-0.08476285	-0.08795600	-0.12377710	-0.11683546	-0.05146021	-0.16740838	-0.01899634	-0.14820046	-0.02752118	-0.14142122	-0.08875146	-0.12187985	-0.10731988	-0.17969316	-0.12222084	-0.03953630
pGP-rh	-0.08063943	0.06943290	-0.14714060	-0.14789115	-0.14199505	0.01727035	-0.07071615	0.10532246	0.15207586	0.04731659	0.20526011	0.13048751	0.04502457	0.07430271	0.01753989	0.06015952	0.02248099	0.10788791	0.09802808	0.17099048	0.09262562	0.16763564	0.23365548	-0.01544974	0.17173621	0.14654430	0.10309642	0.13803600	0.14322192	0.06998027	0.18673904	0.19308917	0.12913851	0.14422748	0.13078695	0.12091222	0.26463274	0.08595228	0.13132979	0.08956584	0.26241265	0.04460321	0.16989491	0.12336807	0.24037864	-0.01185095	0.18694489	0.15779512	0.16340615	0.13295705	0.18285145	0.13313607	0.16631725	0.18262309	0.15977755	0.09863111	0.17512691	0.17171030	0.20103213	-0.04271662	-0.03747882	-0.17638257	-0.04659924	-0.03544435	-0.11067171	0.06023342	-0.02220413	-0.03017855	-0.00987504	-0.01382146	-0.00446547	0.18658479	0.10880064	0.10664520	-0.10707112	0.04877105	0.10261630	0.21364576	0.08202629	0.07154676	0.08656036	0.05033627	-0.01609232	-0.00504844	0.04884495	0.08683907	-0.05197126	-0.01390756	0.03791879	0.00875956	0.14736817	0.17699384	0.17839115	0.07227237	-0.00072841	0.12908878	0.03229110	0.05995686	0.05406920	0.00200532	0.00309652	0.04807201	-0.08588216	0.06558995	0.09480437	-0.04786100	-0.09028564	0.03389856	-0.01417264	-0.09380335	-0.08604459	0.01772074	0.11553486	0.19490936	0.05122262	0.09788539	0.08318636	0.01809252	-0.01655276	-0.06166304	-0.03881799	-0.07238487	-0.04679541	0.00754212	0.01423383	-0.11857334	-0.16406310	-0.10109554	0.00040375	0.06102917	-0.06724005	-0.02334567	0.00129759	-0.17141959	0.01627693	0.01247943	-0.04200571	-0.00981969	-0.16921168	-0.06951619	-0.06929769	-0.01881182	0.06998733	0.05082604	-0.01095475	-0.08491958	0.07116344	0.09765784	0.02790686	-0.00746666	-0.12307770	-0.04437752	-0.06663577	-0.06153311	0.02642705	0.01234612	0.11427330	-0.01687602	-0.05967542	-0.04155073	0.00117082	0.04239629	0.03174489	0.09260717	-0.04228957	0.08759309	-0.00998547	0.24884768	0.06257603	0.03680990	-0.00699390	0.05379439	0.03590522	-0.01623654	0.04220031	-0.04973322	0.02913222	0.02057318	-0.03283261	-0.00785736	0.00893709	-0.05862434	0.03956094	-0.13761345	-0.04552334	-0.10117873	-0.00142273	-0.14433830	-0.00935071	-0.04483528	-0.06730630	-0.06599715	-0.01346875	0.05134421	0.09775699	0.06275560	0.18711599	0.04339598	0.00668408	0.07011464	0.01846252	-0.18163679	-0.01372340	-0.15104064	-0.08093152	-0.05636581	-0.03192931	0.16524122	0.09102759	0.10870293	0.17295717	0.15654792	0.18873727	0.11161069	-0.01590383	0.05145801	0.18628684	0.05213216	0.07728870	0.17130515	0.06886907	0.06640215	0.12709760	0.09631416	0.13860460	0.19691221	0.09855126	0.21220618	0.13291128	0.17126770	0.19335777	0.08005638	0.17001580	0.18641316	0.12992179	0.21754109	0.20628913	0.22679020	0.16127092	-0.00758973	0.18466891	0.13757413	0.06709091	0.01145315	0.15671755	0.18293690	0.20521637	0.08124892	0.13685968	0.17145494	0.11980135	0.14898146	0.20976375	0.04293490	0.14127584	0.14032769	0.15314016	0.17452517	0.03289483	-0.12584275	-0.04082294	0.12269613	0.00115432	-0.05333052	0.00268129	0.07321854	0.03412547	0.13735168	-0.00930770	0.01109684	0.19267119	0.08710494	-0.08057742	0.13952643	0.03932552	0.01984212	0.06338708	0.07309489	0.04520453	0.08958043	0.09608601	-0.00884877	-0.01051893	0.12341954	0.12768890	0.21502648	0.05450906	0.10531197	0.00602458	0.00425643	0.11279983	0.16226043	0.17295046	0.15690650	0.02317589	0.11014255	0.13576306	0.03416361	0.06375131	0.07102098	0.08709272	0.02235195	0.01370574	0.06753949	-0.13184040	-0.03723816	0.05628451	-0.00790568	0.00390267	0.19424182	0.16718146	0.16011588	-0.06068209	-0.02459853	-0.08051934	-0.15277835	0.05804180	0.05250533	0.00482085	0.23098899	-0.11490120	0.12174981	0.05629148	0.00470206	-0.04097401	-0.01495971	0.07543529	0.07878261	-0.10476113	-0.02724368	0.07299981	-0.02005533	0.08149981	0.00681990	-0.04444489	0.07589277	-0.05925815	0.10920991	0.02984800	0.00450743	0.05154985	-0.03431199	0.10160102	0.01882445	0.01678720	-0.18833840	-0.17123127	-0.08942831	-0.03073689	0.08259589	0.13351647	0.12497631	-0.11470070	-0.00011411	0.04615677	0.00893553	0.16627317	0.16090272	0.06788111	0.00923713	-0.09702299	0.01306225	0.00154442	-0.02403412	0.15881589	0.05531329	0.02403746	-0.07181119	-0.01761011	0.10202882	0.09729880	0.03261172	0.03522621	0.10367455	0.12796080	0.04717547	0.06226165	-0.00472150	0.02526604	0.10414953	-0.11723936	0.08507844	-0.02317213	0.03220259	-0.07301246	-0.08652980	-0.09328188	-0.05945547	0.02227056	0.06315630	-0.07906495	0.17165580	0.16901139	0.16060195	0.17447037	0.20465643	0.17131875	0.20491802	0.14696956	0.13152656	0.11550460	0.02592052	0.04698807	0.04366205	0.05798269	0.03800663	0.06223909	0.13747170	0.12303196	-0.00519779	0.06826777	0.20219147	0.01635412	0.15550760	-0.02468561	-0.08165911	-0.00430929	0.16926744	-0.03835351	0.03516060	0.04609056	0.07917670	0.14223217	0.16384394	-0.05921956	0.05685526	1.02358155	0.11840915	0.15495113	0.20161357	0.11817173	0.07026140	0.03515222	0.15872605	0.16776870	0.04554555	-0.04279593	0.19171889	0.13315589	-0.10312526	-0.04205021	0.03138807	0.08620767	0.00086904	-0.10188070	0.05048370	-0.07303639	0.16454352	-0.02895316	0.04034258	0.09121855	0.12646183	0.09272523	0.13453427	0.14086667	0.08539174	-0.02005569	-0.07256814	0.04894088	-0.02928584	0.06789381	-0.06219801	-0.01687407	0.05996690
aGP-rh	0.03876625	0.14627432	-0.13992861	0.07597129	0.04902648	0.08064534	0.09824435	0.15321579	0.07823082	-0.13365777	0.03218732	0.06185785	0.10194406	0.23067472	0.04809069	0.15386426	0.11225576	0.05076663	0.08110764	0.12780406	0.03831993	0.03348139	-0.03986720	0.06212373	0.00116414	0.10421493	0.07005312	0.07898753	0.13929986	-0.05785749	-0.03804869	0.10295926	0.08098716	0.14839248	0.10668479	0.15198130	0.18306331	-0.10724936	-0.08369939	0.06597271	0.07326500	-0.00226638	-0.11978121	-0.01290510	0.08223044	0.01428836	0.12813888	0.03267563	0.07369403	0.09851380	0.01454121	0.02158177	0.13136078	0.13377742	-0.06114807	-0.01048919	-0.04650142	0.12931796	0.03967068	-0.01837879	0.09640630	-0.03986779	0.12081960	0.26158921	-0.07157857	0.09029057	0.10861013	-0.13894102	0.05196239	0.07022982	0.01438071	0.05789861	0.08515769	0.13387225	0.04398584	0.11143587	0.04661439	0.02534986	-0.03065182	-0.01001265	0.08462268	0.16907240	0.12589134	0.05245948	0.15616266	0.09415332	0.08080755	0.04746111	0.09411638	-0.06160877	0.10039742	0.03393292	0.02146966	0.06421678	-0.05642506	-0.02478947	-0.10043420	0.02911266	0.09147407	0.04628825	-0.02799603	0.00835038	-0.02634285	0.06436321	0.12302892	0.01163004	0.03475978	0.13712192	0.12686159	0.01872691	0.02684296	0.05434029	0.07872291	-0.05986304	-0.01717891	0.04693111	0.02629068	0.09028379	0.01799385	-0.08172712	0.07371515	0.08919641	-0.07160022	0.15368769	0.01688325	0.03170686	0.03175491	0.04648399	0.01523049	0.09020948	0.11389179	0.09874949	0.01488562	-0.00922198	0.02421760	0.03345804	-0.03074293	0.08234757	0.03361356	0.09375772	0.07037390	-0.00576254	0.00151394	0.03928582	0.03773541	-0.05342420	0.07968097	-0.00858338	0.04880463	0.11571228	-0.09252530	0.02438432	0.04424708	-0.03857861	0.06648523	0.03239195	0.06723000	0.04273342	0.03156955	0.01852918	0.08015054	0.06527230	0.00341934	-0.04338411	0.05867856	-0.01107087	0.06030539	0.02732490	0.10826084	-0.02505381	0.05534898	0.02046046	0.10358607	0.01688741	0.00288097	-0.00994513	0.01118117	0.08908486	0.08309209	0.03764850	0.03771651	0.05147473	0.06209886	0.08328585	0.06724700	-0.05931820	0.12818849	-0.02906666	0.13340270	0.06222375	0.07602166	-0.01081225	-0.01880889	0.08291466	0.05272029	-0.12681333	0.12459636	0.06635063	0.10542584	0.11528972	0.12173226	-0.13966829	0.11969010	0.00450967	0.05590347	-0.14138531	0.06151353	0.16325519	0.09128252	0.08181442	0.16158602	0.07261515	0.15552726	0.14451918	0.14785445	-0.00852396	0.10760564	0.00732667	0.08784141	0.03959733	-0.01078215	-0.06569447	0.01787642	-0.00058330	-0.00156956	0.05191160	-0.13757891	0.00539296	0.00695255	0.06265407	0.03940962	0.04119841	-0.03351946	-0.06660724	0.15639865	0.00241458	-0.01949059	-0.05229171	0.02527054	0.07622534	0.05433212	0.01122974	-0.08410253	0.04559359	0.00675141	0.13359961	-0.00569188	0.08184999	-0.00260248	-0.08556157	0.09933159	0.04356945	0.04688933	-0.05753343	0.02441318	-0.00508138	-0.05058875	0.04204165	0.07597156	0.02189276	0.08989128	0.17409070	0.05969080	-0.03001735	0.01073960	0.03680159	0.04105915	0.05145306	-0.00054355	0.05059666	0.11016378	0.11622760	0.09867193	-0.01385995	-0.04657017	0.05972543	-0.00239375	0.07549973	0.00702933	0.05428213	-0.03454504	0.08269072	0.08489180	0.13378685	0.06147863	0.02582557	0.04093340	-0.01945299	-0.01077385	0.07247624	0.02566119	0.08368805	0.06666888	0.11703387	0.13341862	0.04213958	-0.05475019	-0.07095926	-0.03013036	0.05624536	-0.00041453	0.09716380	0.00781216	-0.07647743	0.00544734	0.08452398	-0.01436974	-0.04019176	0.13428730	0.11480600	0.04950119	0.05090028	0.06924228	0.11343018	0.01885969	0.00735789	0.10292700	0.07821713	-0.00518353	0.10724298	0.05585339	0.12710689	-0.05895469	0.05381138	0.10801859	0.05611824	0.07747050	0.04628827	0.10515655	0.08078434	-0.05331220	0.03608851	0.08801576	-0.02243835	-0.05669908	0.08953443	0.06343844	0.00032006	0.04926426	-0.04724818	0.02232196	0.06549804	0.01379890	-0.03687472	0.03227996	0.01833793	0.10722703	0.01191115	0.05577375	-0.12317484	0.09843814	0.08203938	0.00954562	-0.02810810	0.11423974	-0.08193864	0.03134362	0.04069099	0.05668014	0.02769960	-0.11075412	0.00235891	-0.09914697	0.07833488	-0.00372030	0.02855958	-0.02687078	0.01571943	0.09710642	0.01897652	-0.05726219	0.05493031	0.03249842	0.06343928	-0.02102282	0.01656325	-0.11633130	-0.05108334	0.02539150	0.10599880	-0.06136491	0.21534451	-0.02251028	0.04028453	0.02404290	-0.05519417	-0.00102122	0.02681041	-0.08829733	0.04321380	-0.04653632	0.08298272	0.03565239	0.07340069	0.08815769	-0.00224116	0.09019642	0.10644821	-0.01763077	0.02977543	0.16829152	-0.00281516	0.00775729	0.03496150	0.05591634	0.03508108	0.00154171	0.14624050	0.15875575	0.08654944	0.23023112	0.14538575	0.19356686	0.18394681	-0.00172132	0.13155950	0.06511481	0.07099541	0.08328303	0.09185015	0.02846133	-0.10295115	0.05213712	-0.02074490	0.18824087	-0.02454436	0.11840915	1.02947646	0.21214854	0.11609454	0.12423111	0.02426399	0.20815861	0.10099286	0.21486620	0.00698387	-0.00181249	0.14691513	0.05214607	0.10320676	0.09253686	0.07283881	0.22445523	0.16747874	0.00675420	0.11175318	-0.00282820	0.22559600	0.05239272	0.05502708	0.17282713	0.26781003	0.09713420	0.19417149	0.06961241	0.00573022	0.07514190	0.03705342	0.11703195	0.01533061	0.11443101	0.11649662	-0.02576567	0.01530180
aPUT-rh	-0.01970816	0.01794193	-0.21097590	-0.07828267	0.05308804	0.16814294	0.07038935	0.30846294	0.30258315	0.13556057	0.22626709	0.18672731	0.14537481	0.13053743	0.01136450	0.20603160	0.09652339	0.22122077	0.17769446	0.47183074	0.14033004	0.30449466	0.20050381	0.09649654	0.36243405	0.27975571	0.32640871	0.31859095	0.33103188	0.31081755	0.26071075	0.49923495	0.32845646	0.36693575	0.15386736	0.38354145	0.27669905	-0.03711684	-0.00306238	0.23467000	0.29015677	0.13792598	0.04541481	0.19972507	0.12106770	0.20223926	0.45593434	0.25800191	0.11276379	0.17726101	0.12390213	0.22272871	0.22026686	0.14817867	0.12079726	0.07398491	0.02687918	0.30757289	0.14126631	-0.12158331	0.08881111	-0.13445133	0.02318911	-0.09982762	-0.08889562	0.12531855	0.02595831	-0.00585881	0.24565499	0.06566440	0.07570515	0.17956998	0.07269835	0.11978837	-0.06789084	0.07973924	0.22985052	0.16986356	-0.01106345	0.17142329	0.05935449	0.27335025	0.08464682	0.19747157	0.33661075	0.17450788	0.21241794	0.13401796	0.34335687	0.19091948	0.46537421	0.41584579	0.47090287	0.51052300	0.13730256	0.22802694	-0.06661446	0.29826266	0.35054416	0.18325236	0.15178859	0.08800483	0.02484876	0.37266378	0.48576206	0.30915393	0.04874903	0.21750502	-0.00432064	0.09727077	-0.00164124	-0.06379396	0.05446672	0.07173668	0.05817368	0.04688657	0.07875010	0.09811508	0.05315765	0.11769975	0.18255238	-0.02100704	0.04596430	0.12611168	0.18316388	0.06099320	0.03512835	0.19810273	0.13241622	0.21894085	0.13932793	0.07381020	0.22620520	-0.06814436	0.01070103	-0.02199833	0.14716250	0.04701623	-0.07652026	0.10795146	-0.08316546	-0.08732024	0.02662878	0.05563669	0.11816916	-0.23722918	0.04319781	0.17374323	-0.03816978	-0.08554664	-0.25544308	0.01482777	-0.05467216	-0.10926483	-0.17624871	-0.05579872	-0.00836049	-0.06731901	-0.20924127	-0.16602160	-0.05118477	-0.00933801	-0.02070303	0.01969303	-0.16495305	0.07615988	0.16206627	0.10687159	0.05842325	0.07515070	0.18744790	0.16211148	-0.14539101	-0.01804202	-0.04215726	-0.04029828	0.01238954	-0.00258325	-0.07874348	0.13099739	0.00277264	0.00161051	0.15987187	0.16511376	0.08359525	0.19953885	0.31169177	-0.16676897	0.10134372	-0.04774878	-0.06079430	0.02755085	-0.05852563	0.17626071	0.28598058	0.08029972	0.32076115	0.33117923	0.20022452	0.19762651	0.02227430	-0.04340046	0.11731958	-0.07375933	0.01419976	-0.05429373	0.04589251	0.25401797	0.22708577	0.19669210	0.16099345	0.23275876	0.17770202	0.15852006	0.02244608	0.07765653	0.12985307	0.09904525	0.29141956	0.26418165	0.16109383	0.14486301	0.22895151	0.10531669	0.15426020	0.49840940	0.02024575	0.46271687	0.11991612	0.25343809	0.18701188	0.19897826	0.13073202	0.19339605	0.36862724	0.24645240	0.21136546	0.15216856	0.08596087	0.24693523	0.06733447	-0.02341010	-0.06914870	0.12468223	0.29332835	0.41327137	0.14185263	0.17024156	0.15720590	0.01906085	0.08568748	0.28859916	0.38365753	0.20247642	0.17900043	0.28741075	0.01016650	0.27463430	0.13919022	-0.07588474	-0.11081787	0.16741895	0.00064509	-0.03815670	0.18544214	0.10206670	0.11447920	0.18107716	0.14499743	0.24846451	0.25599102	0.12042785	0.14819353	0.26110309	0.08975903	0.16750906	0.05475984	0.37037891	-0.00795803	0.12581336	0.08184558	0.12704960	0.20435382	0.23611849	0.36102064	0.32791830	0.24897169	0.35641306	0.20531760	0.39089035	0.29790648	0.39433076	0.31383967	0.53621005	0.44692326	0.38263875	0.33928460	0.09585529	0.18588914	0.17736549	0.06931021	0.24147278	0.07766493	0.20086636	0.19425736	0.08728041	0.13600825	0.05921435	0.32834661	0.58771780	0.25527101	0.44828672	-0.10819736	-0.00416292	-0.00627997	-0.01144298	-0.06450744	-0.06646427	-0.00337682	0.11581033	0.08205928	0.08872579	0.13251864	-0.02665705	0.08139586	0.10009869	0.19647312	0.19255832	-0.06909286	0.10595948	0.27984164	0.10384988	0.26297479	0.16206308	0.17216302	0.03000501	-0.03779739	0.12829698	0.09787666	0.10866281	0.17747483	0.05578529	0.02999759	-0.00563425	0.00933790	0.03241628	-0.04242600	0.12383394	0.06728034	0.04995381	0.09593567	0.14210461	-0.30385011	-0.02263955	0.05104570	-0.14324926	0.22529885	-0.07653899	-0.05721145	0.04627146	-0.08910388	-0.16061390	-0.12705221	-0.18813300	0.04196522	0.05241245	-0.14548447	-0.12182581	0.02570564	0.06044978	-0.06724256	0.08058263	0.17515046	0.01600093	0.17181046	0.00591494	0.03551436	0.05076729	-0.05362804	0.01807780	-0.16211910	0.14814366	0.13293121	0.31622370	-0.17110371	-0.17334868	0.02878277	-0.06770843	0.13496920	0.02191072	0.04954233	0.01746804	-0.07319998	0.16283780	0.24492029	0.29686012	0.33086968	0.35059613	-0.02836707	0.17191939	0.12462597	0.13214882	0.16835672	0.12510105	0.10424360	0.25908786	0.25073942	0.25153781	0.27257500	0.19321127	0.28516273	0.13732395	0.70395117	0.58888195	0.09661345	0.22291799	0.09118200	0.21414284	0.10772166	0.04937800	0.06431642	0.23106817	0.28864649	0.19807512	0.10436595	0.19879819	0.15495113	0.21214854	1.10224144	0.57883768	0.25667469	0.30538834	0.15543148	0.13093164	0.14552102	0.09669221	0.07722377	0.17019129	0.10911153	0.13950829	0.08167160	-0.10828565	0.11810718	0.06496895	-0.00333146	0.05511010	0.07703879	0.16382228	0.10082486	0.16473106	0.21429404	0.14850923	0.12205034	0.11213051	0.06070479	0.06975604	0.02531604	-0.07330294	0.07660398	-0.09199657	-0.04648452	-0.09471860	-0.08790840	0.00801011
pPUT-rh	-0.05382668	0.00982206	-0.20385729	-0.18189454	-0.09039553	0.04260192	-0.03049117	0.22712782	0.14816680	0.07003028	0.15990120	0.02743009	0.02965779	0.05319281	-0.03241032	0.19325866	0.04322432	0.21984925	0.13219315	0.31085520	0.14122644	0.19934944	0.21597012	0.07370694	0.40788930	0.38196939	0.30363631	0.18452677	0.33539466	0.27936721	0.19983577	0.41291647	0.15717294	0.14879948	-0.08882027	0.18591565	0.23103347	0.05645115	-0.03304843	0.03852668	0.27946009	0.07939578	-0.00878637	0.33477039	0.12702642	0.18943545	0.33813612	0.26943558	0.15825638	0.04073418	0.25867206	0.29579800	0.14831157	0.07605372	0.40726959	0.25656908	0.36346174	0.40048418	0.37469918	-0.08304342	-0.06197888	-0.15692733	-0.12685685	-0.08830255	-0.17043047	0.02811913	-0.02912151	0.01035466	0.16200601	0.06018543	0.00175193	0.16197511	0.03125718	0.09996813	-0.18985033	0.05558975	0.04468170	0.04282377	-0.16822656	0.04518774	0.11676178	0.31576384	0.07882978	0.10801319	0.18336365	0.05097887	0.10427340	0.00325664	0.09973543	0.10183892	0.33846454	0.35008974	0.38971952	0.49002254	0.14488409	0.11478814	-0.07618863	0.26371315	0.24905443	0.11947688	0.03016616	-0.04422281	0.07925799	0.31550042	0.34339226	0.36517923	0.01728392	0.26273716	0.02888998	0.08552372	0.00238697	-0.02444572	0.15243561	0.26558040	0.17950518	0.22259498	0.18182214	0.08522505	0.03299946	-0.08378537	0.25430858	0.01986883	-0.01574837	0.27536235	0.03942181	0.02418348	-0.17150416	0.18938821	-0.04188273	0.09901737	0.18713346	0.18233716	0.14372729	-0.08366231	0.01404576	0.17020274	0.26662527	0.11026352	-0.06631142	0.21443100	0.12935581	0.02297418	0.26544097	-0.01062168	-0.07595796	-0.25237885	0.00159662	0.07651396	0.15464959	0.05987945	-0.22680991	0.04758060	-0.00829327	-0.13645698	-0.11147629	-0.05313507	0.04775076	-0.03251390	-0.27318725	-0.22609749	-0.03562093	0.02537067	0.08929296	0.08630130	-0.03011973	0.14928080	0.20510001	0.33931491	0.14306777	0.04413848	0.34752593	0.34946804	-0.09887091	0.10096814	0.09282357	0.03734338	0.01696098	0.01708164	-0.03903155	0.07389130	0.02226356	0.16901124	0.05394375	0.10248657	0.16152306	0.15992517	0.37179650	-0.08621844	-0.11664202	-0.09305352	-0.14072968	-0.22070340	-0.14796841	-0.01589149	0.08943716	-0.00696472	0.24051193	0.23207725	0.25012292	0.07433305	-0.11747517	-0.00974340	0.09272686	-0.15519777	-0.04036813	0.03905436	-0.00930444	0.16174018	0.11314932	0.21339514	0.07714828	0.24022194	0.12794804	0.03355365	-0.03518706	0.17535728	0.13774901	0.07790603	0.24216341	0.26738598	0.12283237	0.25129943	0.21221012	0.27382582	0.30771387	0.63187289	0.15550283	0.53082824	0.29133373	0.06877289	0.13037643	0.10965244	0.11579474	0.22868902	0.14981293	0.23128579	0.24208997	0.21784351	0.05866439	0.09610009	-0.00457473	-0.14917298	-0.12353128	-0.10087464	0.27557808	0.48335780	0.42067926	0.22832034	0.08481224	0.18483638	0.12955722	0.38202409	0.52215666	0.07676587	0.14024310	0.47833130	0.37823313	0.52306180	-0.24231469	-0.22290106	-0.13439263	0.16584854	0.04100959	-0.01987868	0.05052925	0.07489372	-0.00855367	0.15199001	0.06065141	0.14166729	0.23747209	-0.01046645	0.13583671	0.31373030	0.03446118	0.05600557	0.09950353	0.21267755	-0.12870472	0.03294306	0.07660902	0.05319416	0.05418425	0.04735656	0.18129855	0.26005122	0.10907506	0.35091589	0.12329917	0.11087667	0.14025856	0.42017445	0.35268953	0.48516137	0.20658820	0.32466382	0.37034782	-0.00097835	0.19378819	0.01269474	-0.05012467	0.05234430	-0.21033942	0.09949050	0.11830078	0.02133066	0.05658219	-0.10574768	0.21373697	0.38243549	0.28291401	0.37717799	-0.02997484	-0.13930291	0.08254063	-0.00594123	0.00943063	-0.06878013	0.09559780	0.34239515	0.06784051	0.28788625	0.14285291	0.01410597	0.03100859	0.02603947	0.14834555	0.15082406	-0.19197450	0.23909510	0.32864491	0.09573856	0.16400121	0.30937582	0.11071425	0.14778905	-0.08404031	0.07864239	0.12478257	-0.04818009	0.16123312	-0.04985136	0.10200987	0.14591323	0.04529650	-0.11658529	-0.07334686	0.05567664	0.06646752	0.12654501	0.06247165	-0.00364725	-0.40095262	-0.13958073	-0.15047615	-0.26212766	0.29576213	0.10313824	-0.02970149	0.13153419	-0.10398654	-0.12425345	-0.17021878	-0.27291209	0.03613355	0.06999155	-0.01088324	-0.05456201	0.08005642	0.04583235	-0.00767537	-0.01106264	0.08878673	-0.00650214	0.27447308	0.05545226	0.04425301	0.12926377	0.01448721	-0.03194929	-0.15254703	-0.10041228	-0.00683942	0.22604414	-0.16174935	-0.16261289	-0.10280551	-0.13674420	0.07113729	-0.07806596	-0.10053944	-0.05738789	-0.13426225	-0.02442056	0.27907237	0.24655410	0.11847057	0.17409232	-0.04898727	0.06736999	0.13883520	0.16475791	0.32058045	0.12947157	0.05016367	0.30833959	0.28063546	0.27301787	0.16949400	0.18102308	0.36244135	0.04782878	0.39405628	0.80245099	0.06786931	0.03903756	0.16454469	0.07521107	0.08275754	-0.13169113	0.12223718	0.37258166	0.38214073	0.25014130	-0.03585047	0.08726995	0.20161357	0.11609454	0.57883768	1.29618238	0.19372056	0.21037889	-0.02902287	0.02621478	0.13088884	0.12658761	0.00797559	0.02462639	0.13706044	-0.01013666	0.06555449	-0.12159039	0.00947627	-0.02408840	-0.09757708	-0.02863073	-0.14785842	0.00651403	0.01422931	0.09061486	0.11076848	0.07974865	0.00600856	-0.02864920	-0.02434496	-0.00918475	0.04161452	-0.01781513	0.11967085	0.04712047	0.00342773	-0.02079829	0.08495461	0.01730087
aCAU-rh	-0.01499258	-0.04178756	-0.13329593	-0.04742933	-0.06194102	0.04882202	-0.00912264	0.16683392	0.06325799	0.04084828	0.09716320	0.01455322	0.06455796	0.10508906	-0.03932900	0.10880660	-0.08833256	0.12009659	0.03247395	0.11970930	0.02089290	0.09697811	0.06398470	0.11469826	0.15639949	0.07542236	0.06024712	0.01102884	0.08786114	0.10849950	0.06875106	0.14968732	-0.03816821	0.06281550	-0.01259247	0.09214696	0.07591634	0.00767760	-0.03610900	0.07304108	0.07801724	0.00763196	0.02844514	0.06366360	0.14336016	-0.00799768	0.15668322	0.22784037	-0.02404309	0.12240028	0.09330779	0.15693837	0.26022801	0.22887512	0.05678055	0.00706976	0.08399926	-0.02805653	0.15411901	-0.05654722	0.03529779	-0.12112111	-0.05989972	-0.01460931	-0.08943270	0.13723579	-0.19777754	-0.08512204	0.02723841	-0.00204455	-0.01944377	-0.00109465	0.05379521	0.09988306	-0.04963786	0.05497331	0.11010923	0.12423120	-0.00260971	0.07862479	0.06218487	0.14533907	-0.02404838	0.05883305	0.16552301	0.17609821	0.22282483	0.16030070	0.13159518	0.16074397	0.26332868	0.21342108	0.18756291	0.26597820	0.08805024	0.14724858	-0.05030643	0.17116913	0.28949676	0.10841845	0.12636855	0.07394046	-0.06849770	0.05361173	0.31817129	0.15790318	-0.05759513	0.16883993	0.01873470	-0.02858486	-0.00592151	-0.00562088	-0.01228985	0.06879067	0.01417764	0.04384296	-0.06529933	0.04609533	0.01765241	0.13929618	-0.04598426	-0.14725069	0.01843032	-0.11818316	-0.04916868	0.07803382	-0.05306422	0.02513011	-0.06627948	0.03503227	0.07810253	-0.01168362	0.09412106	-0.04585116	-0.06184968	-0.06606180	0.02121997	-0.09807829	-0.12309682	0.10104571	0.07898801	0.15615101	0.16829997	-0.06351869	-0.07748322	-0.23282238	-0.06766146	-0.03463113	-0.02069488	-0.11528855	-0.20661191	-0.07921420	-0.17942926	-0.24608929	-0.18311515	-0.16288643	0.11428926	0.06352390	-0.13922725	-0.20444112	-0.13186250	-0.07484216	0.11283268	0.14404562	-0.01962396	0.13596247	0.00460060	0.10093893	0.06796299	-0.11292061	-0.02392117	0.12515195	-0.11780259	0.05413710	0.05239282	-0.17906382	0.03368068	-0.07140965	-0.03131361	0.15068003	-0.08571011	0.00496578	0.09758411	-0.01722454	0.04555252	0.03736449	0.20342143	-0.22968093	-0.10402480	-0.19912644	-0.16214214	0.03572505	-0.13587738	0.08090068	0.10664999	0.09777173	0.09276807	0.15829970	0.02281698	0.08410522	-0.02958049	-0.04151061	0.00008361	0.02568187	-0.00022004	-0.18048638	0.02355355	0.12580099	0.09299475	0.16391905	0.07178917	0.07081204	0.03932080	0.06654616	0.06592271	0.03422577	0.00864598	-0.03922319	0.15558986	0.08315957	-0.03430882	0.03350593	0.06319105	0.04192376	-0.02564323	0.10800278	0.00910086	0.11194404	0.02602507	0.09431166	0.11186830	0.11000547	0.04532664	0.05625264	0.11446180	0.04489670	0.09150189	0.07144342	0.04078237	0.02966290	0.05592521	0.05702243	0.07084880	0.05573021	0.19540274	0.21303602	0.10739258	0.21639046	0.15508685	-0.03104636	0.22385176	0.21835059	0.15011736	0.19250307	0.23102100	0.11102439	0.09198407	0.11038623	0.11095354	-0.09493559	-0.18687547	0.18625554	-0.07347165	-0.06544494	0.00001207	0.00078986	-0.02218228	-0.09805898	-0.00710239	0.20072051	0.04759737	0.04290683	0.03100347	0.13641529	0.06188359	0.07398889	0.00864287	0.17006571	0.00503356	0.11600666	0.08098438	0.05443045	0.14966390	0.14815048	0.20162692	0.20190748	0.12536825	0.23565492	-0.02651465	0.08177738	0.14267752	0.18424511	0.15574015	0.18119392	0.21398780	0.22512444	0.03433428	0.01631549	0.00865999	0.05478127	0.07642177	0.09863073	0.05017908	0.18018182	0.05961670	0.07450296	0.15030909	0.02426066	0.12334295	0.32473051	0.22843260	0.28230561	0.01069838	-0.00781813	-0.01407358	-0.00951992	0.01763076	-0.16200140	-0.04504275	0.11479300	-0.08555004	0.02087437	-0.00231723	-0.12280369	-0.16283641	0.03969482	0.01409786	0.12557300	-0.10186915	0.08052677	0.06314375	0.06641072	0.16103410	0.08519197	0.06280297	-0.00584231	-0.12344291	0.06912017	0.03101073	0.15886256	0.03190316	0.02593358	0.02834116	-0.04365436	-0.09939587	-0.17355542	0.08547871	0.07062782	0.15161595	0.10047021	-0.08742428	-0.00040897	-0.25776393	-0.15179685	-0.05787012	-0.13208949	0.02483862	-0.01063013	-0.02221838	-0.11082926	-0.17724969	-0.18163650	-0.31298122	-0.23846261	-0.13952768	0.07132263	-0.12038393	-0.16099417	0.00870050	0.07980632	0.05529995	0.08578347	0.21880346	0.02372585	0.13418555	0.03279588	0.00825800	-0.11122331	0.05325889	-0.03864329	0.00293895	-0.02276657	0.05425700	0.12835039	-0.27289328	-0.26375158	-0.11851945	-0.26951595	-0.00909499	-0.17997894	0.06432705	-0.14947512	-0.07466613	0.08052770	0.17742101	0.14654544	0.21716153	0.22461716	0.06162813	0.25311216	-0.01936814	-0.09209994	0.01776294	0.04354982	0.10024071	0.07403053	0.20582921	0.16795533	0.11792003	0.21399900	0.07808375	0.18441952	0.22168649	0.21582804	0.37217903	0.34889071	-0.04696731	-0.18588893	0.01843924	0.06203061	0.11220205	0.12024528	0.20874789	0.21466661	0.14645902	0.15327508	0.11817173	0.12423111	0.25667469	0.19372056	0.83708264	0.34892022	0.01608014	-0.02170137	-0.01059975	-0.09409958	0.00838155	0.02917264	-0.00968655	0.02100574	0.03475580	-0.07874084	0.01129918	-0.00726868	-0.03530672	0.00293202	0.00351854	0.01295547	-0.01244048	-0.06747493	-0.03610572	-0.01004755	0.00253024	-0.04123628	0.07225659	-0.07855201	0.04339810	-0.12147202	0.00679814	-0.06113975	-0.04821762	-0.07907480	-0.03672735	-0.06635788
pCAU-rh	0.07088286	0.10416969	-0.06946872	0.03884837	0.03023858	0.04345127	0.14049026	0.07646185	0.23087672	0.07062248	0.18231037	0.09259411	0.08335383	0.01958659	0.12478593	0.13665607	-0.18622205	0.21932639	0.05994939	0.10919165	0.09833390	0.06417114	0.17131178	0.17536367	0.28508199	0.21760674	0.22556171	0.15815609	0.24542922	0.29993547	0.25872603	0.27823763	0.22396559	0.32694259	0.13135065	0.32408694	0.11759867	0.08646038	0.18097171	0.21775534	0.30310813	0.17987429	0.19201211	0.07717614	0.12603306	0.05047795	0.25489671	0.18528178	-0.00244298	0.10384115	0.18031954	0.23893129	0.26418454	0.23554485	0.27026872	0.20732653	0.27656408	0.12245825	0.28032189	0.08828147	0.09166056	0.02096700	-0.02434303	-0.13996702	-0.11162788	-0.01666495	-0.00364298	-0.01853292	0.25693961	0.11786889	0.01137431	0.18633871	0.06968196	0.27807394	0.02720878	0.28280137	0.15986284	0.29129564	0.06116163	0.26434171	-0.06043571	0.27143163	0.23063907	0.27076580	0.28963307	0.14468816	0.18925420	0.17345025	0.09906042	0.03629423	0.22628948	0.17647144	0.17690030	0.26356701	0.14654614	0.21088875	0.06790987	0.24700394	0.36787893	0.29461870	0.24254654	0.17340152	0.11956651	0.18250578	0.29511696	0.09692476	-0.06116464	0.34629092	-0.02014441	-0.01691576	-0.05758580	-0.02347181	0.06403728	0.17684484	0.09958112	0.12306082	0.13142259	-0.04300300	0.00842422	-0.02993596	-0.09302793	0.01059023	0.14216021	0.11713017	0.04315191	0.13802249	0.11362676	0.05789926	0.02889026	0.03724438	0.20475560	0.14952779	0.11792539	-0.02414047	-0.02313338	0.18403298	0.20709041	0.01043874	0.03248770	0.20342892	0.04239571	0.14523366	0.25919807	0.12716489	0.10253310	-0.08516367	0.12553229	0.12438907	0.11083357	0.08030403	-0.01291390	0.05719363	-0.01166373	-0.05379553	0.02104975	-0.01756305	0.17221715	0.10913408	0.09164042	0.08171834	-0.06964949	-0.05133633	0.07640277	0.10516173	0.04451293	0.16380816	-0.08936814	0.13419823	0.15574643	0.08139119	0.15656076	0.18599637	-0.01353591	0.13639466	0.11745972	0.04708713	0.10606285	-0.11617357	0.02142654	0.10919781	0.07038741	0.21666805	0.13319650	-0.00918584	0.13229223	0.11727000	0.31305060	-0.03514336	-0.06486158	-0.03971109	-0.03491152	0.01428968	-0.06195608	0.09812940	0.04878355	0.08492725	0.17368627	0.15415540	-0.00886123	0.12825817	0.15260288	0.07004210	0.13793179	-0.03388014	0.03239273	0.06874088	0.10534399	0.30155306	0.24884601	0.15997862	0.14252910	0.21611235	0.11677361	0.04075560	0.02218039	0.03481340	0.00935602	0.05171969	0.12609404	0.16655584	0.07272030	0.10217243	0.16457371	0.23002727	0.21508998	0.30622450	0.12690357	0.29785221	0.27048640	0.25456801	0.22606177	0.34377718	0.23911257	0.20172009	0.30480128	0.24429742	0.16967317	0.28134330	0.20881772	0.15316644	0.14159517	0.08278965	0.25155772	0.03383356	0.10463237	0.10270078	0.19013661	0.03374028	0.07660154	0.07004923	0.19889338	0.20918453	0.17146719	0.12302875	0.13995108	0.18720528	0.24938977	0.23423907	0.20143162	0.04047098	0.04662747	0.13670119	0.02934196	0.13611060	0.09642705	0.06410710	0.04625525	0.00245963	0.10699596	0.25237135	0.15202787	0.06957444	0.06146313	0.31683115	0.24639561	0.18757870	0.17603383	0.30027307	0.11650417	0.22332362	0.16702606	0.28176501	0.26309847	0.19194970	0.22025879	0.26458976	0.23640382	0.34851453	0.04680296	0.16935503	0.09582283	0.17456723	0.11833503	0.28549559	0.10898322	0.30008033	0.05408538	0.25587427	0.10897245	0.14067601	0.12110672	0.18793884	0.07846053	0.23296529	-0.02901392	0.10931067	0.21816425	0.13788135	0.12123190	0.33347466	0.26996042	0.34379545	-0.08653993	-0.16961449	-0.01159579	-0.16496000	-0.03018336	-0.03382557	0.09293777	0.15351385	-0.03602323	0.08562110	0.09283992	-0.13715876	-0.00767420	0.14681040	0.14798640	0.24044230	0.01930327	0.10226982	0.15092423	0.21735009	0.17891729	0.29292053	0.20929105	0.05338927	0.04852250	0.11028318	0.19348629	0.27249336	0.13861171	0.11945364	0.09563282	0.18987289	0.03099026	-0.16267224	-0.13255718	0.04086967	0.07099734	0.15542488	0.10521633	0.21223561	-0.02560344	0.09942802	0.04488060	0.01985023	0.08414694	0.10753242	0.06604284	0.10700728	0.00598451	-0.03584457	-0.10765241	0.01905027	0.08702982	0.10946648	0.07085516	-0.07477225	-0.01765684	0.02691676	0.07240726	0.05760707	0.13993600	0.11203536	0.21512502	0.07551691	0.19767215	0.14270012	0.07998175	0.01085233	0.02913627	-0.07801058	0.07276520	0.17447564	-0.08095779	-0.00411202	-0.03652125	0.01325898	0.00607878	0.05824719	-0.04511544	0.09673628	-0.00613007	0.16526122	0.18569871	0.17515738	0.22670110	0.18952967	0.10516568	0.22669691	0.03925477	0.06764350	0.09054238	0.07655342	0.11782499	0.11466009	0.32744657	0.29955008	0.03833192	0.03969784	0.14732722	0.08947538	0.19640553	0.18814220	0.17165020	0.46821657	0.04684423	0.01309110	0.07530914	0.11818063	0.10833218	0.12552546	0.31839185	0.29744872	-0.04296259	-0.05833359	0.07026140	0.02426399	0.30538834	0.21037889	0.34892022	1.02822291	0.07393949	0.09656687	0.12902706	-0.06581522	-0.01032282	0.11669357	-0.01059141	-0.11175461	-0.01653289	0.05676295	-0.00501883	0.08770083	-0.10668713	-0.03589735	-0.11112309	-0.10952138	0.13663448	0.06786011	0.10864118	-0.03732443	0.05690315	0.05513865	0.05708507	-0.02022009	0.18945879	0.06820138	0.05738158	-0.00187442	0.01274041	0.01057851	0.02307194	0.08692125
region1	0.25985128	0.38655973	0.11491514	0.40062906	0.31583070	0.30007268	0.48607318	0.17081314	0.33536571	0.10970168	0.22996743	0.18574997	0.32965163	0.10856520	0.27600815	0.10446763	0.09035021	0.20324174	0.13606441	0.18341651	0.10705743	0.04073751	0.14531052	0.05102777	0.18556734	0.24776378	0.14792288	0.10346987	0.25166237	0.10329236	0.13221109	0.26831790	0.30124565	0.31724429	0.29294686	0.31233226	0.25616627	0.15230975	0.20567747	0.34388712	0.32917371	0.12343892	0.14807167	0.07471116	0.19052803	0.31820876	0.16391328	0.10913597	0.16752521	0.20613227	0.12529936	0.21497638	0.17120155	0.11833874	0.05562505	-0.06672822	0.07320014	0.11723366	0.18040964	0.26742476	0.34738781	0.28161370	0.30307865	0.10489667	-0.00596178	0.01611316	0.18780916	0.09364368	0.06243415	0.00841556	0.12400333	0.24358391	0.15525184	0.25913540	0.09791098	0.26339856	0.18886932	0.24477627	0.08947492	0.22423661	0.09650164	0.27109291	0.26153923	0.24964114	0.26511609	0.21801336	0.15689056	0.09455868	0.14897737	0.17562371	0.03657173	0.17960888	0.08849159	0.08866350	0.01251674	0.08103790	0.07092575	0.22049878	0.22345246	0.20704302	0.16273016	0.10363383	-0.00231522	-0.01708824	0.07976122	-0.06485113	0.11033542	0.20808399	0.22535067	0.13618266	0.16054598	0.17364259	0.12247755	0.10802812	0.10854550	0.09185275	0.16313666	0.30262504	0.21228585	0.15230484	0.15678613	0.12792703	-0.09752874	0.20594616	0.09325572	-0.01978523	0.08867111	0.00197407	0.02853769	0.11537444	0.18002185	0.09591124	0.10624797	0.18762817	0.24876129	0.14786126	0.06400200	0.02824684	0.17968945	0.13541034	0.17062612	0.11257605	0.05822791	0.14188798	0.05711895	0.13999369	0.22246914	0.13605835	0.14148400	0.32022889	0.19818775	0.16820746	0.26890940	0.24798143	0.22147499	0.25250067	0.20411971	0.15135557	0.24720276	0.27453459	0.17159408	0.24260808	0.06092193	0.12703854	0.26192220	0.10241491	0.27441900	0.17410735	0.25953127	0.10571849	0.22456196	0.13950946	0.18713060	0.20194878	0.16702965	0.21695993	0.16936541	-0.05082967	0.04937182	0.19302337	0.06198254	0.15981597	0.21065802	0.04341495	0.22229302	0.14862231	0.04548900	0.18922427	0.26198370	0.26200615	0.29541054	0.27498512	0.24195990	0.22629716	0.08081611	0.10940400	0.26728502	0.14376930	0.00140448	0.16424006	0.29253229	0.14809160	0.30614775	0.22645201	0.21909859	0.20281840	0.39958542	0.39864950	0.32400407	0.29164392	0.30656790	0.22374793	0.32684722	0.15720403	0.17939656	0.05385218	0.01358241	0.14823816	0.02490490	0.02849733	0.15866938	-0.02450839	0.21362726	0.15768172	0.14852224	0.21026788	0.08873297	0.15261855	0.23457533	0.17703817	0.29362266	0.23587608	0.25219491	0.10724478	0.33125746	0.20855743	0.14561770	0.23330305	0.26015187	0.05218029	0.26279711	0.22084062	0.10389749	0.26372164	0.21937202	0.10631271	0.07642240	0.11380628	0.25050564	0.00336905	0.13153561	0.06140001	0.21493796	0.10714414	0.23188819	0.14442947	0.10804972	0.18244060	0.42826500	0.24684795	0.25670643	0.19134258	0.08784344	0.08991583	0.14108681	0.05139826	0.21460600	0.15267516	0.18093776	0.06297491	0.28425044	0.29143023	0.19062712	0.17769050	0.12641750	0.25017557	0.18145277	0.20452092	0.11970845	0.26740065	0.21052004	0.27187337	0.14636455	0.11302387	0.13395997	0.21170624	0.13227323	0.16745461	0.24752816	0.08062962	0.19817324	0.15915302	-0.01554798	0.27198390	0.11781748	0.26800575	0.11600075	0.12904667	0.10254177	0.20686299	0.09376789	0.23833665	0.15629751	0.05992982	-0.01268329	0.00947688	0.18554018	0.21861531	0.04340924	0.04319369	0.20463960	0.16057615	0.18586078	0.21456404	0.20525646	0.02322716	0.20647186	0.10168665	0.17917605	0.15820605	0.25189845	0.21507561	0.17168769	0.17066897	0.17857105	0.18081749	0.09711387	0.06238350	0.21499290	0.13353996	0.14027880	0.21545219	0.11741561	0.10145468	0.12057465	0.34248243	0.29200679	0.07310254	0.16518569	0.02616522	0.07009431	0.13244158	0.25147600	0.26352886	0.10462744	0.14426594	0.09959461	0.09605635	0.24543906	-0.00848104	0.10850757	0.09622460	0.27642747	0.15299734	0.13495015	0.16876273	0.19797043	0.32154492	0.22916726	0.23286274	0.22378156	0.27145062	0.20207774	0.27027131	0.25834602	0.20104391	0.22756670	0.24096411	0.15395071	0.17125113	0.11438490	0.22968433	0.10787887	0.27866979	0.06469676	0.21832173	0.22782700	0.22206769	0.12464269	0.18638274	0.15397419	0.26507912	0.14556465	0.06919463	0.24756705	0.22155673	0.27537172	0.29856704	0.15502646	0.43430525	0.22162919	0.40454135	0.16093014	0.27621662	0.14028650	0.05228967	0.12920597	0.18167541	0.16244824	0.06765645	0.21331878	0.22066737	0.14856179	0.02498221	0.29844518	0.18862182	0.15505999	0.25093592	0.03209721	-0.03606131	0.12967734	-0.04040298	0.18519535	0.13071771	-0.03898850	0.13845436	0.24926303	0.27949416	0.15466101	0.08801308	0.16740741	0.09356312	0.15855041	0.10826211	0.10928026	-0.02055754	0.03515222	0.20815861	0.15543148	-0.02902287	0.01608014	0.07393949	0.93694908	0.35229933	0.43661622	0.23877919	0.18196614	0.53105651	0.36136216	0.25205204	0.50084087	0.40221877	0.48653403	0.47067276	0.49384680	0.56416634	0.34605686	0.41473875	0.56639486	0.50035746	0.48217778	0.43640420	0.37273717	0.55475632	0.36151862	0.31108496	0.42872248	0.47217438	0.47560133	0.43116904	0.49483305	0.51476763	0.40482204	0.50051847
region2	0.13383991	0.17674153	0.04533626	0.12087002	0.07561714	0.10814778	0.22338688	0.20185475	0.24060774	0.09978868	0.27317077	0.20424541	0.11529408	0.07221563	0.11760041	0.15030080	0.04312464	0.12293985	0.11132474	0.17925936	0.16919067	0.13271132	0.25581451	0.15961868	0.17688031	0.24672553	0.16609989	0.14467533	0.24286766	0.09142157	0.32977440	0.33658531	0.22040405	0.28868291	0.25779550	0.30631086	0.32949437	0.23557406	0.27950993	0.26397261	0.38806818	0.16757465	0.26625539	0.08754695	0.30681823	0.24445156	0.23668966	0.18810894	0.14275780	0.25130630	0.19316727	0.21484504	0.27317083	0.17894034	0.13553227	0.04275132	0.18842609	0.19249357	0.24005684	0.11748089	0.27640895	0.09874092	0.14349094	0.05545789	0.06517949	0.09224018	0.16182987	0.05301332	0.14827525	0.08180445	0.13757368	0.27311155	0.08968268	0.19382752	0.04274561	0.12685867	0.18336128	0.23309826	0.13582636	0.15194001	0.10642681	0.16935591	0.13720167	0.16529096	0.18822501	0.18723292	0.12451775	0.11969736	0.10523071	0.13027564	0.01222681	0.08007106	0.12615872	0.07529239	0.03323744	0.08547439	0.20083913	0.22423608	0.20784263	0.17207693	0.11331811	0.10611098	0.05754377	0.03719126	0.07792913	-0.07830501	-0.14073250	0.16675130	-0.00135358	-0.11564858	-0.13275421	0.12738170	0.14012569	0.16214124	0.06168415	0.06422117	0.11613207	0.04996298	-0.02974773	-0.07066565	0.21777436	0.04723891	0.04242478	0.13984225	0.11448888	0.07124491	0.06187113	0.02102087	0.11081733	0.19895744	0.14128349	0.13729667	0.07550499	-0.04381867	0.15931642	0.09695518	0.06420516	0.11364521	0.05013757	0.02349567	0.04557808	0.03788621	0.16332828	0.09166249	0.06679531	0.09292895	0.18302173	0.03512398	0.09630635	0.15048599	0.16522807	0.15625989	0.15015290	0.07730778	0.09582387	0.13172667	0.05873745	0.13510605	0.14027170	0.20859414	0.16171236	0.17308905	0.14001027	0.17243487	0.13864786	0.07893890	0.03411289	0.26427945	0.13373510	0.15422036	0.11613871	0.08773295	0.11484449	0.08925445	0.17553717	0.13382670	0.14682808	0.02036665	0.02847904	0.09657354	0.08904439	0.10156613	0.11325612	-0.15662978	0.04297379	0.02799415	0.03923978	0.12018683	0.18542761	0.11089977	0.18791324	0.08693856	0.19864889	0.10472218	0.07713568	0.08414105	0.21397822	0.14622776	0.06892701	0.13085978	0.24783676	-0.02254020	0.16373326	-0.00265323	0.01322784	0.16767505	0.18473607	0.31293714	0.25763349	0.22940052	0.30372381	0.22549445	0.24274765	0.06885707	0.02099831	0.02779103	0.04787644	0.03320589	-0.01653224	0.13796949	0.11300283	-0.03702595	0.16500543	0.25115664	0.22548886	0.21717254	0.14329953	0.27942087	0.29614847	0.18805663	0.32053717	0.27306373	0.32810191	0.28956582	0.31938166	0.38918241	0.20251298	0.33502333	0.34666294	0.04802489	0.25220303	0.16140072	0.19553798	0.16809522	0.25078111	0.23460109	0.08243539	0.05493437	0.23267549	0.07214180	0.15802912	0.13108385	0.21505073	0.13595592	0.18622317	0.08441867	0.16834551	0.15799281	0.26378585	0.10869334	0.22091919	0.18251150	0.09020852	0.14725392	0.15959374	0.06623580	0.15122732	0.18875467	0.14679019	0.10518816	0.26454291	0.19189665	0.13438840	0.20772709	0.17562227	0.22854382	0.16213727	0.18762615	0.18917683	0.18140788	0.25118611	0.17559057	0.18148923	0.11222710	0.15906418	0.23604720	0.15622652	0.14293481	0.07089243	0.09691536	0.18528127	0.14905401	-0.02147313	0.19042883	0.06103508	0.23749919	0.20492878	0.08655181	0.17476946	0.19479773	0.17775878	0.17781602	0.01782884	0.12622921	-0.05761998	0.02368528	0.10105919	0.15468175	-0.02602363	0.04665047	0.09399154	0.17784786	-0.01240485	0.00128841	-0.03838746	-0.24084767	0.12660560	0.03844180	-0.01658602	0.25495768	-0.00202713	0.12172387	0.07601061	0.06884016	0.14900922	0.15037318	0.21844989	0.16600205	0.05832279	0.00322740	0.08617251	0.10726182	0.18118746	0.09407552	0.11082497	0.21879263	0.09350879	0.03965896	0.08711790	0.11262850	0.10104807	0.06824227	0.13206265	0.15713140	0.10751316	-0.15785141	-0.19093287	-0.03584424	0.09111043	0.05644925	0.10793444	0.04177014	0.13749356	0.14540940	0.05200475	0.08273308	0.07835613	0.25469228	0.10464669	0.10516723	0.11702240	0.12935768	0.09048382	0.12626792	0.11639560	0.10959390	0.08949649	0.11000197	0.05253019	0.08537365	0.14071071	0.08440880	0.05855675	0.18553238	0.07377572	-0.01646543	0.19054374	0.18032567	0.13958905	0.11892384	0.00219591	0.05728417	-0.02777700	-0.02218734	0.17850369	0.18954871	0.15295556	0.17181578	0.07707732	0.30513711	-0.09778069	0.27603719	0.13935986	0.22245456	0.12944155	0.10980185	0.09887613	0.14408755	0.11629229	0.04990040	0.15965135	0.15440044	0.06930597	-0.02877607	0.19174230	0.10624898	0.11847141	0.18270568	-0.05333784	-0.17778586	0.10315261	-0.00481843	0.08928122	0.12525383	-0.12663253	0.08044462	0.10541120	0.23308807	0.07352415	-0.00570035	0.08249585	0.04044798	0.11555217	0.09097786	-0.08799592	-0.10842421	0.15872605	0.10099286	0.13093164	0.02621478	-0.02170137	0.09656687	0.35229933	0.77021897	0.42811429	0.21053586	0.10677068	0.48769576	0.34280200	0.08088942	0.27639329	0.32993343	0.33826082	0.30470301	0.18557528	0.28324412	0.06685967	0.14525637	0.30831654	0.41091449	0.38674698	0.28986319	0.25958084	0.42208930	0.14319445	0.22997519	0.36774503	0.29009030	0.38675365	0.26625121	0.40756468	0.23599636	0.18912778	0.26526694
region3	0.15575989	0.33243897	0.03188751	0.22589731	0.12954711	0.14227418	0.30629946	0.16377970	0.28735368	-0.01137636	0.32791552	0.19777864	0.23694988	0.11536554	0.18157309	0.18962687	0.06923926	0.15180734	0.02103548	0.17626581	0.10662170	0.01274278	0.22637354	0.07866492	0.19735758	0.32477476	0.21152801	0.13765427	0.31746110	0.18079376	0.32026511	0.36392558	0.29158476	0.31273248	0.31180539	0.34125916	0.31398581	0.24852744	0.27475801	0.34042831	0.44928151	0.18019198	0.25375077	0.10069720	0.31138984	0.29885840	0.26113235	0.22709023	0.14912936	0.20190042	0.23037278	0.33374212	0.30221755	0.21660580	0.29724719	0.14394822	0.29939374	0.27808682	0.36925716	0.11858116	0.38439317	0.06793358	0.19008922	0.10432577	-0.00515447	0.00733736	0.16418466	-0.04418348	0.09400438	0.01651585	0.13870509	0.28364833	0.12894373	0.35616920	0.03002489	0.23672981	0.13772198	0.29451878	0.14206295	0.19185469	0.19047691	0.26643140	0.22558461	0.29505714	0.26192111	0.26675283	0.12863124	0.05619269	0.17201374	0.14432696	0.05902666	0.15190542	0.20367584	0.14229108	0.13492733	0.08416397	0.11109455	0.27004129	0.26698164	0.25649218	0.12729773	0.10835647	0.03291144	0.14926702	0.16183440	-0.09098912	-0.05591035	0.25909459	0.03949971	0.02142137	0.02719902	0.23833300	0.17145935	0.11808298	0.13685576	0.13712781	0.09930916	0.21193943	0.13458112	-0.08605865	0.11772897	0.10253572	-0.04172288	0.11785269	-0.00644123	-0.01657246	0.05552053	0.03779936	0.04097376	0.09795373	0.19248205	0.17837544	0.12522015	-0.05903112	0.15249899	0.17753825	0.07825885	0.00511940	0.07944480	0.10160718	0.10544784	0.07748798	0.24735765	0.11341362	0.06126778	0.07787242	0.22310704	0.05870619	0.20744095	0.29923865	0.18462636	0.15214285	0.25711233	0.19223898	0.23572723	0.19686259	0.12759952	0.16506147	0.17260335	0.27266169	0.24293631	0.27729346	0.22486205	0.25514682	0.19730769	0.19651728	0.17362132	0.25940256	0.22264889	0.20514671	0.18988377	0.15582030	0.22805660	0.17462715	0.24928087	0.22341676	0.16024517	0.03013893	0.07951978	0.18627892	0.11270332	0.18417303	0.25482033	-0.04591703	0.18781567	0.17335578	0.14020729	0.13776505	0.13479315	0.20238047	0.23483835	0.18762259	0.30326033	0.23851163	0.12337475	0.06997099	0.21758723	0.06648298	-0.00653500	0.19451889	0.23608842	-0.09484862	0.16731851	-0.01944699	0.04025493	0.13827458	0.16565977	0.35121717	0.21556380	0.20267313	0.29464161	0.24151116	0.30011499	0.18809882	0.09273364	-0.04452512	0.06393700	0.03099220	-0.09110287	0.07166851	0.08107633	-0.01153554	0.18036158	0.31133597	0.28812706	0.36329874	0.09716866	0.36081850	0.29581134	0.28164024	0.32886341	0.28631709	0.30540592	0.26409048	0.34492032	0.37777169	0.24928045	0.35549510	0.38047878	0.07311274	0.23842845	0.22515250	0.19669156	0.16137940	0.17455806	0.20010700	0.16858366	0.06870946	0.11715232	0.13903801	0.20402304	0.15395678	0.36178743	0.08278800	0.19651387	0.26613630	0.31144015	0.36152133	0.33756821	0.07133026	0.27572569	0.16480737	-0.01701301	0.06645132	0.10769062	-0.02589190	0.16877113	0.05089133	0.19995069	0.07615990	0.29299238	0.23692904	0.05529200	0.30990250	0.19682966	0.16662994	0.17944430	0.22087724	0.14439194	0.28104074	0.31702356	0.21337972	0.16484099	0.18280295	0.20911989	0.30829974	0.24211709	0.21656754	0.12440078	0.06689647	0.17246328	0.14971401	0.00933679	0.23099032	0.07457647	0.35210195	0.24432680	0.09644871	0.25270029	0.16749643	0.14953828	0.20257718	0.04650772	0.11285649	-0.07622166	0.02155160	0.17618678	0.23454809	-0.00409628	0.08445420	0.22396097	0.18445653	0.10207070	0.14569218	0.12137778	-0.18929318	0.31566256	0.12426310	0.06898625	0.23714685	0.18076182	0.25309784	0.17889265	0.16737432	0.09478798	0.14479951	0.11281867	0.14126113	0.10232236	0.13589904	0.22095188	0.20830805	0.18912266	0.13354592	0.09978340	0.23884795	0.17154301	-0.01198778	0.08083029	0.00802014	0.01469775	0.07712733	0.22318443	0.24278311	0.11773205	0.00180943	-0.08482046	0.03843627	0.18200199	0.11165165	0.18830589	0.10312006	0.20327667	0.16974917	0.05588804	0.11493634	0.15094082	0.31217467	0.17959070	0.17434543	0.16283689	0.26228180	0.16518355	0.26415315	0.19562659	0.13600965	0.26070192	0.24406191	0.14873600	0.24257512	0.24237011	0.17810228	0.12361566	0.23269566	0.09564886	0.16016987	0.24693474	0.28804042	0.18694124	0.15064228	0.06346710	0.18826629	0.12342500	0.07854534	0.23931236	0.19597631	0.10622454	0.28439900	0.04421498	0.40997368	-0.01505898	0.46639223	0.27991854	0.28533356	0.23509816	0.02967271	0.10353264	0.15859118	0.11552004	0.02719452	0.29542009	0.23642953	0.12258971	0.04848942	0.15095924	0.17812001	0.17622852	0.27559929	0.02054395	-0.11280340	0.22625992	0.03088245	0.12752696	0.19713766	-0.13225966	0.12323590	0.27993002	0.33310458	0.11742976	0.04090855	0.07201663	0.07936069	0.24903263	0.15262120	-0.04098978	-0.08407491	0.16776870	0.21486620	0.14552102	0.13088884	-0.01059975	0.12902706	0.43661622	0.42811429	0.94644025	0.25133993	0.04784481	0.53705573	0.41940433	0.09067082	0.32212700	0.31739920	0.38654523	0.33191809	0.20406999	0.31490964	0.04070193	0.18415427	0.36942822	0.51634876	0.48401613	0.36177596	0.30506909	0.55413213	0.26201086	0.34664120	0.31877470	0.32874746	0.41377830	0.28323207	0.45245927	0.31866645	0.23244579	0.30469785
region4	0.10288437	0.17202354	0.07153005	0.17989359	0.11161842	0.15432665	0.21253784	0.03578197	0.21916945	-0.02185425	0.14075812	0.07019748	0.15624861	0.09321600	0.00284349	0.14825651	0.16570052	0.12630132	0.03164910	0.16924524	0.06276240	0.10339081	0.11197105	0.04759000	0.06522361	0.27616191	0.08718488	-0.05484562	0.12817859	0.08657938	0.13823244	0.19805150	0.07539394	0.03735506	0.20294586	0.10600864	0.16930776	0.15405919	0.13500962	0.11972871	0.25877947	0.00357312	0.08232412	0.21672848	0.07843623	0.11906644	0.07085624	0.28745223	0.14738358	0.15619659	0.11741973	0.17992989	0.14559651	0.03433586	0.13658752	-0.09466615	0.04980358	0.13234516	0.12297705	0.06375822	0.22560828	0.01901763	0.07495877	-0.01674798	0.00697163	0.11968755	0.11570414	0.09786928	-0.03441202	0.00582074	0.06340975	0.03519299	-0.01892994	0.02250662	-0.10223492	0.02161610	-0.04743878	0.13320488	0.02348071	0.10133224	0.13770724	0.14168520	0.11069899	0.13211377	-0.01256868	0.08314391	0.04002536	-0.09394445	0.14017198	0.09894233	0.05163167	0.05632728	0.13341512	-0.00589778	0.03354706	0.09180880	0.04019681	0.12825910	0.06850444	0.11201070	-0.01162978	0.03047462	-0.06403009	-0.00143353	0.00387712	0.14668380	0.01548509	0.12614570	0.04610362	0.07966522	-0.01045563	0.20511586	0.10596597	0.04036089	0.01851739	0.02388198	-0.09134515	0.13489972	0.07085722	-0.04572206	0.10166901	0.16845669	-0.15173691	0.14376257	-0.05733710	0.04417101	-0.03633619	-0.06457312	0.01788569	-0.03398068	0.14386685	0.10062558	0.04547800	0.14545466	0.09339557	0.02744522	-0.02025242	-0.04502587	0.06081159	0.01169084	0.00812014	-0.00251478	0.03327344	0.14669938	0.08289876	0.14630515	0.04653804	0.07035538	0.09252077	0.13458191	0.00354021	0.08550230	0.11290527	0.17818117	0.17601498	0.14452330	-0.00427166	0.15786162	0.11940386	0.17514120	0.16367170	0.18879094	0.13468919	0.12698795	0.13977689	0.10980006	0.04887236	0.13003805	0.13042329	0.09980333	0.07039704	0.15933720	-0.00301865	0.10769532	0.12827300	0.18654419	0.09200088	0.07201311	0.05061324	0.00099452	0.12244390	0.06345911	0.12353313	-0.01055811	0.06202863	0.10684536	0.02969199	0.11089725	0.15764653	0.16215561	0.22356029	0.12067990	0.20397068	0.14720864	0.11767672	0.03045333	0.06078468	0.02084579	-0.00095089	0.02933051	0.04779958	0.00164882	0.00333635	0.01875021	0.01092014	0.11308471	0.18558451	0.14267797	0.25747680	-0.01573113	0.11013781	0.10773315	0.12146978	0.21705255	0.11215050	0.10424854	0.18481249	-0.01417593	0.06015688	0.11223587	0.10404325	0.07708045	0.02988106	0.03670425	0.12903249	0.08277577	0.03826896	0.12227776	0.09752229	0.08704628	0.22641925	0.08216954	0.04002823	0.07240782	0.12738030	0.07240217	0.09951445	0.16575977	0.15914168	-0.03207195	0.11515281	0.15906006	-0.03622370	0.13327893	0.19465120	0.20765186	0.14004431	0.17768609	0.15323313	0.15424467	0.11553241	0.17926313	0.23864700	0.12295340	0.09072753	0.05144535	0.06853603	0.11665901	0.12070157	0.05846394	0.18182586	0.03584932	-0.08077313	0.03008141	0.02968275	0.06789220	0.17268745	0.04244799	0.03793337	0.03939777	0.16178601	0.06807278	0.02687263	0.04901567	0.01955413	0.06481927	-0.04259442	0.02330738	-0.01625568	0.06552004	0.04247418	0.04820021	-0.01417190	0.00043192	0.05967176	0.11517551	-0.02471041	0.03959934	0.16596420	0.02505612	0.09445372	0.14729775	0.04750341	0.19680476	-0.00435752	0.13555072	0.14001571	0.11606259	0.13944944	0.04163442	0.02079182	0.08071114	-0.07097966	-0.04952008	-0.07984071	-0.10034055	-0.01122057	0.03367000	0.08260965	-0.00380544	0.08683393	-0.00769979	0.02822547	0.14860067	0.02446706	-0.05786799	0.08164595	0.00195156	0.12447590	0.07325239	0.01071353	0.10653690	0.18244670	0.11663312	0.07907151	-0.03365763	0.03196467	0.06452881	-0.02867362	0.04375584	-0.07317526	0.00091333	-0.07586268	-0.03230495	-0.06190824	0.10562928	0.10340726	-0.11944135	-0.06481789	-0.11853915	0.01390067	-0.04984481	0.01752756	0.05151306	0.09046270	0.01801181	-0.12328334	-0.08661047	0.03661678	-0.00956554	0.14815425	0.02139064	0.16102726	-0.01163906	0.07235746	0.09332795	0.09057355	0.17189688	0.04645351	0.06515424	-0.10908474	0.10567315	0.13957839	0.16017978	0.10363150	0.06351789	0.10065297	0.11856502	-0.02872662	0.12745424	0.16327436	0.00738041	-0.06760327	0.06060953	-0.06203742	0.11020689	0.15288486	0.19685336	0.05216184	0.17468856	-0.06535515	0.28790812	0.07397201	-0.01454272	0.14755813	0.09535482	0.10518826	0.25612844	0.14201659	0.21138371	0.07160829	0.21239233	0.08139950	0.09861897	-0.03811667	-0.09545062	-0.08042109	0.04756549	-0.08507419	-0.18792359	0.27951824	0.20017892	0.12673982	0.07392186	0.18867998	0.13864414	-0.02637677	0.16125155	0.02121093	-0.02809949	0.10468497	-0.17189183	0.09432681	0.12827576	-0.15911363	-0.11307424	0.15828762	0.24883317	0.07614400	-0.00159331	0.09891023	0.08747772	-0.02039135	0.01468009	-0.01514245	0.01149181	0.04554555	0.00698387	0.09669221	0.12658761	-0.09409958	-0.06581522	0.23877919	0.21053586	0.25133993	1.03031068	0.13414839	0.33834755	0.62536616	0.19260565	0.15825213	0.14832228	0.14050132	0.10663446	0.12327895	0.13935557	0.05177294	0.13275476	0.16351940	0.24425869	0.17645471	0.41785291	0.32832993	0.26999461	0.40328215	0.30952748	0.13481521	0.18492005	0.17136383	0.20535783	0.23626604	0.07211139	0.10833473	0.14288686
region5	0.04511502	0.15243698	-0.01637230	0.01956058	0.15146824	0.13737966	0.24242451	0.08881598	0.18612342	0.10930822	0.08431754	0.15754527	0.06812776	0.03212950	0.01189170	-0.04426989	0.05567522	0.05206091	0.03184558	0.08966674	0.03647583	0.09681019	0.05925272	-0.06071102	0.13410929	0.01699060	-0.02714146	-0.05016458	0.05244649	-0.00304093	0.02342562	0.04864538	-0.08042199	0.00168377	0.02632665	-0.02245107	0.09491845	-0.06877215	-0.03515095	0.04411372	0.04468029	0.00696440	0.01324305	0.08971714	0.08267804	0.19024231	0.10808374	0.11937242	0.16039570	0.27623400	0.06231612	0.04957767	0.03845116	0.01634556	-0.04327307	-0.10810614	-0.10961630	-0.02850283	-0.06395100	0.12506788	0.13173806	0.03185574	0.08908456	0.00956638	-0.02371885	0.09923413	0.01744079	0.14934809	0.01056959	-0.01034405	0.02561915	-0.04193227	0.04281515	-0.01346207	-0.07400808	0.07927470	0.06116198	0.04344647	0.07045051	0.17221313	0.00008427	-0.05225836	-0.10104929	-0.03009591	-0.03869403	0.13054195	0.12932241	0.07499148	0.12069933	0.15056827	0.06542587	0.12975422	0.07940150	0.11792958	0.06510065	0.02058364	0.02667432	0.04246038	0.01925423	0.03256734	0.04022968	0.02896708	-0.04742475	-0.05272733	0.06122809	0.01140905	0.05826286	0.01930122	0.01468980	0.11078421	0.02821202	-0.07469142	-0.07302174	0.08267863	0.02578846	-0.00065204	0.07651717	0.15904256	0.01990901	0.12732272	0.11631754	-0.05918240	-0.05461582	0.03051548	0.07346028	0.03904690	-0.06226710	0.13136641	0.11662811	0.11070175	-0.03249794	0.07546890	0.12425056	-0.05023379	0.07677811	-0.07805735	-0.02463970	0.01983761	-0.12383070	-0.00995701	-0.06140809	-0.00609154	-0.05073288	-0.13674492	-0.01328901	-0.02106012	-0.02455701	0.03276216	-0.03545674	-0.01336629	-0.09983663	0.04465746	-0.08827480	-0.02951906	-0.06779970	-0.00884890	-0.04083787	-0.07397495	-0.08622782	-0.05289142	-0.05312158	-0.09386016	0.01811951	0.05267490	-0.06411640	0.03258363	0.07591892	-0.00085134	-0.01333996	-0.00655507	0.00770154	-0.02106568	-0.04279660	-0.01501912	0.01450747	0.06932169	0.05870436	0.04572356	-0.08085702	0.02172340	-0.00069745	-0.12844172	0.11994152	0.09997945	0.03440877	0.08838991	0.05200348	0.01967353	0.04981454	-0.04738167	0.03382509	0.16504926	0.10236363	0.03658398	0.05773153	0.03704084	0.15020058	0.14037611	0.10344393	0.19365598	-0.03637181	-0.04023915	0.04033868	-0.01866909	0.08549496	0.06977164	0.09825339	0.13557997	0.20021184	0.14378907	0.11625445	0.09040386	0.06439543	-0.00756239	0.00327153	0.07293594	-0.00142207	0.05866695	0.02166117	0.10770376	0.08403974	0.06824561	0.10125242	-0.01760920	-0.04437375	0.00198396	-0.08441945	0.06913948	-0.03436960	-0.01046068	0.14591551	-0.04646675	0.03441841	0.09567377	0.02855094	-0.01458195	0.05555473	-0.04026744	0.03757576	-0.01697310	0.09464986	0.07085124	-0.12926115	0.12908038	0.15469490	0.05960516	0.03463861	0.14905286	0.13139980	-0.08662693	0.09365947	0.07018835	0.10049794	0.10167187	0.16224864	0.08204069	-0.07007878	-0.04795653	0.11518694	0.02397214	-0.05826817	-0.00532961	0.00611866	-0.02285610	0.09263851	0.04864741	0.09019860	0.16401369	0.07588015	0.01902544	0.15406158	0.00330963	0.07241705	0.01806229	0.00755795	0.00389888	0.05801057	0.01961978	0.04779899	0.08118345	-0.01642195	-0.04362611	-0.02067164	-0.01358665	0.16951745	0.14122492	0.11141818	0.06656347	0.14204506	0.12609750	0.16554527	0.14951581	0.14438784	0.13628312	0.14635645	0.06614443	0.08241901	0.10033414	0.08947560	0.13302795	0.04912257	0.01254247	-0.03993005	0.11253546	0.10719113	0.04205835	0.08670404	0.08251340	0.05193675	0.16308221	0.07210533	0.10401090	-0.01275917	0.04214389	-0.05308699	0.02646773	-0.06492455	-0.05265354	0.08787697	0.09722682	0.09346574	0.04364680	0.01322462	0.12293500	0.02999941	-0.05087172	0.01915065	-0.04573564	-0.11421004	-0.02413346	0.06272002	0.05882807	0.05249286	0.03854414	0.14638055	0.10344038	0.04526339	0.07378662	0.00444881	0.02242148	0.08982100	0.01649093	0.06183885	-0.04366269	-0.00585667	0.07868483	-0.06291771	0.08347379	0.02247573	0.02218366	-0.11927998	-0.04334169	-0.11049826	-0.02413640	-0.01843540	-0.06519816	-0.00774445	0.03989146	0.00936610	0.00692620	0.01678515	0.01477029	-0.02226457	-0.10380522	0.06741042	0.04291910	-0.05250710	-0.03850984	0.06454069	0.01105782	-0.00435660	0.06540155	0.10396801	-0.02406673	0.11225800	0.05899529	0.12748162	0.08924846	-0.04022590	0.11388930	-0.00862627	0.07782228	0.09701903	0.07806000	-0.03253466	-0.07270896	-0.01836798	-0.04503616	0.13503686	0.11062461	0.10663145	0.00563510	-0.05819131	0.03687292	-0.01135745	0.03265781	0.09743858	0.15453349	-0.02954411	0.11051819	0.02094220	0.09578508	-0.02628280	-0.07104768	0.06983897	0.12061214	0.02293713	0.05642954	-0.09200139	-0.00882463	-0.05077625	-0.08340563	0.12528689	0.03018353	0.01433769	-0.00316528	0.00119917	-0.08309868	0.06735892	-0.02282930	0.01101367	0.09851665	0.05168967	0.05621386	0.00791884	-0.01300248	-0.04279593	-0.00181249	0.07722377	0.00797559	0.00838155	-0.01032282	0.18196614	0.10677068	0.04784481	0.13414839	0.78308446	0.20875183	0.23621433	0.28148049	0.17327374	0.15729239	0.16970761	0.15513423	0.17537069	0.32760056	0.23065873	0.12294692	0.20801564	0.17047122	0.18487185	0.20322365	0.20558092	0.21883873	0.29833027	0.23739315	0.04457153	0.08742860	0.06719386	0.01913540	0.13502828	0.17940486	0.16230874	0.23441316
region6	0.15493826	0.29416350	0.06372867	0.25600666	0.20130352	0.20185608	0.39272642	0.28478010	0.42488365	0.07884617	0.42026360	0.33735246	0.17147353	0.07063458	0.19686444	0.06598562	0.01077905	0.24233776	0.08413616	0.20860510	0.13312574	0.10028321	0.32787257	0.10375030	0.28228016	0.31517391	0.18435623	0.12199151	0.34972562	0.12621933	0.36962890	0.38692901	0.31343613	0.41417304	0.39207642	0.36809396	0.46780215	0.26845600	0.34072732	0.38313444	0.49675080	0.21820508	0.28508131	0.14138377	0.27302428	0.19935344	0.20404505	0.24363556	0.21923297	0.26124726	0.15601335	0.26329492	0.25635555	0.18490030	0.19825369	-0.06877575	0.16876583	0.19741884	0.28764264	0.08395856	0.38242159	0.06788058	0.19293722	0.05259881	0.09515768	0.16901230	0.17071846	0.15973547	0.17374920	0.06632852	0.23603856	0.37944553	0.07506745	0.30447947	0.04838466	0.26792388	0.26815869	0.42975017	0.21029071	0.28857073	0.19556725	0.26216334	0.18468038	0.26625464	0.19790105	0.21951752	0.16296649	0.05014873	0.15779796	0.14695675	0.09754989	0.15583022	0.18600071	0.07911597	0.09750333	0.18275353	0.16603963	0.22562994	0.21498865	0.26538125	0.19444459	0.11321640	-0.05841750	0.01780474	0.08507614	-0.07531375	-0.05306492	0.13640238	0.04584907	-0.03966996	-0.02072569	0.21465612	0.18065651	0.24696144	0.13982169	0.14844512	0.19381527	0.29852476	0.06809409	0.01177926	0.17246782	0.09453134	-0.07003121	0.13533360	0.08627493	0.10871493	0.00279940	-0.08766334	0.06429306	0.12318908	0.10025589	0.08725830	0.11558167	-0.01385492	0.22874988	0.07233350	0.04241812	0.08698690	-0.01916094	0.01793116	0.02006891	0.07971951	0.08636347	0.14508310	0.15505209	0.16255456	0.19014369	0.15532772	0.12440209	0.18743244	0.06541919	0.09058250	0.11885781	0.15305182	0.17207888	0.23075660	0.15366293	0.10820633	0.16943982	0.26009314	0.11943461	0.17843025	0.14048379	0.14880729	0.14559509	0.10765904	0.10214997	0.29781725	0.17634089	0.10461173	0.18122021	0.15864142	0.07566451	0.12844601	0.12568087	0.15002206	0.12152766	-0.08117059	-0.05573181	0.11337194	-0.00468811	0.07215752	0.18504151	-0.13858671	0.13203623	0.07185329	-0.00476439	0.10768341	0.12468781	0.11274431	0.18442279	0.22379674	0.26487791	0.19160299	0.11762810	0.07016106	0.34473709	0.14767209	0.04032201	0.23114030	0.26544642	0.01657929	0.22858325	-0.01224603	0.06872026	0.17944349	0.24980215	0.49808773	0.42996773	0.29548679	0.41310639	0.34728601	0.30374687	0.16722233	0.03768663	-0.00010819	0.02603322	0.11543031	-0.01679185	0.10884806	0.14138162	-0.00703275	0.22012145	0.21889670	0.19193356	0.29519363	0.14562597	0.32287010	0.31862779	0.31663627	0.45621129	0.37997929	0.33787471	0.35353817	0.46316304	0.39426811	0.33063627	0.36781262	0.44167857	0.05101461	0.37244159	0.34157400	0.28608953	0.09948968	0.20148364	0.20449914	0.14861344	0.05516029	0.22889245	0.04623882	0.13741813	0.12686186	0.30462828	0.14532760	0.25527657	0.14616997	0.19136522	0.23535823	0.44163301	0.15165109	0.29780608	0.29311543	0.09996024	0.22678496	0.29263581	0.18165112	0.27408415	0.28887127	0.29221716	0.20432559	0.39422488	0.30895107	0.09730083	0.26987312	0.22234377	0.31366554	0.20651013	0.32720485	0.21961826	0.32991307	0.37411982	0.24121663	0.21101292	0.17287333	0.24223244	0.42892338	0.23885123	0.22785937	0.21476636	-0.00810788	0.20110262	0.18671030	0.07723092	0.26418514	0.02655572	0.32908990	0.22371270	0.25126442	0.21046616	0.27551189	0.20075874	0.25166787	0.08385766	0.19562053	-0.13655325	0.01604691	0.18510610	0.26146344	-0.03201737	0.13814478	0.19720660	0.16808364	0.10013165	0.07419967	0.09718500	-0.12472406	0.23681168	0.04918254	0.10795676	0.31962928	0.08719446	0.25874579	0.19106426	0.08063729	0.20097446	0.20228846	0.18683713	0.22621000	0.04712141	-0.00735585	0.07967739	0.15863184	0.14312744	0.11742157	0.11676335	0.30785059	0.13454142	0.14662182	0.14504264	0.06365686	0.14793848	0.03634313	0.16652743	0.18216743	0.06015784	-0.12618703	-0.15597516	-0.01978695	0.18237776	0.07607136	0.22150100	0.14699569	0.19260897	0.16104156	0.17816784	0.17003503	0.20368403	0.37661426	0.19481628	0.17068081	0.09977146	0.18793184	0.11069508	0.21959202	0.26705608	0.12560607	0.19171592	0.15063884	0.09460628	0.14550641	0.17633058	0.19838736	0.11188271	0.26570935	0.11230550	0.15783567	0.29634640	0.18517285	0.08449116	0.15877734	0.01879070	0.13806136	0.08721300	-0.01916068	0.19884272	0.23001840	0.11123104	0.21632007	0.06886724	0.45936785	0.10133009	0.45960626	0.21374140	0.35067367	0.25299845	0.17065823	0.20285538	0.29754218	0.19906018	0.15710205	0.28692951	0.14603694	0.17337236	-0.00391765	0.22329609	0.12054565	0.19256804	0.32147669	-0.06276089	-0.18588793	0.11004145	-0.01517748	0.16712326	0.12098773	-0.04171828	0.12211613	0.22373358	0.31579935	0.12061752	0.02133353	0.12077746	0.05928692	0.21943512	0.21613387	-0.02771838	-0.05005145	0.19171889	0.14691513	0.17019129	0.02462639	0.02917264	0.11669357	0.53105651	0.48769576	0.53705573	0.33834755	0.20875183	1.00201369	0.53001400	0.19723313	0.37653641	0.43793130	0.47664789	0.40017830	0.31252986	0.42460163	0.07881602	0.14131117	0.42573731	0.55259223	0.52361427	0.38240531	0.39414013	0.61951466	0.44720473	0.40960695	0.36083080	0.40961862	0.46146365	0.31040570	0.49090594	0.30541647	0.24706654	0.40417935
region7	0.18780360	0.38527534	-0.00085559	0.23748916	0.20394892	0.29191867	0.33477532	0.20931216	0.42181206	0.06383142	0.36528356	0.29695538	0.24943132	0.16645646	0.10217068	0.15610171	0.06769345	0.14288186	0.05574233	0.20855965	0.11379859	0.18007407	0.27184526	0.03500889	0.20699357	0.34037705	0.15431192	0.04844881	0.28879011	0.18103380	0.20817088	0.27425687	0.25321109	0.18585012	0.34441557	0.25910468	0.32245589	0.19611599	0.20826883	0.37137696	0.47678270	0.02302321	0.24066764	0.21194588	0.25551727	0.21775031	0.25451176	0.34976246	0.15013770	0.25633622	0.32840365	0.38954969	0.23689414	0.11785004	0.30068893	0.03647531	0.22858798	0.21980466	0.28044942	0.20848569	0.34825741	0.07489383	0.10861936	0.14207386	0.03680766	0.14561736	0.20597664	0.10535609	0.04304998	0.03761700	0.14283101	0.19063352	0.04651378	0.22683174	-0.06286715	0.13215621	0.11865004	0.27145468	0.07731305	0.18055224	0.24253301	0.18488498	0.19213103	0.24120019	0.14490499	0.22039029	0.14014627	-0.02695334	0.17634037	0.13042042	0.11804418	0.12711085	0.23783548	0.14365064	0.10583963	0.21269426	0.09543904	0.27680553	0.22390567	0.16150088	0.10198107	0.16155787	0.08435423	0.10835057	0.13515617	0.15663637	0.02887303	0.22670850	0.16049093	0.06667570	-0.09546636	0.19687386	0.18024682	-0.02848346	0.02628341	0.05492854	0.04220770	0.23614988	0.05752850	-0.14030679	0.18323297	0.07120473	-0.01204271	0.18606144	0.05085353	0.08826747	0.04034590	0.05725174	0.04334060	0.11153433	0.15667542	0.12245175	0.21454138	0.10191912	0.19354320	0.13291985	0.11774525	0.06551023	0.05474672	0.07003296	0.13601006	0.17637450	0.16405143	0.10167482	0.06280174	0.23439223	0.15870791	0.09963410	0.12674852	0.15535979	0.05575938	0.18539875	0.11915002	0.15046966	0.12857767	0.24157607	0.10600335	0.14753805	0.06656796	0.22756629	0.15314473	0.16176555	0.20570705	0.22164574	0.22793334	0.20699324	0.05281175	0.16820128	0.09784530	0.08726755	0.13228614	0.19077444	0.12820005	0.17460117	0.22704618	0.25377216	0.27650526	0.05965340	0.03929727	0.07623693	0.16136155	0.11919066	0.18115503	0.03864203	0.15305663	0.19263221	0.09830265	0.08249989	0.13843885	0.13123545	0.17168188	0.10220390	0.20722034	0.16646392	0.08255995	0.08897652	0.22298861	0.14719897	0.15575167	0.25214553	0.16124709	0.02487561	0.17195922	0.02044168	0.08125626	0.23823890	0.23722422	0.29559481	0.37091987	0.03369898	0.26407611	0.29339418	0.18566399	0.17158310	0.22966905	0.02869697	0.17594344	0.02888819	0.04076176	0.16656417	0.06583208	-0.01409789	0.01614167	0.18128436	0.23870301	0.30235751	0.06216673	0.29216425	0.21015740	0.15232870	0.37944408	0.16562481	0.15851989	0.14988896	0.20627783	0.23997471	0.19822125	0.34035837	0.40683715	-0.12463011	0.27616193	0.29664363	0.15806635	0.14511272	0.24085130	0.22773341	0.23087946	0.17119053	0.16392610	0.21042482	0.20381007	0.24744220	0.38578836	0.09048723	0.19394819	0.21328518	0.25387340	0.25338566	0.22679638	0.08205011	0.17981168	0.12126718	0.02698986	0.08450997	0.11155783	0.04494418	0.21722706	0.19541822	0.13570725	0.08812081	0.30151258	0.16833183	0.04297992	0.16758636	0.02378757	0.06091677	-0.01304879	0.05101516	0.08531916	0.19896312	0.26020661	0.15330512	0.05451694	0.14441112	0.16528798	0.22852486	0.03236981	0.21428045	0.18075303	0.04898592	0.13535787	0.24497932	0.10071058	0.30531545	0.11614168	0.33677785	0.09751319	0.13875501	0.22779106	0.14522335	0.05876622	0.17919878	0.08461692	0.05003274	0.02316222	0.04631412	0.18520334	0.21057186	0.17104825	0.19095597	0.25124739	0.23775020	0.07158268	0.09403679	-0.01247648	-0.12110649	0.14222857	0.05144806	0.04586747	0.05585765	0.07488259	0.06363037	0.14024092	0.22411176	0.09298033	-0.06063295	0.09769427	0.03266953	-0.02901141	0.09093319	0.14513784	0.10816028	0.09336646	0.11128102	0.06715145	0.20201257	0.13718615	-0.00765519	0.05626308	-0.01210839	0.09340128	0.07046676	0.21075409	0.15868870	0.13061672	-0.03253008	-0.13799031	0.09727400	0.13717113	0.15230175	0.10650907	0.03555573	0.05197329	0.06197699	0.08981632	0.15092271	0.13276203	0.18751208	0.12425787	0.11271593	0.05696653	0.09874450	0.10956474	0.07930067	0.17606288	0.11591309	0.08475818	0.05102129	0.07681080	0.16003772	0.23806297	0.18215480	0.11296080	0.10413979	0.03814167	0.09752822	0.28223368	0.28418001	0.16830335	0.22098026	0.05225580	0.22855169	0.21042491	0.16655942	0.14815311	0.02945584	0.07404736	0.16665590	0.08005393	0.24846579	-0.07854587	0.18779862	0.14207722	0.12113724	0.10663161	0.05075916	0.10034537	0.14718153	0.07736877	0.03372462	0.26174139	0.15882503	0.08556754	0.01448930	0.26797853	0.19641462	0.06984418	0.25985622	-0.04651164	-0.07652068	0.13284916	-0.16249565	0.16149614	0.22695710	-0.17892787	-0.04530212	0.05037067	0.17467256	0.07485632	-0.05880768	0.13162145	0.13817066	0.18153277	0.21277889	-0.04197797	-0.09289264	0.13315589	0.05214607	0.10911153	0.13706044	-0.00968655	-0.01059141	0.36136216	0.34280200	0.41940433	0.62536616	0.23621433	0.53001400	1.26034516	0.27068988	0.27576925	0.30952007	0.35511864	0.27727032	0.16353057	0.24048886	0.05247964	0.22559996	0.21517031	0.36392450	0.28770648	0.48117637	0.45798103	0.44778337	0.45008399	0.49932430	0.20816828	0.26876287	0.24489763	0.26666383	0.35820915	0.26717227	0.29205777	0.25191962
region8	-0.08037276	0.05473803	-0.01654571	0.09857749	0.19868503	0.11934473	0.21907875	0.08312000	0.09393982	-0.00791221	-0.03229574	0.01102601	0.10887380	0.02654092	-0.08309416	0.03717911	0.13368906	0.05487487	0.01375156	0.06712973	0.00537253	0.05151490	0.00778784	-0.05328599	0.04935355	0.05621970	0.00570218	-0.06905632	-0.02787288	0.05522935	0.00978077	0.10596726	-0.05356899	-0.01102721	0.00128211	0.13723358	0.08769755	0.04624213	-0.02471717	0.07476527	-0.01699340	0.09738635	-0.05830886	0.04289340	-0.01624031	0.22489023	0.17767213	0.15049629	0.06107082	0.25718798	-0.01332624	0.08754638	0.09506058	0.02006800	-0.13950369	-0.14459647	-0.15168977	0.01658239	-0.10565850	0.16704163	0.09576793	0.07012930	0.04480452	0.06024787	0.03352561	0.03254865	-0.00713621	-0.01725007	-0.00204941	-0.13441774	0.01949066	0.01878348	0.02466438	-0.06210832	-0.03420123	0.01905974	0.03930248	-0.04688003	0.07486458	0.07351782	0.05873194	0.04545738	0.00637346	0.08230853	0.07190794	0.12095079	0.22605244	0.08573087	0.16870306	0.13794383	0.06681261	0.11857134	0.14269180	0.11692820	-0.02574392	0.06451059	0.08235579	0.09971192	0.12398573	0.22110472	0.01803572	0.02846163	0.02072693	0.05948692	0.10880735	0.17194152	0.13683607	0.11393195	-0.05381756	0.15367699	0.03217649	-0.05381717	0.04814349	-0.11801810	-0.06913911	-0.17928088	0.01237683	0.18996202	0.04650481	0.09035229	-0.01766869	0.03400225	-0.01501772	0.01731249	0.00900140	0.01484125	-0.02794326	0.06734006	-0.04698244	0.10091906	0.06323863	0.08346544	0.15814486	0.07957116	0.09098599	-0.06146261	-0.01991070	-0.00655034	0.09605375	0.06021445	0.05650242	0.00641170	-0.01710666	-0.00105108	-0.07189422	0.09546326	-0.00974729	0.07045031	0.01429121	0.02292223	0.08067971	0.06350677	0.01435348	0.05034889	0.05401972	0.11177946	-0.01226180	0.08159086	0.02408757	0.02711483	0.02665553	0.13502039	0.08502105	0.12853245	0.00590636	0.12413655	0.15724190	-0.10069749	-0.01601311	0.01301924	0.10533279	0.07752893	0.01438825	0.12118238	0.07255530	0.06358599	0.04792413	0.04756227	0.01621688	0.04241207	0.09980729	-0.01728279	0.13276098	0.10845966	0.12088444	0.14357473	0.02283399	0.08628849	0.05476762	0.09204070	0.12366301	0.14834575	0.17259768	0.03207900	0.18639868	0.12442320	0.07037273	0.11211628	0.08097414	0.16567850	-0.10586447	0.08428552	0.04615677	0.08173955	0.03394035	0.11351239	0.09503229	0.03881125	0.14525904	0.02224073	0.04552189	-0.00118552	0.03078491	0.09394143	-0.01842767	0.06194473	0.03231958	0.10216800	0.01902700	-0.02605369	0.09657806	-0.09050810	0.05644530	-0.03215221	-0.03332672	-0.01467853	-0.04759237	0.03308646	-0.07640160	-0.01762094	0.00553259	-0.00131599	0.01777226	-0.04820280	0.08318003	0.05086281	0.03115236	-0.07095697	0.00608924	0.18594218	-0.06495916	-0.05921305	-0.11700623	0.06924076	0.09346857	0.10510539	-0.02779673	0.12974100	0.07675396	-0.03059625	0.12903787	0.06892883	0.06997716	0.17064233	0.14669071	0.02823371	-0.14397091	-0.00755000	0.16490204	0.05945516	0.10644167	-0.00886863	-0.12601897	-0.03535831	-0.02585938	-0.10062822	0.11262819	0.04439831	-0.00201045	0.00065971	0.06390606	0.01334115	0.03589505	0.02184994	-0.03087320	-0.04965169	-0.07781347	-0.00866786	-0.00313865	0.03043988	0.02487959	-0.07159512	-0.04464401	-0.09706706	0.23919617	0.12537119	0.12415693	-0.02404189	0.19647418	0.11769997	0.14146380	0.11513820	0.03088984	0.25788708	0.11736672	0.08113946	0.01971850	0.00008138	0.07744461	0.12480246	0.08158513	-0.01318174	0.02351029	0.02411070	0.13452034	-0.10775136	-0.00550613	0.05062387	0.08740524	0.14239385	-0.01555102	0.06620617	0.02040502	0.09305670	-0.03233157	0.10450038	-0.09899553	-0.01497705	0.00700199	-0.08568101	0.13014535	-0.08136740	-0.03090166	0.02308448	-0.07784297	-0.03356176	-0.06827647	-0.08249026	0.00892065	-0.05589702	0.04590978	0.07377388	0.02725602	0.00693857	0.02094240	-0.04539301	0.00610207	-0.06451755	-0.16009168	-0.04245823	-0.02989583	-0.04650665	0.01983612	-0.13042847	-0.06889593	0.20556186	0.04318380	0.03109311	0.02101256	0.01096890	-0.02427676	-0.01343892	0.01798980	-0.10261867	0.06423095	0.06235790	0.03252254	-0.06483579	-0.04009564	-0.09894248	-0.08176355	-0.01521883	0.06275162	0.07785362	0.02030849	0.09045321	-0.01630198	0.06738472	0.01772394	0.04656440	0.03651870	-0.00552053	0.01099488	-0.11309676	-0.10934656	0.05739138	0.11156471	0.03776943	0.00898774	0.01309811	-0.02328539	0.11898453	0.07623317	0.11993818	-0.02733469	-0.03304915	0.06394818	0.08343931	0.10171925	0.06092774	0.13416438	0.08506757	-0.00072074	0.04163039	0.02296363	-0.07661638	0.03824791	0.07990735	-0.10293306	0.01844978	-0.01482504	0.11550601	-0.09035448	-0.04874152	0.17823871	0.08976774	0.13339899	0.09551392	-0.07348116	0.10709749	0.03790580	-0.04347592	0.17567085	0.10400465	0.07317809	-0.10070804	-0.05776027	0.04612481	0.02718127	-0.04912165	0.03174484	0.10636708	0.10256633	-0.00319826	0.07361515	0.02949282	-0.10312526	0.10320676	0.13950829	-0.01013666	0.02100574	-0.11175461	0.25205204	0.08088942	0.09067082	0.19260565	0.28148049	0.19723313	0.27068988	0.93795503	0.16776164	0.13284480	0.12756199	0.10658790	0.18969190	0.29433610	0.19911586	0.16443752	0.27923372	0.17236815	0.22553462	0.14294926	0.20004864	0.29283501	0.31081756	0.30846300	0.10585539	0.11911370	0.10368384	0.09633291	0.18592526	0.16963765	0.05696824	0.19970859
region9	0.35331099	0.28449854	0.22068073	0.35710966	0.25063626	0.27856409	0.40708566	0.16954693	0.31110919	0.22741515	0.20579227	0.07598170	0.16267588	0.16884403	0.28113145	0.09988867	0.09515668	0.24315002	0.16650997	0.16455376	0.17911080	0.08363122	0.13496604	0.18900040	0.15769730	0.23423849	0.08727484	-0.03879070	0.20645346	0.09196922	0.10607836	0.20675956	0.15178005	0.19286074	0.12601610	0.18619381	0.11990331	0.20835754	0.18294332	0.23273286	0.23797854	0.02433614	0.13140211	0.03608872	0.19013323	0.28583170	0.05288776	0.18390818	0.06685762	0.15356151	0.15784952	0.20762626	0.13591017	0.13277313	0.09600992	-0.01306029	0.16080566	0.01963524	0.28945440	0.18413299	0.25444315	0.25666246	0.22332213	0.17664345	0.08452428	-0.00872006	0.09822903	0.06914712	0.00936964	0.06271128	0.12313211	0.20928892	0.12597590	0.19176890	0.13028648	0.20032247	0.10422137	0.09405569	0.05042436	0.10485595	0.20570520	0.27339043	0.28295760	0.20867139	0.25779554	0.20935295	0.21232668	0.12800050	0.07405015	0.16412743	0.00532915	0.11456816	0.09219785	0.10484509	0.17894835	0.12146664	0.13946445	0.23767774	0.28656839	0.15294481	0.16564836	0.04734035	0.02839831	-0.01076083	0.11858693	-0.02819459	0.20843606	0.27168310	0.29056765	0.23340552	0.30190339	0.24841674	0.22966339	0.11386148	0.09696493	0.10869477	0.07758397	0.25876848	0.14137141	0.10346509	0.23285736	0.10281816	0.06130065	0.20984103	0.12865726	0.03996403	0.06152476	0.08736518	-0.04270659	0.09869731	0.23835914	0.19798957	0.08887858	0.23959318	0.22087653	0.26887774	0.19256018	0.09299268	0.18451654	0.26244530	0.34784514	0.22232598	0.24895803	0.02454004	0.03201798	0.13095231	0.14693538	0.01162893	0.25519660	0.35259399	0.28647422	0.21209756	0.30442015	0.17833998	0.17989131	0.22966117	0.24332498	0.24179529	0.23802452	0.30783219	0.21239562	0.31644165	0.15963205	0.17045815	0.43547822	0.17826723	0.32162824	0.27241057	0.31772064	0.01231040	0.28180150	0.21971621	0.20857407	0.25310229	0.26838589	0.23422150	0.20471946	-0.11165706	0.03379029	0.20708687	0.03781816	0.31562565	0.25184854	0.14693245	0.30599294	0.21574103	0.11178422	0.25517992	0.18996132	0.19083262	0.25512718	0.22923829	0.20519702	0.14653189	0.08739621	0.08025710	0.19043828	0.18518449	0.15409617	0.15410944	0.23411272	0.14518368	0.28571917	0.15908683	0.18507126	0.19491933	0.32561702	0.28782597	0.23030165	0.32161738	0.18874168	0.15476036	0.17460637	0.05551219	0.18374847	0.20094651	0.00496431	0.13508671	0.06385031	0.10454208	0.17129090	0.10910221	0.22932376	0.19398238	0.14013508	0.20147785	0.15137649	0.14449879	0.26630497	0.01642698	0.23740339	0.18582121	0.26089135	0.14151905	0.21585942	0.16216515	0.11219273	0.25259521	0.20220685	0.05195196	0.22540279	0.16178892	0.14743698	0.18166453	0.22523689	0.11560614	0.12344954	0.16438055	0.17088185	-0.04851328	0.15268406	0.12306294	0.20417758	0.08269501	0.20445972	0.13097985	0.21997828	0.15757268	0.32769319	0.20160406	0.15170492	0.23513057	0.12775187	0.14781491	0.13381155	-0.00572545	0.22340579	0.06019144	0.16666267	0.06917604	0.21225021	0.19579134	0.24473179	0.13303265	0.08088757	0.21740531	0.17095479	0.14679610	0.08369654	0.16292065	0.16354373	0.24810666	0.19707411	0.00494398	0.07400604	0.10371670	0.06149813	0.23174915	0.10657086	-0.01337258	0.17069727	0.15086008	-0.03227826	0.15381379	0.06074194	0.24641174	0.15916492	0.08353388	0.15218621	0.12916302	0.05030955	0.13495784	0.00877266	0.08314960	0.07848644	-0.01866761	0.13084451	0.14757384	-0.00979751	-0.04331743	0.16205075	0.12414119	0.23438446	0.16734498	0.31479411	0.11828036	0.22721634	0.13950964	0.11520161	0.13583119	0.19591913	0.22254036	0.06809045	0.15013498	0.06321678	0.18441696	0.08094692	0.10724840	0.13439958	0.27494780	0.15393942	0.18017929	0.10412149	0.15758069	0.09366339	0.35986265	0.19611155	-0.01439179	0.17375294	0.01208573	0.06977666	0.05123854	0.20856698	0.35127428	0.02960459	0.13645751	0.15281331	0.14252814	0.33495696	0.09577084	0.00897439	-0.01137017	0.23516888	0.12525008	0.01595901	0.02703805	0.07926932	0.29323688	0.22079174	0.26882675	0.18183022	0.17427972	0.04558441	0.12949517	0.15296001	0.18546520	0.19696004	0.21271443	0.13111810	0.13872108	0.20939971	0.19245619	0.06340608	0.27153770	0.15202047	0.13693826	0.24206177	0.22927146	0.23651373	0.02545041	0.17560379	0.09013900	0.15782059	0.09054075	0.28100510	0.27263203	0.19505874	0.14988588	0.05969520	0.27601163	0.16052910	0.24364455	0.09554213	0.18460421	0.14487987	0.03824346	0.05375638	0.13377685	0.15333155	0.01842448	0.11691021	0.09388952	0.18936016	-0.00618321	0.24284128	0.05491716	0.08437786	0.17585801	0.00297826	0.03411549	0.23515795	-0.02050102	0.11513452	0.16010800	0.00239208	0.18862565	0.19227203	0.09738778	0.11151209	0.00662361	0.19776466	0.07991775	0.07152930	0.04354908	0.07372685	-0.13407225	-0.04205021	0.09253686	0.08167160	0.06555449	0.03475580	-0.01653289	0.50084087	0.27639329	0.32212700	0.15825213	0.17327374	0.37653641	0.27576925	0.16776164	0.90177254	0.29991686	0.42764502	0.45479661	0.57957011	0.52036108	0.42552466	0.21702550	0.50252571	0.37997216	0.35677850	0.35080447	0.27854446	0.38072063	0.23241406	0.30020684	0.38848144	0.43713938	0.49711977	0.46811477	0.53029203	0.49194072	0.48351013	0.47206463
region10	0.15264387	0.28084328	0.07935632	0.16338015	0.20247146	0.10917899	0.27896179	-0.00501039	0.15903001	0.01092985	0.19982196	0.19267470	0.09992601	-0.02468272	0.14182339	0.00325473	-0.05945466	0.07907326	0.05676019	-0.02435501	0.15093796	-0.02274053	0.21356523	0.03213706	0.02873831	0.17156420	-0.05980716	-0.02327592	0.01961973	-0.02540865	0.10836855	0.09111033	0.04191673	0.11793673	0.17826988	0.13568963	0.22368280	0.19902331	0.15717940	0.12446878	0.22583420	0.12544882	0.17280008	0.00385607	0.09625761	0.15166326	-0.05194994	0.00133190	0.12873937	0.15108833	-0.00642960	0.05409534	0.03646623	0.03722701	0.02229602	-0.03999191	0.04002836	0.06487044	0.09941062	0.24282415	0.23725127	0.14673977	0.14807916	0.07523131	0.11649919	0.05842331	0.12947349	0.06618943	-0.05089127	-0.05929116	0.07152641	0.17095591	0.01585447	0.10020873	0.00206742	0.12562227	0.03655197	0.17607664	0.11359716	0.14791202	0.08483542	0.11586510	0.14973706	0.10222716	0.06002068	0.07050442	0.00937592	-0.02528196	-0.09738954	-0.01052492	-0.16979795	-0.08050499	-0.07497264	-0.08855479	-0.04062929	-0.03780462	0.06923502	0.05113731	0.08545168	0.17797995	0.05806367	0.06475964	0.10274271	-0.08905111	-0.12442789	-0.19717333	-0.00512491	0.10958554	0.02139744	-0.01045597	-0.04415319	0.01505403	0.11382370	0.11890215	0.06835101	0.04870282	0.18944086	0.17556986	0.09155660	-0.03093326	0.12182879	0.08975803	-0.10472782	0.09435627	-0.03481432	-0.01851398	0.01581170	-0.10874094	-0.02696377	0.04352657	0.11014107	0.07664235	-0.00618603	0.01798270	0.19645181	0.16947804	0.03602708	0.01507352	0.14788481	0.03195950	0.18225419	0.17091058	0.08582593	0.12017804	-0.02277725	0.20940020	0.18150743	0.07539699	0.18135471	0.30313487	0.30649934	0.12912776	0.24178588	0.26268268	0.31699016	0.28967184	0.16906170	0.13473782	0.29628233	0.34190177	0.13544687	0.16992815	0.10777504	0.13855925	0.30336551	0.09630742	0.07803936	0.21152160	0.15314269	0.05144241	0.10666950	0.04467667	0.21501531	0.20224330	0.18665952	0.24299808	0.17083318	-0.04259359	0.07192841	0.06825976	0.14794239	0.14382354	0.09456145	-0.06111305	0.10537310	0.02038202	-0.07930658	0.29018457	0.07284819	0.23277791	0.23843906	0.16318290	0.20949850	0.06526873	-0.10872914	-0.04550972	0.16169579	-0.00755949	-0.03012134	-0.01246069	0.21477515	0.04815458	0.17281947	0.06617893	0.08013778	0.23679193	0.22755299	0.22454524	0.18092452	0.08330621	0.30906562	0.21483334	0.17647253	0.01108750	0.01653785	-0.05532244	0.01317165	0.10731140	-0.14993697	0.00380962	0.12003271	-0.10404760	0.11691300	0.12113355	0.06622846	0.00944028	0.12176721	0.02709449	0.18913610	0.10277073	0.21499053	0.13193732	0.22020429	0.07539380	0.16242135	0.18214927	0.13216574	0.20926115	0.23322789	0.00719897	0.17039977	0.13229673	0.07529585	0.02859218	0.04180550	-0.03616477	-0.02543228	-0.05891472	0.05828528	-0.03623843	0.04930871	-0.07330388	0.00686779	0.00570028	0.06072745	-0.01909221	0.05106005	0.04491603	0.26268921	0.17844403	0.24431670	0.05449307	0.12741065	0.15227991	0.07269305	0.00905675	0.07349565	0.08714574	0.09922267	-0.10422498	0.16107703	0.13443577	0.06582302	0.10122600	0.04866819	0.10635542	0.14335342	-0.02405876	0.12766412	0.14338232	0.10753155	0.10445842	0.02459550	-0.07019123	-0.02155251	0.10916725	0.00098257	-0.02317323	0.02793394	-0.11912386	-0.00356030	-0.10525211	-0.09687099	-0.02987293	-0.18182741	0.07436958	0.01456432	0.11399044	0.05036859	0.07617281	0.09594285	0.00015896	0.03090315	-0.04922732	-0.19467441	-0.01095567	0.15365849	0.22350325	-0.10518261	-0.14100983	0.10609476	0.02382201	0.00609152	0.00422045	0.02077307	-0.11366913	0.11691762	0.13577790	0.06265704	0.14596706	0.01446727	0.10703091	0.06701059	0.13632739	0.10360829	0.03012545	0.03572926	0.01782389	0.27044713	-0.01192032	0.00563545	0.10613328	-0.08572750	0.09969261	0.03714932	0.22356773	0.12881279	0.02034791	0.08921543	-0.08849554	-0.06180467	0.12451744	0.23884226	0.21445659	0.13618400	-0.07811324	-0.07727854	-0.10016661	0.15413381	0.01452897	0.06889370	-0.01104665	0.38682745	0.15595183	0.03412912	0.22097586	0.10020819	0.31582781	0.29457538	0.19316817	0.24476694	0.34261512	0.30268884	0.33993618	0.23356553	0.10251803	0.28074580	0.19561548	0.12402865	0.12242871	0.21864873	0.17459589	0.03845274	0.17745066	0.04016441	0.12372852	0.23230309	0.26436350	0.13007366	0.17113039	0.08769061	0.02261106	-0.03251856	-0.09914627	0.32888692	0.30590546	0.14796870	0.29593241	0.07134428	0.32537337	-0.01502196	0.34361189	0.19714237	0.14454674	0.13608317	0.00391140	-0.07929216	-0.02874633	0.18884242	0.01169447	0.17545753	0.13677623	0.08959672	-0.04165566	0.21020902	0.07189451	0.05914264	0.11559553	-0.08151344	-0.11639205	0.09307285	-0.01893495	-0.08373836	-0.04790249	-0.04415627	0.03742890	0.13237081	0.18436015	0.06489463	-0.06291063	0.12446487	0.04985477	0.05776332	0.11512046	-0.09469587	-0.11065264	0.03138807	0.07283881	-0.10828565	-0.12159039	-0.07874084	0.05676295	0.40221877	0.32993343	0.31739920	0.14832228	0.15729239	0.43793130	0.30952007	0.13284480	0.29991686	0.81382098	0.33713518	0.37180510	0.32332465	0.41316020	0.21369907	0.21803594	0.34773102	0.37329403	0.30772861	0.26545539	0.31955807	0.37557966	0.33430380	0.30563650	0.28870859	0.44071762	0.34460082	0.36285606	0.45163033	0.33371367	0.26479258	0.37790171
region11	0.34108678	0.35832065	0.10071310	0.31611704	0.27324513	0.26881897	0.39795809	0.19850303	0.27100184	0.19090789	0.26811180	0.21978527	0.23069793	0.23668819	0.31910194	0.12659714	0.08606019	0.17928609	0.19985361	0.22610007	0.18642279	0.13740107	0.16034080	0.11851605	0.17712550	0.21165130	0.03304203	0.04519511	0.19375964	0.01469494	0.11387898	0.20595232	0.16213763	0.21229807	0.24416388	0.16159890	0.25131284	0.17126593	0.13999649	0.27162506	0.25390295	0.07316015	0.15042738	0.07301428	0.25390222	0.30873779	0.13679016	0.14085131	0.17114493	0.17400606	0.10664744	0.13135125	0.16876337	0.12612580	0.00661681	-0.05813506	0.02899330	0.10062909	0.13047911	0.23205464	0.32930223	0.24687701	0.31072674	0.21485794	-0.00708263	0.05285399	0.15889944	0.10000130	0.06241355	0.00943621	0.07065751	0.23761204	0.06535627	0.22382593	0.03264041	0.21363092	0.17495405	0.22694348	0.13516330	0.21520933	0.21327073	0.20584129	0.14206475	0.18592092	0.14926792	0.20633558	0.18531280	0.12742740	0.16319554	0.18893400	0.07988890	0.10519704	0.14502056	0.14431267	0.07669117	0.16338070	0.09449546	0.21780802	0.17576246	0.09009728	0.12341315	0.19802283	0.09425975	0.05576162	0.10334448	-0.08632611	0.03859990	0.13925525	0.22039419	0.10743163	0.04183064	0.13803637	0.16736994	0.08645824	0.07997376	0.12234966	0.15325313	0.19697543	0.07960120	-0.00564350	0.24198208	0.05592534	0.00768823	0.19584919	0.14343187	-0.03429572	0.04850601	-0.00493033	0.06773240	0.06818065	0.10823593	0.06011926	0.09247477	0.13250843	0.28632658	0.14001004	0.11765815	0.07083179	0.03804839	0.05812918	0.17171157	0.15410931	0.07177758	0.06015712	0.04653013	0.11189302	0.19704078	0.05250719	0.16713035	0.27009957	0.17912315	0.16161128	0.19201632	0.21035107	0.18542769	0.18593834	0.25144309	0.15747596	0.15439052	0.27510307	0.19697548	0.19679354	0.10879483	0.12454037	0.27381007	0.13637325	0.19976597	0.23447185	0.21764023	0.15291230	0.23871822	0.18200386	0.24660418	0.20226747	0.20297015	0.25883632	0.25344874	0.00252732	0.04162242	0.15067425	0.07259283	0.10498960	0.24420159	0.08424619	0.18840542	0.18173940	0.06099774	0.12903296	0.22185349	0.19216368	0.20468937	0.17645393	0.15350894	0.14031251	0.07298235	0.14784715	0.37424001	0.18444666	0.12174287	0.26623023	0.26430876	0.01128707	0.29395462	0.13398880	0.20477893	0.09630348	0.28362007	0.34443494	0.24855396	0.32578669	0.32812624	0.23836691	0.27295401	0.05597645	0.19513491	0.08309396	0.03360504	0.11377737	0.14318922	0.07156147	0.14874925	0.07535288	0.22706857	0.07339853	0.04226594	0.16715816	0.02789886	0.14373641	0.20451998	0.06293515	0.26523156	0.16809021	0.21709075	0.12269690	0.19391751	0.19118889	0.16445000	0.23388322	0.23718896	-0.05058635	0.28004926	0.22908972	0.10629663	0.25104445	0.20349002	0.15508163	0.02039867	0.07995655	0.14165450	0.00042530	0.09053673	0.06146635	0.18230176	0.00876740	0.12177714	0.06442863	0.03586442	0.09240085	0.27344573	0.16440836	0.25945277	0.21545602	0.12969729	0.11741106	0.16550139	0.10555511	0.16946543	0.18880734	0.15537963	0.07722997	0.30792000	0.25486107	0.17250310	0.11160462	0.00810123	0.13795346	0.15054100	0.18173656	0.18136068	0.26944475	0.23942996	0.15290484	0.07660383	0.10884290	0.13823958	0.18309071	0.10717779	0.16137271	0.18654447	0.10694577	0.22852808	0.16551148	-0.03432222	0.17011679	0.07643760	0.28215757	0.10699260	0.16345960	0.14861789	0.22992660	0.07876417	0.22263420	0.13392725	0.15555634	-0.02820879	0.05807856	0.22076652	0.24539804	0.04586408	0.05755679	0.19233124	0.13872911	0.06181962	0.16162703	0.09516488	-0.09766349	0.18707143	0.10531989	0.11828122	0.12303093	0.18242771	0.21065699	0.11895602	0.17229201	0.11856799	0.10306552	0.07960336	0.09928345	0.09251912	0.05890149	0.10181107	0.02878438	0.05487243	0.03356680	0.06194890	0.30771878	0.19317994	0.12768165	0.15544521	0.05225387	0.06362688	0.13650664	0.19651025	0.18295137	0.05419500	0.00943161	0.01246084	0.07968447	0.23077112	0.02410273	0.01676686	0.05989142	0.18197707	0.13733226	0.06498211	0.11684837	0.12204947	0.27921500	0.24155872	0.21772054	0.19255530	0.16919542	0.14557552	0.15417059	0.21995405	0.16809090	0.20052171	0.18943020	0.21506504	0.15722695	0.15068967	0.22787694	0.19062262	0.22634767	0.13161768	0.12653078	0.18488841	0.17197270	0.12885241	0.17351102	0.12042256	0.23481916	0.19150953	0.10010122	0.23111718	0.14979698	0.21347951	0.15649501	0.09720277	0.29656555	0.10113681	0.29199702	0.17961036	0.24996294	0.19175852	0.12853875	0.18778213	0.20818363	0.21460199	0.11949903	0.20213414	0.19522446	0.17518819	0.00035848	0.21514816	0.07100865	0.03776375	0.22451362	0.06068697	-0.02743820	0.14932795	0.03627792	0.15368607	0.13908703	-0.09658897	0.12417700	0.18482954	0.22455959	0.12099555	0.03536615	0.17115176	0.01866008	0.07552198	0.07013217	0.07451563	0.03194902	0.08620767	0.22445523	0.11810718	0.00947627	0.01129918	-0.00501883	0.48653403	0.33826082	0.38654523	0.14050132	0.16970761	0.47664789	0.35511864	0.12756199	0.42764502	0.33713518	0.86139226	0.48841712	0.37358072	0.43306584	0.24897527	0.29683347	0.31993741	0.37035584	0.36759620	0.35144127	0.34779462	0.38717062	0.24015529	0.25650186	0.41014838	0.39381364	0.43620866	0.32730778	0.44673475	0.48232032	0.39340155	0.40972464
region12	0.29606554	0.24846305	0.15074907	0.36341863	0.31434319	0.27009242	0.40147013	0.20437005	0.25180188	0.22421878	0.18198531	0.13896998	0.24015263	0.14911512	0.26608796	0.10440728	0.01729327	0.13755161	0.18551774	0.10939392	0.16638882	0.06770473	0.10362691	0.16846644	0.11988580	0.19705866	0.08864579	0.11358113	0.15469922	0.08731303	0.08168858	0.15901053	0.19257067	0.22455668	0.16083762	0.16474346	0.14022204	0.14631194	0.10031905	0.19368758	0.20746638	0.02719038	0.12381174	0.00674425	0.21195041	0.27347085	0.11365178	0.13574462	0.11560719	0.18378715	0.08965192	0.12919259	0.11730141	0.07900089	0.03959456	0.00825204	0.06551692	0.10318538	0.17088302	0.16518874	0.29843253	0.26429448	0.25464677	0.16420286	0.07393981	0.03260508	0.19790397	0.14002913	0.03864338	0.01519811	0.05693882	0.15773438	0.14023091	0.24924343	0.10773568	0.28066227	0.14575574	0.12031030	0.03276840	0.08951233	0.12939589	0.21042525	0.19262310	0.16652433	0.21242384	0.17743748	0.16543134	0.10943099	0.07352389	0.10754571	0.04741246	0.09731483	0.09245260	0.06129165	0.12540145	0.10239967	0.10086512	0.18624311	0.22114049	0.17789650	0.16798778	0.11239297	0.06390921	0.10272757	0.04695807	-0.08105056	0.12292084	0.19396954	0.21992303	0.10354018	0.09035418	0.16777382	0.15864708	0.03696274	0.03237057	0.07540713	0.12558795	0.19291313	0.04994086	0.02182411	0.19461559	0.07638044	0.02005907	0.15183564	0.13037749	-0.00846659	0.09615774	-0.01801756	0.06468570	0.09675383	0.15728087	0.13303379	0.05305335	0.20308684	0.19328090	0.21553794	0.15038094	0.10837282	0.16283900	0.11693288	0.23187451	0.18783905	0.16208755	0.12647372	0.07838995	0.15240003	0.20592134	0.08207896	0.22487677	0.31283858	0.27804562	0.15379983	0.23142410	0.23276677	0.25488542	0.19542083	0.23928232	0.16426614	0.24446195	0.29318635	0.14410254	0.24988266	0.11410101	0.16669235	0.30903038	0.15666439	0.13596469	0.18254277	0.22436026	0.08027407	0.19573165	0.12462771	0.25806559	0.24637019	0.21015555	0.21372737	0.20849553	-0.05764100	0.05817823	0.18680833	0.12383636	0.17278513	0.23514788	0.12302346	0.25723982	0.15343558	0.06107860	0.22268486	0.14031327	0.22166140	0.22878307	0.14992227	0.16121506	0.12938773	0.03480072	0.07752691	0.28579384	0.09021995	0.07968966	0.16658229	0.25095487	0.08442164	0.27218183	0.14436598	0.21237482	0.15370483	0.26730735	0.32541340	0.20619879	0.26948827	0.28160051	0.20436945	0.21180001	0.03871582	0.07146010	0.02823526	-0.02981452	0.13821316	0.07361005	0.05857073	0.12959507	0.04648105	0.20125851	0.11163436	0.09586207	0.13221435	0.08618423	0.13331413	0.25212321	0.08026886	0.19795770	0.13732557	0.22917056	0.06263120	0.17241723	0.12253788	0.05166433	0.22897905	0.18676282	0.03241096	0.20244885	0.16614103	0.08126909	0.14451737	0.10205898	0.03371023	0.04831913	0.05978097	0.12260721	0.01436624	0.11725686	0.01273636	0.12923312	0.04998511	0.08547352	0.05352318	0.09348655	0.07187194	0.28913146	0.15664753	0.20002184	0.12422709	0.16539272	0.15968493	0.13549466	0.06952063	0.15442811	0.16404597	0.13872647	0.03025288	0.19257897	0.14553511	0.14204808	0.09869587	0.06951011	0.15362128	0.16970393	0.06481814	0.15016301	0.18218002	0.12521261	0.19979428	0.09344134	0.01826211	0.06941708	0.12766727	0.06160534	0.13008323	0.09826682	0.00490597	0.08876395	0.04894159	-0.05077322	0.15261501	0.02434464	0.23274060	0.06840496	0.13806349	0.11678783	0.15370659	0.15336888	0.14153268	0.16566440	0.06957056	-0.01312844	0.07340723	0.19933486	0.26001153	0.01520349	0.02553609	0.22375491	0.18742276	0.10614563	0.07860693	0.17205908	0.00921133	0.19582692	0.09558680	0.09509071	0.09264061	0.24591030	0.21554090	0.09082692	0.16962172	0.15570198	0.10398921	0.10581856	0.02478624	0.25252726	0.13774555	0.13076187	0.17348611	0.05988364	0.10078230	0.08682817	0.29659067	0.20294629	0.10387742	0.21907624	0.04929204	0.07616433	0.17831815	0.25335215	0.29335833	0.12812832	0.04333723	0.06185890	0.08322328	0.27226093	0.09109258	0.04794827	0.06883048	0.28667373	0.15022684	0.08730609	0.09520172	0.09860967	0.30963920	0.29133088	0.26793283	0.31151613	0.27791329	0.14892960	0.23067879	0.24501763	0.15935089	0.22002940	0.20594883	0.13194139	0.14753515	0.20583370	0.25570910	0.15876813	0.23231846	0.11647771	0.20647397	0.25487172	0.23076201	0.17753270	0.13609710	0.20702792	0.13441613	0.16129545	0.08772113	0.29157457	0.22227790	0.16768577	0.20483968	-0.02458246	0.32477317	0.11584331	0.28561130	0.18518150	0.21111355	0.15983555	0.10073775	0.12953201	0.10652537	0.22254038	0.09760997	0.15996001	0.13011530	0.15510254	-0.01926056	0.18603800	0.10686214	0.06185474	0.21434560	0.01475012	0.01305931	0.15327084	0.01235047	0.07958467	0.08919882	-0.00850803	0.15535306	0.18836589	0.10039449	0.12497823	0.04354883	0.12543375	0.04068028	0.07533816	0.05730000	0.07408076	-0.07340664	0.00086904	0.16747874	0.06496895	-0.02408840	-0.00726868	0.08770083	0.47067276	0.30470301	0.33191809	0.10663446	0.15513423	0.40017830	0.27727032	0.10658790	0.45479661	0.37180510	0.48841712	0.80300094	0.45919472	0.41979094	0.28145305	0.18614577	0.32197832	0.35200493	0.36452772	0.30136147	0.31338069	0.39746486	0.20836291	0.27037483	0.32664821	0.46231842	0.38431775	0.31869901	0.41517650	0.42702290	0.42810859	0.38695104
region13	0.26289847	0.23448269	0.22236512	0.45109201	0.38947340	0.22873632	0.46769269	0.13372892	0.26092726	0.35796535	0.13996705	0.09142462	0.20247167	0.07481182	0.22724970	0.08723860	0.20927982	0.23995012	0.16326617	0.03566769	0.16687707	0.08080070	0.06529642	0.19076881	0.11303478	0.17987769	0.02236591	-0.01450177	0.14564071	0.06414884	0.04279014	0.10894022	0.17828194	0.19281532	0.06642669	0.09046539	0.03103628	0.10749253	0.05443572	0.09724968	0.12495279	0.11537913	0.08190665	0.01821580	0.06553151	0.24646031	0.02314000	0.13029383	0.03212618	0.05810876	-0.01717113	0.07544891	0.00794317	0.01586521	-0.08037722	-0.05815175	-0.08730255	-0.07047458	0.07173282	0.23789799	0.26242300	0.31517025	0.22755765	0.12267106	0.12214637	0.06374148	-0.00115971	0.10578231	-0.06358953	-0.05375724	0.07290933	0.15437232	0.14549130	0.14212025	0.12967160	0.19288638	0.10752338	0.06782472	0.08394826	0.18812625	0.09008606	0.10101442	0.15987764	0.06809115	0.10780808	0.15768407	0.19073336	0.19536503	0.03500329	0.12616288	-0.00950551	0.12543762	0.09113407	-0.03499611	0.10398111	0.15188372	0.10585831	0.17082647	0.10898636	0.16815998	0.20556986	0.11837131	0.04587147	-0.03433620	-0.07525790	-0.09991234	0.39966529	0.09227982	0.27866728	0.35019568	0.33767644	0.16399481	0.11563575	-0.07784528	-0.00304855	0.03434575	-0.04911647	0.29106562	0.23675392	0.18017750	0.14064082	0.05767142	-0.01311799	0.09198655	0.07525457	0.01663749	0.02950417	0.01102848	0.04795321	0.01412981	0.08812953	0.00705554	0.04047078	0.33778870	0.05183388	0.13241618	0.06771946	-0.02182374	0.21478661	0.12917409	0.26717279	0.21045927	0.04722235	0.09690575	0.02135312	0.17383109	0.16486816	0.04416495	0.17861822	0.28017312	0.30971495	0.13814774	0.29641553	0.30560904	0.22931258	0.24112185	0.15797382	0.20455889	0.31618194	0.30877493	0.14222458	0.25947825	0.03860691	0.10435171	0.35391057	0.10549245	0.33573154	0.06193928	0.23994341	-0.05556202	0.14348211	0.09016287	0.18204368	0.28209250	0.14610007	0.27724662	0.22846844	-0.08821095	0.09265112	0.15644736	0.03237238	0.17820164	0.27526330	0.25642143	0.26342761	0.20771069	-0.08165115	0.29706684	0.14915558	0.23862223	0.25185737	0.25968222	0.11982586	0.04510536	0.03813093	0.08939234	0.11971732	-0.05252702	-0.01336477	0.14641335	0.23067340	0.13480051	0.23355398	0.24347286	0.14056305	0.21513022	0.36553983	0.27478831	0.22348076	0.31220162	0.26537760	0.13633023	0.08190428	0.03203593	0.05519491	0.22437315	-0.00323537	0.23593352	0.05265088	0.04482914	0.25953480	0.09939795	0.24237670	0.00954765	0.02378840	0.02013404	0.16967561	0.02564007	0.18099107	0.00795530	0.23256422	0.10195851	0.24857587	-0.02256086	0.07100174	0.03711978	0.08148889	0.14026704	0.19204876	0.07241361	0.05186232	0.07599206	-0.03308293	0.16931004	0.07378180	-0.04796320	0.00796528	0.03535976	0.16123210	-0.06801557	0.07986420	-0.02810274	0.05667832	0.08193769	0.16049561	-0.03099898	-0.03863524	-0.08354669	0.32883092	0.25316826	0.17651406	0.12356334	0.10628017	0.12814226	0.12442888	0.04180643	0.17679609	0.11652433	0.12916237	-0.03734515	0.16656114	0.18854546	0.12735111	-0.06372135	0.03901068	0.15353794	0.17992399	0.01045321	0.15524282	0.18988485	0.09224791	0.14142754	0.03671133	-0.11635498	0.03802024	0.05829645	-0.01391906	0.04551393	0.13566434	-0.02253574	0.05077136	0.05764589	0.02620012	0.12470565	-0.10747504	0.11273761	0.03017178	0.10965336	0.12453127	0.19172310	0.13467759	0.12867760	0.10810250	0.01742055	0.00606911	-0.06051007	0.20433992	0.26584989	-0.03444338	-0.08835782	0.11852383	-0.00515820	0.31497631	0.25671798	0.37850051	0.26106208	0.13449572	0.06307827	0.10955996	-0.10148833	0.32421333	0.17409273	0.13721951	0.20996243	0.07530342	0.15214783	-0.02403215	-0.08024262	0.26201589	0.14048957	0.05222479	0.10283475	-0.10464144	0.00477071	0.02457935	0.24755557	0.10066853	-0.02025316	0.09231957	-0.03735621	0.00776874	0.06120855	0.18602531	0.25586151	0.04183075	0.23084076	0.25013099	0.13080738	0.30365184	0.06615112	-0.00601465	0.04111904	0.37045446	0.14483246	0.07292690	0.13190251	0.07357129	0.21344478	0.26678389	0.22145295	0.21809754	0.32241573	0.24715120	0.21202382	0.22997221	0.15265935	0.27136128	0.19290332	0.03039848	0.14804655	0.21428424	0.24859587	0.07512162	0.21068636	0.08250852	0.21943762	0.28828571	0.17089353	0.13881941	0.13757286	0.24199923	0.25760292	0.24948231	0.04924209	0.30953989	0.30721128	0.23861131	0.23625913	0.01568392	0.24864940	0.24426632	0.22183940	0.16196017	0.18121149	0.08289929	0.02575873	0.11894418	0.09509698	0.17800556	0.07158053	0.02850557	0.04110454	0.12767398	-0.05450894	0.22851869	0.12798866	-0.02302952	0.13144163	0.03315673	0.07243031	0.05990192	-0.10911119	0.04107037	0.01709933	0.07760235	0.05408540	0.18528989	0.00403857	0.15995153	0.01606153	0.15758069	0.02833437	-0.01242476	0.12051815	0.16356709	0.01088665	-0.10188070	0.00675420	-0.00333146	-0.09757708	-0.03530672	-0.10668713	0.49384680	0.18557528	0.20406999	0.12327895	0.17537069	0.31252986	0.16353057	0.18969190	0.57957011	0.32332465	0.37358072	0.45919472	1.10865189	0.60585915	0.64178105	0.26053066	0.49174697	0.36080326	0.34635174	0.28023425	0.28761227	0.40459694	0.26231169	0.22490426	0.30441630	0.51936607	0.38261798	0.40821437	0.49069690	0.49679532	0.50069028	0.42776243
region14	0.21128142	0.38486035	0.08611588	0.24524329	0.29008493	0.22385567	0.46903043	0.07682038	0.23721176	0.15102279	0.22448786	0.17626659	0.24226569	0.05600403	0.19945391	0.06714914	0.18024398	0.22990163	0.17358610	0.13497803	0.17516866	0.03982566	0.12979894	0.05475102	0.12023893	0.22339475	0.06558408	0.02043646	0.10188453	-0.00815124	0.09569574	0.16941032	0.11838532	0.16146402	0.15110093	0.14999793	0.18817796	0.15517369	0.07776432	0.15088103	0.15515004	0.07965156	0.12928351	0.09529735	0.16084687	0.31660106	0.08640559	0.12990982	0.20170682	0.27632502	0.06181494	0.12412336	0.12070797	0.09916471	-0.00475312	-0.00098350	0.00227328	0.10224381	0.12552857	0.25702156	0.26295633	0.17413987	0.22748354	0.06538008	-0.03763986	0.01002700	0.05471102	0.10574381	-0.10854845	-0.12225390	0.05060890	0.13341653	0.12625062	0.17070424	-0.00922391	0.19317777	0.08828652	0.08040739	0.07802005	0.16700476	0.14275304	0.13707302	0.09411067	0.05536520	0.11190130	0.17080321	0.15729898	0.09591842	0.06068633	0.17137092	-0.01566248	0.10205745	0.07816304	0.01692391	0.04422805	0.00895968	0.07621560	0.13450784	0.15853264	0.18018424	0.08476437	0.06679168	-0.01281603	-0.08899753	-0.00069312	-0.14134703	0.16326921	0.15347556	0.20162014	0.19522323	0.23190371	0.13447813	0.07848685	0.15367869	0.12008309	0.09577947	0.18311639	0.33012818	0.24880631	0.17408113	0.15971705	0.01940948	-0.13582289	0.07993492	0.03357847	-0.04192138	-0.05467244	-0.00251874	0.02818115	0.08867181	0.07165033	0.08311335	0.06672112	0.04658163	0.14065419	0.07959375	-0.01620023	-0.04581588	0.09826918	0.05788671	0.17385558	0.08847391	0.10231002	-0.02878124	-0.07284560	0.06795930	0.14837899	0.05049879	0.17676414	0.31858157	0.23428181	0.14196287	0.25207246	0.27517377	0.24590682	0.19497113	0.11458600	0.14896536	0.19186084	0.23171474	0.22156806	0.24622879	0.13218673	0.21872644	0.24998391	0.13503350	0.39955365	0.19317505	0.23098803	0.02576728	0.09705253	0.06499860	0.16691087	0.19645118	0.24370972	0.30029524	0.20425370	0.04393496	0.05467744	0.18164164	0.09751163	0.10909147	0.28334502	0.09124405	0.22764151	0.18442511	-0.04803443	0.20420928	0.24538146	0.26062021	0.31955110	0.28257741	0.24690985	0.12018476	0.04754848	0.07670772	0.20835320	0.04930513	-0.03582063	0.13932264	0.11833318	-0.00086216	0.23075682	0.16447766	0.16861241	0.18979017	0.32603847	0.30105627	0.22099340	0.31434986	0.30722506	0.19060452	0.24627602	0.06355031	0.08209949	0.18330965	-0.00130117	0.22846657	0.00553709	0.10115153	0.24429392	0.05204596	0.30192820	0.14855077	0.11766144	0.10156477	0.08383216	0.12058392	0.17528733	0.06979285	0.22367956	0.05750407	0.21839338	0.11868668	0.11532591	0.16615486	0.14929646	0.11929039	0.19513260	0.10081199	0.17936833	0.09940709	-0.04575762	0.18545071	0.18473157	0.10458743	0.08125867	0.12502790	0.20979651	-0.01261145	0.13548960	0.05643811	0.11480229	0.11690122	0.26396394	0.14607672	0.06086797	0.09406411	0.29654600	0.21040316	0.17428080	0.07801120	0.01729345	0.03341517	0.08901981	-0.01647993	0.12357981	0.11325215	0.11220620	-0.10691519	0.20558445	0.15896251	0.12561179	0.12579014	0.02547700	0.11425773	0.12371109	0.04920670	0.12410591	0.18057756	0.08758369	0.06430508	-0.00178220	-0.10988056	0.10944536	0.16081898	0.04920504	0.07788621	0.16632635	0.02130362	0.14048192	0.12565162	0.08253605	0.13428703	0.00423927	0.15513033	0.12629372	0.07675793	0.15815025	0.16252223	0.07907082	0.05670307	0.03411790	0.01409718	-0.04300223	-0.05265508	0.16642156	0.20744387	-0.07516421	-0.04870550	0.19170660	0.06061595	0.20796919	0.25755022	0.25193040	0.10463426	0.18034862	0.10968583	0.20148366	0.14190465	0.26724273	0.22407083	0.17125562	0.22809908	0.06367113	0.05460767	-0.01510863	-0.04164398	0.21562083	0.09994275	0.13400634	0.12288322	-0.02087384	0.06891209	0.11448483	0.26741380	0.09975581	-0.03663428	0.02222873	-0.11867008	-0.06334940	0.07818673	0.26276795	0.18867752	0.09485490	0.16157361	0.06895168	0.02085961	0.17628186	0.04369294	-0.04263124	-0.04159612	0.30732893	0.13662384	-0.00535509	0.09145961	0.09091009	0.29525241	0.24344989	0.18316347	0.15738526	0.35836090	0.27101620	0.24601772	0.21628650	0.16815177	0.25783782	0.25622403	0.12384422	0.22305221	0.19915011	0.17058332	0.10535356	0.15715988	0.07435182	0.22998912	0.29187892	0.27715554	0.14870736	0.21744046	0.14398661	0.26240924	0.12293914	0.02157388	0.31758986	0.23410535	0.21297511	0.26866482	0.19071099	0.27860908	0.23781491	0.35135978	0.17906644	0.19918201	0.12162106	-0.03170907	0.10489677	0.13456585	0.13913161	0.01825561	0.17462623	0.15945003	0.10991217	0.00743218	0.22317155	0.12566738	0.05624109	0.14054683	-0.03974780	-0.01351274	0.10351286	-0.01248484	0.11269233	0.06892793	0.02103664	0.04143383	0.21252882	0.12000929	0.13095212	0.01883133	0.20603240	0.12787561	0.08582758	0.10043867	0.02350902	-0.00935989	0.05048370	0.11175318	0.05511010	-0.02863073	0.00293202	-0.03589735	0.56416634	0.28324412	0.31490964	0.13935557	0.32760056	0.42460163	0.24048886	0.29433610	0.52036108	0.41316020	0.43306584	0.41979094	0.60585915	0.98704495	0.50107884	0.46779325	0.52939143	0.43953955	0.42809453	0.40166211	0.35337128	0.48870187	0.40453432	0.24877747	0.29304013	0.43549343	0.38418525	0.39528265	0.54302307	0.49323803	0.40270457	0.55233818
region15	0.22019352	0.10207449	0.08597351	0.13203085	0.30040240	0.11358312	0.25849919	-0.10403197	0.04666436	0.27102601	0.00865243	0.02367942	0.05331800	0.07830705	0.06807206	-0.07785214	0.18623937	0.08151834	0.10387954	0.06402006	0.20659705	0.01213085	-0.02520920	0.15051770	-0.05407407	-0.04317643	-0.12579456	-0.08391712	-0.13075538	0.00317188	-0.15037867	-0.02276750	-0.02758249	0.03486336	-0.01311873	-0.10468834	-0.07977458	0.02213393	-0.05331476	-0.07584960	-0.07293442	0.10341619	-0.05959264	0.00545312	-0.01480070	0.25597662	-0.03802533	0.02777720	0.08389611	0.12972137	-0.18245521	-0.14216516	-0.09089163	-0.04802847	-0.27882770	-0.13065836	-0.29071599	-0.07534248	-0.08980480	0.26635405	0.14612501	0.21741035	0.07981415	0.15306403	0.04899104	-0.04526184	0.05303501	0.01516249	-0.06274477	-0.05817616	-0.00481029	0.03167330	0.04824114	-0.07321212	0.05425243	0.00854989	-0.01102713	-0.00157550	0.15004833	0.21760416	0.05581269	0.05088076	0.09372174	0.00205987	0.05285626	0.11667037	0.16721866	0.19148980	0.08070078	0.12704034	-0.07119619	-0.02164579	0.02011252	0.02718831	-0.02214392	0.05133889	0.10438950	0.03468798	0.01929631	-0.08099567	0.12550664	0.17369114	0.15773888	-0.09740801	-0.00967207	0.01351497	0.37276444	0.12728780	0.16663779	0.31977831	0.26416362	-0.11508003	0.01774403	-0.17002153	-0.20582706	-0.18138038	-0.15420324	0.14319847	0.19898876	0.23673936	0.16345416	0.08790493	0.05037552	0.16869387	0.16931097	-0.01513938	0.10448294	0.16778171	0.16728015	0.08261869	0.13364266	0.02047602	0.04450385	0.22057363	0.07401673	0.11091390	0.09242418	0.07116796	0.21693024	0.21985908	0.20146611	0.23850855	-0.06762957	-0.04268342	-0.01019919	0.13019927	0.05687206	0.04864216	0.11240697	0.19804306	0.22823727	0.28665476	0.34063396	0.21185632	0.07052894	0.13313941	0.10787891	0.01511921	0.25107698	0.23742890	0.06220321	0.06233027	-0.06418748	0.02680981	0.31051505	0.05899763	0.26439484	0.00425785	0.06898838	-0.11392054	0.10953411	-0.02714546	0.15084857	0.17745807	0.06183429	0.28115170	0.30978405	0.04192391	0.13652241	0.17536263	0.19356269	0.14967663	0.18737151	0.26879684	0.10520291	0.19957287	0.03807889	0.22053634	0.11183487	0.10410224	0.09707353	0.26442823	0.04960883	0.02364587	0.06086736	0.05725572	0.04133514	-0.00449319	0.09168130	0.03045717	0.06230355	0.04886443	0.12478867	0.17286456	0.15876216	0.19342906	0.20644287	0.01214696	0.09057685	0.14057290	0.09349754	0.00930098	-0.05693703	-0.06299998	0.01495976	0.13310276	0.00147434	0.16011712	0.04778840	0.01531800	0.21305447	0.11850703	0.22825972	-0.12970723	-0.17895633	-0.24860608	0.01802597	-0.15850557	-0.15172024	-0.13447705	0.10735752	0.06616637	0.08048392	-0.12076728	-0.08362664	-0.05663102	0.08078200	-0.03684922	0.01798256	0.00803710	0.00610191	0.01805894	-0.20882563	0.19867692	0.11343754	-0.10708265	-0.11489226	0.02000700	0.13873677	-0.19448377	0.01332238	-0.11049195	-0.15804276	0.05910974	0.06324598	-0.12806676	-0.28324898	-0.23035236	0.28336776	0.21640491	-0.00659793	0.04195364	0.05139086	0.03496436	0.02524147	0.04662981	0.13390465	-0.06162134	0.02408923	-0.08253561	0.01361053	0.14394998	0.20068004	-0.19899577	-0.08640803	0.06377440	0.01401196	-0.04416455	0.10837156	0.11549414	-0.06178907	-0.00198485	-0.02065761	-0.13814573	0.03131697	-0.06771005	-0.04432121	-0.00398034	0.08859840	0.18651177	0.04793267	0.02376932	-0.07065702	0.05264532	0.02818335	-0.00410974	-0.08832748	0.00507968	-0.01278466	0.15180459	0.06111490	-0.09683481	0.07402903	0.00196811	0.12464148	0.08413937	0.23608330	0.22541384	0.08279673	-0.03642864	0.02955637	0.04049051	0.06900816	0.17865407	0.10722729	0.11523272	-0.10637203	0.13915123	-0.05611704	-0.27085980	0.05199567	-0.15732745	-0.07603368	0.23803103	0.02016122	0.00059989	0.03630268	-0.02556890	0.15172534	0.12052247	-0.00074750	0.07000202	-0.10012571	0.00978257	0.01013501	0.13631401	0.10173102	-0.02696560	0.12328650	-0.03433885	0.05283714	0.14493685	0.13110076	0.11174038	0.15882737	0.24425926	0.19945353	0.13644120	0.18752506	-0.03917385	-0.13975124	-0.01917038	0.28056300	0.04927539	0.09188400	-0.04214216	0.01153470	-0.07027530	0.12652712	0.22364509	0.14449394	0.22722315	0.13898206	0.08355902	0.08063387	0.05706655	0.09187128	0.07622548	-0.00580233	0.05735744	0.01557944	0.24312645	0.01964931	0.07307375	0.07151565	-0.09024105	0.14436854	0.15681395	0.02585672	0.23743467	0.04459044	0.20326734	0.16051042	0.09054620	0.15981840	0.18872992	0.15079761	0.03528243	0.17636172	0.07366480	0.25922587	-0.02825588	0.04332667	0.06439155	-0.07375365	-0.01523050	0.03202503	0.03586114	0.03032600	-0.03732103	-0.15188138	-0.02801156	-0.03298487	-0.12189051	0.14430369	0.15816274	-0.09256728	-0.11198894	0.03026389	0.12903766	0.12415289	-0.10270067	0.11511197	-0.01009801	-0.00932084	0.02046990	-0.07644248	-0.03641663	0.00484452	-0.09282233	0.06048452	0.02094300	-0.10271340	-0.01359453	0.12382756	0.11577237	-0.07303639	-0.00282820	0.07703879	-0.14785842	0.00351854	-0.11112309	0.34605686	0.06685967	0.04070193	0.05177294	0.23065873	0.07881602	0.05247964	0.19911586	0.42552466	0.21369907	0.24897527	0.28145305	0.64178105	0.50107884	1.16375644	0.44103843	0.39937563	0.17339311	0.09172206	0.22246984	0.41458214	0.10291494	0.25906743	0.17858749	0.17853665	0.29741899	0.19343464	0.30633109	0.28635557	0.37366808	0.35838223	0.27537217
region16	0.17029950	0.28702269	-0.20655120	-0.00858362	0.07539256	0.18845360	0.17758131	0.01003187	0.07131384	-0.09500236	0.03892121	0.06403276	0.09292337	0.00586397	0.02916058	0.09076596	0.04955142	-0.00397327	-0.00648895	0.15383384	-0.01288840	-0.05023113	0.07611934	-0.19781710	0.02853580	0.13650098	-0.03294591	-0.02297411	-0.00592414	-0.07844109	-0.00628565	0.12488575	0.14660256	0.14745649	0.18431048	0.10700035	0.17471678	0.09122732	-0.00442733	0.14520924	0.09891331	0.02634435	0.04947781	0.03592019	-0.02157523	0.04375023	0.09170041	-0.05479995	-0.01916276	0.06090976	0.04084335	0.07182749	0.00384130	0.05321456	-0.04549521	-0.02876271	-0.16275145	0.09877260	-0.03174001	0.37998515	0.24381426	0.13862782	0.16240643	0.08198758	-0.13674008	-0.06912641	0.04692284	-0.14896400	-0.14644700	-0.14281310	-0.08380365	-0.01349197	0.06664287	0.09915728	-0.09852919	0.03480771	0.04968467	0.09941434	-0.02643022	0.11277039	0.10557249	-0.03219129	0.04627827	-0.01751153	0.08929043	-0.03223373	-0.13896329	0.00203524	0.07916073	-0.04548292	0.06750194	0.03679468	0.04845206	0.03339793	-0.26896216	-0.01132732	-0.11315600	0.01031169	0.00644096	0.07605966	-0.07108880	0.14742277	0.12237925	-0.16218181	0.07000603	-0.00080399	0.14857421	0.08898871	0.26804439	0.13476977	0.13677180	-0.05836008	0.12024196	-0.05421364	-0.02631359	-0.08097088	0.13256275	0.11971095	0.29547255	0.06786265	0.07879138	-0.00740155	-0.23454944	0.01396761	0.00486355	-0.15937708	-0.04279690	0.02212895	0.05047036	0.10903397	0.00101440	-0.05360395	0.07432437	0.00299508	0.15620108	-0.01894240	-0.12600512	-0.07518284	0.08688461	0.04498664	0.10345110	-0.00854173	-0.13596466	-0.01798805	-0.14626472	-0.07181590	0.11310837	0.00755068	0.00079680	0.20151862	0.10689437	0.09589933	0.17188515	0.17736060	0.13463779	0.10800991	0.13338944	0.07055454	0.08187682	0.04990432	0.21965892	0.13685619	0.06934513	0.19555250	0.10658512	0.03652643	0.32504019	0.16541753	0.16108943	0.09969708	-0.02015928	-0.00057264	0.17012662	-0.02153170	0.14819168	0.31322976	0.25234346	0.11700396	0.08675909	0.01472154	0.19418960	-0.03845687	0.16759770	0.13687564	0.09423063	0.09524054	0.01105373	0.01643210	0.29290284	0.18012245	0.19538101	0.26574621	0.10579113	0.13600954	0.02123936	-0.05396934	0.00856273	0.01388082	-0.11667492	-0.07212116	0.21796094	-0.06555750	0.05911283	0.34924580	0.06279265	0.08472899	0.31954304	0.09021574	0.01178502	0.04388184	0.11092096	0.03454855	0.17716684	0.16618762	0.24900673	-0.04205327	0.14702974	-0.05448361	-0.02723888	-0.09054087	0.06156461	-0.18907788	0.07783869	-0.07668153	-0.01180151	-0.00712258	-0.11830638	-0.00815004	-0.04884585	0.04178094	0.22130247	0.02247282	0.04784074	-0.06282206	0.03950567	0.10149372	0.11452031	0.07982923	0.09801280	-0.03425125	0.15194185	-0.00505910	-0.08504977	0.22363210	0.15672063	0.04730353	-0.07422060	0.06935607	0.10011064	0.00676770	-0.04153729	0.00609785	0.00740687	0.02347719	0.07716776	-0.03048421	-0.13311500	0.05069162	0.24023725	0.22902335	0.23396105	-0.00704087	-0.08989693	-0.16972732	-0.01638986	-0.06473746	-0.01614705	0.05903960	-0.02600293	-0.16212610	0.23298359	0.12766004	0.15647692	-0.08512444	-0.23721025	-0.00104199	-0.19442234	-0.01045676	-0.03928268	0.11536246	-0.01031128	0.03770111	-0.03243047	-0.06720463	-0.07303997	-0.10089510	-0.16948928	-0.03368020	0.09908623	0.19516203	0.07887787	0.10669913	-0.04469030	0.12438549	0.05713059	0.01690441	-0.09761860	-0.13332762	0.03411683	-0.01655990	-0.09147176	0.06274953	0.08393564	-0.20918670	-0.09145089	-0.04017284	0.17166376	0.08019508	0.06661018	-0.03758591	0.14865855	-0.02611922	0.04317111	0.35316937	0.04888719	-0.07798744	0.12839902	0.20611418	0.19262710	-0.02594623	0.05625562	-0.05607128	0.06206547	0.27012565	0.06474704	-0.03284807	-0.05433875	-0.10080366	0.17782535	-0.01316741	0.04479298	-0.07602421	-0.05080179	-0.02958565	-0.09125072	0.14096444	0.05976663	-0.07638503	-0.09235601	-0.15012448	-0.15174075	0.21463748	0.15414938	0.10216551	0.09996941	0.24912897	0.09146243	-0.00080089	0.04738151	-0.21996999	-0.19598919	-0.10971941	0.22050846	-0.02277359	-0.04325673	0.06963421	0.05924763	0.07214366	0.16002621	0.02517194	0.02037734	0.27410229	0.25070779	0.15897185	0.20689820	0.19972216	0.12550442	0.17894556	0.12078834	0.28433126	0.10791100	0.07199379	0.10509800	0.11728703	-0.01769483	0.00902304	0.10437864	0.31618807	0.01057980	0.33847192	0.06345723	0.45631464	0.08573107	0.05207938	0.14341179	0.04168024	0.16151038	0.14413601	0.25406401	0.03941235	0.02819329	0.20073279	0.12149095	0.05098717	-0.00564155	-0.08561007	0.00376277	-0.04906787	0.06494367	-0.12193677	0.10535705	0.09924071	-0.05008677	0.04341334	0.12281629	0.12062582	-0.04963598	0.02438994	0.19850811	0.06068728	0.19083177	0.07934972	0.13900539	0.09511102	-0.13326750	-0.07341613	0.04151120	0.17869072	-0.05359879	0.13982857	0.16167342	0.05891423	0.01853187	0.09018476	0.12617375	0.09538210	0.16454352	0.22559600	0.16382228	0.00651403	0.01295547	-0.10952138	0.41473875	0.14525637	0.18415427	0.13275476	0.12294692	0.14131117	0.22559996	0.16443752	0.21702550	0.21803594	0.29683347	0.18614577	0.26053066	0.46779325	0.44103843	1.25786960	0.30939071	0.13606676	0.16118573	0.34138214	0.31243144	0.20453470	0.35177278	0.07504738	0.06780272	0.10193148	0.13189697	0.21590364	0.26981839	0.27370064	0.16163056	0.28027835
region17	0.30778770	0.37495569	0.25794914	0.35836894	0.25303040	0.14391640	0.50855238	0.07994487	0.29631846	0.12636541	0.20755946	0.13608173	0.12880413	0.01785413	0.29580965	0.10468185	0.08050235	0.27110815	0.07933926	0.09377899	0.18541026	0.04993659	0.24933142	0.19813274	0.15417875	0.27132962	0.09332825	-0.08391396	0.23306442	0.07635352	0.12438177	0.25393634	0.20699898	0.26642016	0.17355740	0.31160412	0.15816663	0.27480719	0.36258825	0.30965160	0.30231411	0.18523919	0.15307853	0.02134149	0.09497261	0.32856448	0.03151285	0.09622521	0.01491636	0.18158917	0.03285469	0.19390615	0.19154291	0.19781482	0.09162255	-0.07204688	0.10817545	0.05945550	0.25005911	0.39295918	0.22387047	0.43373074	0.23898240	0.10764573	0.08034667	0.02926527	0.16664417	0.10318445	0.13807784	0.13053535	0.20453590	0.32583956	0.13141736	0.20758369	0.15076588	0.21328630	0.15385738	0.15367437	0.23647423	0.32868850	0.08334774	0.32255819	0.38046792	0.30298071	0.29870592	0.23867712	0.20324789	0.17552984	0.00427248	0.07195085	-0.03934533	0.07953745	0.09168034	0.13000019	0.12032333	0.11813086	0.24445544	0.28854793	0.27876319	0.33069109	0.19737068	0.16009946	0.13307402	-0.11898677	0.05203735	-0.08380086	0.20033881	0.34544865	0.12381506	0.10173796	0.17963275	0.16375523	0.23876974	0.14970791	0.10095874	0.02256946	0.12855834	0.23219882	0.16141601	0.13081469	0.10242904	0.25469158	0.05992399	0.28648822	0.16833311	0.11218403	0.16590369	0.16378626	0.04605583	0.12758625	0.33834278	0.29330763	0.15792507	0.19617999	0.24462060	0.22368491	0.14870114	0.09462346	0.34331742	0.33894167	0.30558790	0.20375896	0.13900834	0.08843560	0.06211385	0.22074217	0.14422414	0.10485184	0.24167297	0.42362802	0.36608691	0.33388353	0.35250858	0.28175641	0.26441358	0.35542599	0.22701511	0.31425321	0.33633395	0.41265881	0.29003749	0.24583894	0.16399922	0.18135266	0.41068850	0.14269893	0.25545343	0.16749789	0.30455106	0.13437646	0.36850625	0.14939543	0.24421705	0.22813206	0.30108470	0.38189074	0.27445467	-0.07501184	0.10090385	0.18605316	0.10780109	0.34978716	0.17515264	0.01879969	0.24760032	0.22301744	0.14864636	0.41100738	0.21344871	0.26069730	0.31895240	0.25603003	0.22931208	0.06553875	0.04327529	0.06277334	0.14645692	0.15827281	0.06787805	0.20607293	0.35495887	0.28573638	0.41557888	0.24751115	0.19587299	0.41700501	0.43065565	0.31328466	0.30368373	0.25411830	0.26778725	0.16590242	0.16775361	0.08434693	0.17386179	0.16609514	-0.01528008	0.17205226	-0.02940241	0.03968525	0.23794265	0.04565834	0.24942109	0.20062663	0.21093926	0.21102864	0.11421208	0.17639287	0.23763587	0.07668092	0.26865299	0.32925197	0.28175581	0.18650523	0.30191359	0.28316000	0.15961777	0.24112651	0.24038014	0.11423203	0.26029845	0.05697934	0.20398105	0.20161029	0.10608873	-0.02388638	-0.03089407	-0.04842445	0.17665651	-0.06129451	0.09681734	0.01739072	0.12920181	0.08425489	0.24922271	0.13199552	0.14386959	0.19114321	0.47979553	0.39361654	0.32200878	0.15678136	0.03622914	0.25585573	0.21876256	0.14642123	0.23060277	0.12175908	0.19358903	0.13025511	0.24147617	0.23655236	0.28894657	0.10226848	0.16110898	0.30337396	0.17708689	0.24121398	0.17775512	0.20323030	0.21426368	0.36330009	0.24523623	0.00337064	0.13549582	0.16954156	0.11413468	0.21467236	0.11365791	0.03697919	0.11656644	0.01861345	-0.13570870	0.19111721	0.01576841	0.23118815	0.07082032	0.14275768	0.10237921	0.23522292	-0.00280419	0.19850608	0.00111094	0.14102882	0.04331930	-0.00347066	0.18963849	0.24589768	-0.02425290	-0.03753413	0.07138242	0.10714703	0.14037346	0.07030363	0.14546904	-0.02823962	0.08480909	0.17021415	0.18615460	0.16106787	0.08454682	0.13817494	0.10076854	0.14342369	0.17884059	0.25147297	0.15131525	0.22096654	0.14010899	0.16336150	0.13719964	0.28243921	0.12001706	0.25549581	0.27519879	0.28087789	0.24912449	-0.02353497	0.10104938	0.13763820	0.11546307	0.04835866	0.14023401	0.28524716	0.08008167	0.16452326	0.06228024	0.11224411	0.24749780	0.00810140	0.12318068	0.10159874	0.31858488	0.21814322	0.13313564	0.12124916	0.11674786	0.24699867	0.12664251	0.27415420	0.15379873	0.19774095	0.21152140	0.30105173	0.23551764	0.26669048	0.29889573	0.28773498	0.10511735	0.13041068	0.17110563	0.11376172	-0.03312095	0.20807171	0.09258579	0.06540854	0.27823293	0.29213638	0.15459962	0.14379197	0.11108610	0.04696126	0.09577858	0.03171577	0.27689739	0.37532190	0.24957441	0.32142638	0.23811775	0.37307155	0.07226448	0.29811483	0.03977094	0.13606494	-0.04429320	-0.06137444	0.02783229	0.11406456	0.04464712	0.01376472	0.04918716	0.13447847	0.07175218	-0.02320485	0.33832457	0.15649750	0.17008323	0.20257637	-0.06787256	-0.02789492	0.17540004	-0.14618654	0.17602129	0.15648916	-0.04049782	0.22140352	0.18075475	0.24237472	0.05223281	0.03569512	0.24605372	0.06667315	0.14011395	0.13804446	0.02831642	-0.08476285	-0.02895316	0.05239272	0.10082486	0.01422931	-0.01244048	0.13663448	0.56639486	0.30831654	0.36942822	0.16351940	0.20801564	0.42573731	0.21517031	0.27923372	0.50252571	0.34773102	0.31993741	0.32197832	0.49174697	0.52939143	0.39937563	0.30939071	1.08977067	0.51861194	0.37935724	0.29674875	0.36490240	0.46325420	0.27688878	0.38187258	0.47500177	0.53705478	0.55401059	0.55217045	0.57324892	0.57979518	0.49015596	0.54312184
region18	0.20603916	0.27627016	0.21470356	0.31479400	0.17541206	0.13989944	0.38985558	0.16789065	0.26105162	0.10782524	0.32185532	0.19030217	0.19561366	0.10451907	0.15106903	0.17158122	0.16586943	0.19032420	0.09780603	0.18275918	0.14256848	0.08947015	0.20229821	0.11299664	0.21895799	0.35672124	0.22638637	0.13420591	0.31504226	0.17665576	0.27843325	0.36459503	0.34509372	0.36555578	0.25964583	0.34002742	0.33881022	0.26298635	0.25890243	0.32082237	0.38639581	0.22474399	0.21062082	0.18830005	0.19426698	0.26637855	0.17749390	0.15926162	0.19753928	0.19031856	0.11570260	0.23413798	0.17296847	0.11801625	0.20769715	0.02158551	0.18766468	0.26690856	0.29070000	0.17249919	0.31882264	0.18089231	0.24447082	0.05593169	0.07917094	0.07989980	0.17326756	0.11927838	0.11157943	-0.02936261	0.19265275	0.30417897	0.04705720	0.25003335	0.02642408	0.17260763	0.15413671	0.19542336	0.13668327	0.24532538	0.18354251	0.23925664	0.24147454	0.23702623	0.18967332	0.14763759	0.07811286	0.01605957	0.11763621	0.16020498	-0.04864957	0.13602546	0.18434874	0.07546371	0.10536767	0.07771662	0.13444230	0.19326040	0.17223033	0.22783514	0.14352074	0.09144739	-0.03058866	0.05729482	0.04917765	-0.05457396	-0.06743308	0.13318964	0.02750350	0.01692483	-0.02613766	0.23596399	0.10088239	0.22997965	0.17476038	0.16118732	0.14900954	0.29401308	0.14790931	0.04563880	0.19887990	0.14064406	-0.10006994	0.19143948	0.01682674	0.01797517	0.03212017	-0.08475462	0.02691983	0.07218592	0.11088292	0.08423418	0.05461974	-0.01398031	0.10823442	0.09760229	0.01058406	0.01572274	0.12810822	-0.01848263	0.05522820	0.01459008	0.12057971	0.19558752	0.09954731	0.21850916	0.21499839	0.17552033	0.11121645	0.23062971	0.20077426	0.10596648	0.17095727	0.32941628	0.23788285	0.19844963	0.02971640	0.10887048	0.21979556	0.29976402	0.19447246	0.16913024	0.14536716	0.14301121	0.16893563	0.13281802	0.17364039	0.21135676	0.21349683	0.17871965	0.17869971	0.15231550	0.14539037	0.14270774	0.20187122	0.17722135	0.08441313	-0.02190695	-0.00550699	0.17780396	0.07092284	0.13451131	0.17556446	-0.11916478	0.12634624	0.09647597	-0.02426695	0.16224089	0.18700500	0.24688378	0.28960612	0.14703526	0.30578054	0.13659622	0.10091728	0.11633874	0.20837140	0.07760069	0.01764854	0.12082890	0.26393452	0.04499095	0.31969495	0.00233024	0.04272385	0.17886038	0.25031983	0.36689064	0.28335530	0.28726813	0.39376773	0.23979671	0.31211265	0.21277178	0.10400306	0.10788522	0.08122224	0.18675877	0.03166625	0.07952660	0.17736712	-0.03274454	0.19492960	0.27522223	0.31110566	0.34291357	0.20029124	0.28764441	0.29077012	0.27667839	0.34200437	0.30109593	0.35291141	0.28597021	0.35604367	0.33894355	0.28441224	0.35191785	0.27302472	0.12350950	0.31206429	0.21444372	0.14345616	0.15998272	0.19054439	0.14383881	0.12797546	-0.04566658	0.17806159	0.02885697	0.06524194	0.06693507	0.29864386	0.01647476	0.17407624	0.25366577	0.21983551	0.27659949	0.32101168	0.17148297	0.32241835	0.19269511	0.05789250	0.16960665	0.17078817	0.08398078	0.22124792	0.26876147	0.27388348	0.14242968	0.27404925	0.23681653	0.12715073	0.29384476	0.22150167	0.27951916	0.22284102	0.32662235	0.21440671	0.23461691	0.25401014	0.22614912	0.16563418	0.10230854	0.18302501	0.28273589	0.16667610	0.13822721	0.26228496	0.04643751	0.21552917	0.08446180	-0.02013252	0.24818859	0.04387100	0.26752523	0.19677964	0.18630071	0.21419137	0.26838930	0.16036839	0.23207104	-0.00854483	0.13698827	-0.00127662	-0.02962578	0.07679464	0.21838747	-0.08512345	0.03665602	0.16085672	0.15752432	0.14448108	0.13695101	0.13289672	-0.08478942	0.22999638	0.03781252	0.16545573	0.30341660	0.26335054	0.34217514	0.29362891	0.23651737	0.19922567	0.22222911	0.19934541	0.18327935	0.13457906	0.05896527	0.18274863	0.20214436	0.11631023	0.18357715	0.23872972	0.27454722	0.15402422	0.06335031	0.07391539	0.05195906	0.14593288	0.00802742	0.16974925	0.19709920	0.09154335	-0.01191819	-0.08717611	0.02699492	0.14968116	0.10602593	0.27723143	0.14552717	0.27281018	0.23541238	0.19776528	0.18555870	0.21801114	0.33319673	0.16881405	0.14494554	0.19458236	0.27634053	0.27743510	0.31373880	0.25389715	0.15369769	0.26641785	0.18704802	0.11728731	0.15381009	0.19370434	0.06887787	0.12347457	0.22939632	0.09343604	0.23277638	0.27212111	0.16587870	0.13000647	0.11771935	0.05173014	0.13810300	0.09069985	0.03161482	0.28482284	0.32816956	0.18496229	0.40603151	0.11004411	0.49370488	0.13242115	0.43152450	0.21554987	0.27403912	0.19860990	0.10412732	0.14103951	0.20109674	0.11251573	0.02336242	0.28170694	0.21797568	0.24736818	0.07304232	0.21101339	0.19059150	0.05109674	0.24249275	0.00304169	-0.12570258	0.15507511	-0.05088234	0.16914384	0.22260210	-0.07199612	0.08313589	0.36893573	0.41001578	0.20061884	-0.00376224	0.15906882	0.07799203	0.14283451	0.14932863	0.05020298	-0.08795600	0.04034258	0.05502708	0.16473106	0.09061486	-0.06747493	0.06786011	0.50035746	0.41091449	0.51634876	0.24425869	0.17047122	0.55259223	0.36392450	0.17236815	0.37997216	0.37329403	0.37035584	0.35200493	0.36080326	0.43953955	0.17339311	0.13606676	0.51861194	0.98725064	0.60887873	0.36758746	0.37944903	0.62143962	0.27502850	0.30402328	0.35923857	0.49714314	0.56532568	0.40090900	0.57610627	0.49457725	0.40519042	0.42495634
region19	0.14941756	0.24772960	0.09760023	0.29522936	0.13026085	0.18190786	0.36584632	0.25687407	0.28372217	0.15474375	0.25504501	0.12835671	0.30481555	0.17286930	0.15372564	0.19888470	0.19420291	0.17684673	0.16751663	0.22918750	0.08861424	0.10909664	0.12645882	0.09845018	0.29899571	0.29255611	0.27241692	0.24170394	0.37955029	0.23719651	0.40280446	0.37756059	0.37981983	0.40616700	0.26689727	0.36435682	0.39046104	0.15376367	0.18862966	0.33817594	0.38669318	0.18228516	0.19897849	0.18756792	0.26853112	0.25912935	0.32542378	0.21102676	0.19134348	0.24000052	0.20495192	0.29309521	0.27209658	0.21960041	0.16514562	0.10337551	0.13699455	0.21056888	0.22676568	0.14453481	0.30132067	0.14722410	0.26911668	-0.01583197	-0.05114119	-0.00774736	0.05879714	0.05505377	0.05546685	-0.06930079	0.08043879	0.20673019	0.19436079	0.34261131	0.05798707	0.36013742	0.21530016	0.20848615	-0.01001538	0.13057403	0.03842933	0.16663972	0.11427300	0.09444564	0.20237776	0.22793056	0.12893226	0.12589078	0.21659044	0.21354254	0.07384336	0.26809831	0.27791755	0.09381843	0.12290053	0.06356384	0.06664283	0.27640372	0.21408920	0.24602568	0.08639864	0.00143544	-0.13526266	0.13531432	0.06175311	-0.04137500	-0.08927929	0.08132691	0.10075840	0.08965653	0.04010961	0.25715903	0.07413092	0.16287047	0.15867924	0.18553965	0.22668085	0.29727825	0.11569718	0.02644967	0.15020703	-0.03333037	-0.06965656	0.06442261	0.00685763	-0.03961538	-0.02893642	-0.14585243	-0.02916799	0.07900778	0.00563627	0.00191042	0.12224089	0.00314063	0.07293046	0.05134929	-0.02253979	-0.04683798	-0.00612630	-0.10540316	-0.04634795	-0.09676782	0.13400393	0.18420942	0.03232104	0.01546414	0.22829385	0.15611311	0.06953653	0.13071726	0.08568021	-0.01665066	0.03307911	0.19760603	0.16054143	0.10600008	0.05951449	0.12001022	0.12174780	0.20252375	0.11218734	0.21944682	0.09355074	0.15068352	0.00984308	0.12807310	0.21757154	0.18384821	0.24387105	0.20292012	0.10343677	0.18511182	0.04503672	0.14980962	0.13201455	0.06690606	-0.00491186	-0.01724113	-0.08200481	0.11061028	0.01664849	0.02805706	0.22601012	-0.09720743	0.16641127	0.05756338	-0.04624762	0.03466626	0.24120120	0.25862065	0.26905216	0.13053940	0.24719439	0.15234144	0.20924365	0.24832478	0.27497677	0.08696337	-0.06662338	0.14097093	0.23369311	-0.04809329	0.19499961	-0.01163452	-0.02016702	0.03940186	0.19103626	0.39148489	0.24870766	0.35236946	0.31365711	0.18541768	0.38664952	0.27421932	0.09884986	0.22319190	0.12557938	0.15506073	0.08894010	0.10615635	0.17849793	0.02500744	0.20499373	0.31937698	0.31333275	0.38373776	0.20339045	0.36205225	0.29823813	0.32806988	0.34150096	0.20194651	0.36941565	0.25367648	0.37382883	0.30344964	0.22896330	0.32886846	0.23332302	0.19359406	0.21161282	0.19622770	0.12519379	0.15856919	0.23415535	0.20224724	0.17830222	0.05209362	0.22510821	0.04836825	0.13192160	0.15360762	0.33906303	0.11174712	0.29772690	0.22825792	0.18199993	0.23938852	0.33360382	0.13245522	0.31081460	0.20956713	0.06710803	0.00245458	0.13446992	0.02549007	0.20239529	0.24956986	0.17745097	0.10964576	0.29256405	0.12584699	0.06189427	0.33264926	0.27223113	0.26594657	0.27350530	0.29163886	0.11494117	0.24139644	0.18489084	0.24063629	0.12173911	0.09981885	0.22597127	0.31185388	0.24452937	0.18304624	0.35942988	0.13875853	0.26338255	0.22219823	0.19661007	0.39084193	0.13996974	0.36615154	0.25466906	0.21494635	0.22741160	0.24006163	0.16028708	0.32887959	0.09145923	0.13276374	-0.02795643	-0.08658012	0.05938435	0.15605022	-0.03987717	0.14313554	0.22642387	0.19203694	0.19263150	0.18226233	0.24629364	-0.03192775	0.23199775	0.04899663	0.22751414	0.28726441	0.35240061	0.36922850	0.22984934	0.17368645	0.14713597	0.25747003	0.16494035	0.06337873	0.08694634	0.09250016	0.22290533	0.20403062	0.14773657	0.12993894	0.15027230	0.25192082	0.08949863	0.08032854	0.06909029	0.08097725	0.11121946	0.02827169	0.19476523	0.17864130	0.00654856	-0.00234820	-0.05931913	0.00085780	0.11922710	0.15840265	0.26351399	0.22523958	0.19729813	0.17732873	0.12165886	0.18443482	0.23749117	0.32178054	0.21607759	0.08199818	0.10918979	0.24330764	0.18229839	0.20989013	0.33254030	0.20161739	0.20613136	0.17657908	0.10689183	0.19120901	0.19996710	0.09390996	0.23525746	0.23871663	0.08274172	0.28914177	0.30607217	0.14231072	0.19058768	0.08241216	0.10126043	0.22245766	0.15490796	0.14146169	0.22225668	0.20809608	0.19711751	0.35982451	-0.01668262	0.47103775	0.14011742	0.43281767	0.20343612	0.36695539	0.30092435	0.17865356	0.28173198	0.30271959	0.16556683	0.16506075	0.30239031	0.27154636	0.20166425	0.10172056	0.20926192	0.12360893	0.09879917	0.30066046	0.05561893	-0.10141666	0.12301646	0.04125943	0.16893816	0.21751419	-0.02587055	0.10682888	0.35535767	0.36606653	0.21890553	0.10392141	0.19438775	0.11616865	0.23431731	0.20077442	0.08706457	-0.12377710	0.09121855	0.17282713	0.21429404	0.11076848	-0.03610572	0.10864118	0.48217778	0.38674698	0.48401613	0.17645471	0.18487185	0.52361427	0.28770648	0.22553462	0.35677850	0.30772861	0.36759620	0.36452772	0.34635174	0.42809453	0.09172206	0.16118573	0.37935724	0.60887873	1.00790518	0.36871512	0.24000320	0.64780967	0.21297349	0.21954909	0.28182974	0.34987191	0.41740679	0.23983831	0.41529772	0.35795568	0.25770199	0.36288526
region20	0.22399184	0.30802831	-0.00352095	0.25481924	0.14930274	0.20617480	0.31149462	0.06818297	0.19571545	-0.05659120	0.16303447	0.10363988	0.18881214	0.11171830	0.08558578	0.07590844	0.13078214	0.04159642	0.02748114	0.16331764	0.03833997	0.07814077	0.07410927	0.08477583	0.04641203	0.22829767	0.07761648	0.09756852	0.11637959	0.07544728	0.14580923	0.20137907	0.12433146	0.11091113	0.21703264	0.19150269	0.20302101	0.13034240	0.13408300	0.18673978	0.26849879	0.01465848	0.10900644	0.06562425	0.16847565	0.16004195	0.11044414	0.18342233	0.14134265	0.18403287	0.14360667	0.19826786	0.18528590	0.18006352	0.09935867	-0.02251562	0.11638152	0.08798723	0.16032289	0.12458398	0.25521313	0.07269690	0.20889648	0.06744140	-0.07687570	0.06306275	0.18191375	0.08885156	0.01666653	-0.00800094	0.04303993	0.04368274	0.13233885	0.17923954	-0.01768077	0.14080690	0.06425216	0.05628782	0.03618231	0.01651861	0.16571878	0.17416331	0.12318708	0.05153856	0.07302025	0.18918850	0.13356759	0.04157829	0.12501990	0.18642559	-0.01559975	0.11252419	0.07564456	0.11695223	0.07193825	0.04076471	0.04069620	0.13679578	0.13580919	0.03508343	0.03048486	0.02661438	-0.03965159	-0.00686570	0.06828938	-0.04335561	0.09057633	0.14277088	0.17893233	0.14383883	0.08017726	0.27264925	0.01977833	0.04389082	0.05132653	0.13096344	0.04150556	0.24668418	0.25599989	0.04272280	0.10208929	0.09924810	-0.04353152	0.16209506	0.10587609	-0.02055723	0.06793194	0.11192451	0.04398448	0.15017459	0.11445218	0.07280288	0.09973167	0.12874426	0.17020176	0.06218956	0.02944534	0.08440386	0.04852374	0.07950031	0.09770412	0.04192429	0.08456158	-0.04493405	0.01290887	0.07988505	0.08655506	0.12075292	0.06559362	0.18406468	0.03327970	0.19061663	0.17516587	0.10631345	0.05128381	0.14337228	0.07453320	0.10562240	0.06132670	0.15996832	0.13039049	0.10842871	0.07812354	0.10794142	0.21006899	0.07445536	0.25517632	0.11842336	0.19143759	0.05263671	0.08866435	0.07627533	0.11492540	0.07004199	0.13817380	0.17639849	0.09096846	0.04293045	0.08392926	0.14035223	0.00438484	0.06429242	0.19794723	0.03937986	0.14329175	0.14833807	0.07800570	0.09741176	0.22911387	0.11801077	0.17290385	0.16598147	0.17939792	0.15257927	0.08863176	0.03912747	0.11246436	0.12896871	0.05264902	0.12864263	0.18861854	-0.10103578	0.10393132	0.07073879	0.09976644	0.06404046	0.19959160	0.19510045	0.14443319	0.09071137	0.14481673	0.04739698	0.21785343	0.15697109	0.16757066	0.05990786	0.09726189	-0.01959997	0.03871924	0.08505356	0.01641569	0.00068158	0.08851468	0.17645378	0.13978608	0.17280812	0.03138426	0.10138900	0.18845615	0.06749730	0.23311216	0.08778269	0.10593175	0.09413797	0.17522716	0.15903035	0.09320345	0.18605458	0.18391333	-0.05127634	0.28245252	0.19380449	0.01108347	0.22085969	0.18772588	0.14518098	0.05831589	0.10338691	0.18484232	-0.00159710	0.17237544	0.09868938	0.23878733	0.02241146	0.19801040	0.12834297	0.12533610	0.12912974	0.24363431	0.18471791	0.15099384	0.10676113	0.03835978	-0.03393640	0.08841309	0.05002711	0.13353533	0.13954576	0.07204821	0.08069413	0.16650792	0.11601439	0.15165649	0.12482952	0.03650386	0.16257696	0.10225612	0.07793548	0.05617379	0.13759588	0.11749713	0.14984612	0.07292537	0.05140365	0.09722368	0.13287840	0.08752469	0.15109198	0.10701400	-0.02038436	0.12737893	0.12657796	0.03091280	0.12004037	0.13666008	0.14797340	0.19431512	0.10127117	0.08786834	0.06831040	0.06614420	0.12455927	0.02468517	0.03674151	0.09458348	0.05400915	0.05631867	0.12773475	0.00344588	0.06019027	0.12598458	0.09491418	0.15529835	0.26563071	0.15717819	-0.03039212	0.25079629	0.03288494	0.12767939	0.15918457	0.15639002	0.21821866	0.21491141	0.25101225	0.13066049	0.05504480	0.15479248	0.09011347	0.03951644	0.13260063	0.11823065	0.11302931	0.13206007	0.03079204	0.09144831	0.29690638	0.24657863	-0.01805422	0.05534783	-0.00891100	0.09260867	0.04873704	0.09475374	0.16037432	0.15551758	0.06043911	0.03776805	0.05970519	0.14412899	-0.01037550	0.01193873	-0.04440265	0.12281532	0.06055986	0.06940934	-0.02703385	0.08554377	0.17903900	0.09100115	0.14373195	0.04658384	0.11909187	0.04645420	0.05982061	0.11648214	0.12441297	0.05541993	0.08293544	0.03026404	0.10296226	0.09770229	0.08575956	0.10217067	0.19439332	0.01802822	0.17337562	0.18937300	0.21598272	0.10147649	0.18709097	0.04729203	0.30121185	0.13509861	0.08091239	0.18209740	0.07609264	0.10113771	0.16510670	0.07378485	0.28137935	0.07284118	0.23057497	0.07154003	0.14397510	0.07707227	-0.00137286	0.07578785	0.16250989	0.05572445	-0.00552821	0.33571328	0.15572263	0.20515673	0.15148630	0.21525949	0.08683642	-0.08913122	0.11704052	0.04407161	-0.11403764	0.15914891	-0.03152069	0.17425327	0.14451331	-0.17387320	0.04049426	0.21675965	0.27064417	0.17854627	0.11333808	0.19113153	-0.03553261	-0.03153883	0.01791937	0.03522348	-0.11683546	0.12646183	0.26781003	0.14850923	0.07974865	-0.01004755	-0.03732443	0.43640420	0.28986319	0.36177596	0.41785291	0.20322365	0.38240531	0.48117637	0.14294926	0.35080447	0.26545539	0.35144127	0.30136147	0.28023425	0.40166211	0.22246984	0.34138214	0.29674875	0.36758746	0.36871512	0.98658340	0.37735256	0.47596832	0.45896687	0.35497765	0.26556378	0.33513452	0.35888569	0.35464569	0.41658021	0.36821091	0.30134450	0.31628183
region21	0.26719819	0.27356248	0.04030987	0.18436116	0.23343261	0.15228450	0.41138693	0.09663563	0.27273252	0.10645178	0.29552228	0.22666527	0.05907325	-0.03349093	0.09651617	-0.04791074	-0.00776756	0.05929323	0.15708029	0.12204581	0.20167269	0.11748007	0.31859172	0.04595257	0.08954569	0.17608189	0.12362065	0.05676239	0.16576604	0.04666820	-0.04991679	0.10505227	0.20736283	0.24655155	0.32736009	0.09870182	0.15519513	0.22842298	0.23781603	0.24805031	0.19674514	0.01081615	0.12658028	0.04483175	0.07232464	0.20625225	-0.00990496	0.04765313	0.11715544	0.12219426	-0.02869030	0.01320555	0.07783020	0.02591723	0.02063045	0.00820892	0.01689262	0.19595452	0.12264851	0.27027980	0.19597751	0.20091039	0.14807905	0.22467643	0.19358420	0.08663854	0.32584155	0.10386309	0.17352931	0.12580473	0.20159249	0.28555395	0.01097783	0.14458115	0.07182074	0.13946751	0.06829084	0.22173334	0.24115693	0.25466718	0.19086127	0.25498281	0.28895497	0.21829100	0.19228678	0.09016536	0.13192081	0.01616615	-0.01886785	-0.03750443	-0.01640101	-0.02586597	0.04143866	0.11245890	0.04628147	0.13667598	0.23023294	0.15418247	0.17463525	0.05049130	0.14481744	0.29868124	0.27506743	-0.00361223	0.01669207	0.01300367	0.10597197	0.21982007	0.10477279	-0.02444632	-0.07697508	0.02025772	0.14649032	-0.01823454	-0.10711494	-0.05977922	-0.00903118	0.17102719	0.04659101	-0.10379992	0.15548425	0.24062916	0.05755417	0.32616650	0.16996769	0.08437838	0.23356138	0.04835529	0.15637047	0.15872557	0.20442113	0.09707370	0.14840954	0.16687030	0.16364364	0.19070772	0.13951047	0.16083183	0.24871770	0.10714291	0.15748678	0.27417253	0.05482376	0.03006834	0.08973679	0.30629242	0.17465200	0.13723840	0.16104178	0.27655434	0.21335313	0.35644250	0.31303150	0.23917026	0.18920613	0.18001829	0.16091532	0.16152697	0.29293250	0.33517462	0.12414972	0.06128115	0.13930174	0.11265648	0.32880737	0.10510280	-0.02304548	0.08331237	0.06722559	-0.00047906	0.22203055	-0.00446378	0.21388164	0.18464962	0.22680570	0.37848993	0.40531677	0.19949947	0.17030794	0.25663627	0.33887342	0.22031727	0.06011132	0.00289451	0.02252301	0.13671994	0.10038939	0.16621049	0.02302554	0.05737554	0.04161221	0.15185832	0.00123063	-0.00337744	-0.04306523	-0.02163157	0.17051477	0.07660017	0.13734536	0.12636080	0.15765355	0.05605756	0.27254627	0.04846470	0.09635772	0.35749968	0.20314303	0.28577244	0.39749916	0.15537010	0.31796722	0.29975963	0.10372198	-0.02002426	0.06384497	0.03579448	-0.07675999	0.15424756	0.00043029	0.10317574	0.21603685	0.05022031	0.23925825	0.04093319	0.11230980	0.03325112	-0.05643778	0.00207925	0.01174083	0.02889821	0.22509407	0.26291793	0.05068428	0.07752923	0.10940700	0.10340647	0.12965716	0.10943749	0.19827484	-0.13265523	0.29063424	0.21686076	0.09250665	0.01700776	0.05797669	-0.06979104	-0.03944128	-0.04864364	-0.00427226	-0.08741324	0.01622089	-0.03069269	-0.01419826	-0.06731932	-0.01610447	0.04373011	-0.03176521	-0.00653016	0.30139759	0.27801877	0.31463575	0.17184908	0.08634669	0.24201468	0.27136125	0.18559734	0.21318935	0.24009286	0.16745598	0.14517344	0.16193474	0.19047435	0.26522201	0.01829566	-0.01961599	0.20883076	-0.06528647	0.15579076	0.22472070	0.12424749	0.13405564	0.17602540	0.06004287	0.07003519	0.09776530	0.06484176	0.03489033	0.16227571	0.10476105	0.09017625	-0.02465032	-0.03147486	-0.12325930	0.08757641	0.02559350	0.17939294	-0.04342866	0.08299522	0.07932289	0.23844718	0.06038873	0.04916320	0.15286496	0.07312304	-0.01657948	0.11520902	0.28755260	0.36895399	0.08944838	0.04199005	0.15288393	0.19943429	-0.02348821	-0.01707254	-0.09012249	-0.22000867	-0.08923425	0.17472558	0.04621046	-0.01898120	-0.02181202	0.00948030	0.11712305	0.30612134	0.24125547	0.05046832	0.15534203	0.21412513	0.09001325	0.08750897	0.07062207	0.17193967	0.01323049	0.16922640	0.15310981	0.20651228	0.13140223	0.09522442	0.15481749	0.03450266	0.15384971	0.23236709	0.21792272	0.19092857	0.26364023	-0.02196319	-0.16882746	0.00026767	0.10027285	0.09138708	0.01852072	0.07229158	0.28379977	0.21831564	0.27547416	-0.00443192	0.08711597	0.11339206	0.22293278	0.27064262	0.11962226	0.23579376	0.18433257	0.18633998	0.19624819	0.19476461	0.16828729	0.05606514	0.07142676	0.04721971	0.08525431	0.17759848	0.05138506	0.09747433	0.04911881	-0.05567355	0.30908356	0.35912719	0.15818874	0.35438379	0.07885921	0.08418964	0.08349796	0.08640438	0.22276239	0.22479617	0.03740230	0.10175773	0.22598602	0.19026763	-0.03755355	0.09799898	0.05650498	0.12417976	0.04132534	0.05618418	0.12487075	0.12810784	0.14281656	0.00923793	-0.02243964	-0.04993206	0.07007448	-0.09978725	0.17413790	0.13024980	-0.01132823	0.13999916	-0.06119841	-0.08146097	0.11229178	-0.19005812	0.18077346	0.06500642	-0.17588967	0.01855580	-0.01220350	0.20629462	0.00394032	-0.12587489	0.11191644	-0.01876119	0.05580050	0.00425217	-0.09792630	-0.05146021	0.09272523	0.09713420	0.12205034	0.00600856	0.00253024	0.05690315	0.37273717	0.25958084	0.30506909	0.32832993	0.20558092	0.39414013	0.45798103	0.20004864	0.27854446	0.31955807	0.34779462	0.31338069	0.28761227	0.35337128	0.41458214	0.31243144	0.36490240	0.37944903	0.24000320	0.37735256	1.06365104	0.37802094	0.51683144	0.41797219	0.24353391	0.40250057	0.34298641	0.39420901	0.35209524	0.43463941	0.40936827	0.40786235
region22	0.08372626	0.37760880	0.05895606	0.33946386	0.21320588	0.21672803	0.43521691	0.29478916	0.36158239	0.07882846	0.32784950	0.23159944	0.23484530	0.02105775	0.10834799	0.14619662	0.16309581	0.17729026	0.11520840	0.18834500	0.11505054	0.11597960	0.23674975	0.07634761	0.23741564	0.32549844	0.26118806	0.24199582	0.40360787	0.18615380	0.28785349	0.33773776	0.38026397	0.42282030	0.46144375	0.37105663	0.41119010	0.20209809	0.29107777	0.41379761	0.46953237	0.16196805	0.23731404	0.06468731	0.21429258	0.20388690	0.28160736	0.17301911	0.10279300	0.22722644	0.20631314	0.33410318	0.29320573	0.21765965	0.19009810	0.10498487	0.18648253	0.21371049	0.24490452	0.17490777	0.37429201	0.06214682	0.29460952	0.06794349	0.06905202	0.03572409	0.12410024	0.07994757	0.08186748	-0.00466115	0.23216940	0.37866306	0.22660025	0.42229625	0.12654193	0.31668351	0.25600702	0.34273426	0.21214971	0.25668614	0.12637649	0.21583213	0.16550525	0.16935375	0.23133184	0.27512978	0.14488915	0.05750211	0.12454650	0.06456272	0.05043937	0.24420671	0.17314900	0.00688357	0.12057714	0.03651384	0.19708666	0.19608678	0.19376468	0.25409301	0.11976300	0.07355484	-0.10439506	0.07028318	0.04718974	-0.13713330	0.03211257	0.07277696	0.03328009	0.12483282	0.05430697	0.29027274	0.11539417	0.08060922	0.19697784	0.13806607	0.10996615	0.43354203	0.22465315	0.05134102	0.01344510	0.07100594	-0.08915215	0.10036625	-0.04201191	-0.04057015	0.02581085	-0.03417046	0.06193660	0.11891695	0.08202949	0.06704731	0.11489609	-0.00596210	0.07300991	0.04736393	-0.06920696	-0.02676865	0.07424001	-0.03608182	0.02530920	-0.02525238	0.12464353	0.15211773	0.12778967	0.25862950	0.09294624	0.14468241	0.08240551	0.21321417	0.13318600	0.06730544	0.09752711	0.22819921	0.26825335	0.19956649	0.05613094	0.10488811	0.21350845	0.28253439	0.20825921	0.18446979	0.16751342	0.18824579	0.06599264	0.11024268	0.21715909	0.10650392	0.22793328	0.17033545	0.05383512	0.07148630	0.12621405	0.15379274	0.17897139	0.14439762	0.05991282	0.01417520	-0.03232843	0.14985470	0.01108587	0.04378614	0.23947415	-0.02158297	0.22872978	0.09039749	-0.03994014	0.17000445	0.21302361	0.30755393	0.33223343	0.24627159	0.39237481	0.18215424	0.20500957	0.14983310	0.19790697	0.01953758	-0.10110675	0.20393814	0.23160573	-0.08766969	0.21498384	-0.00007879	0.02583020	0.11781046	0.24429141	0.47582330	0.33020074	0.27837673	0.38738271	0.29135792	0.31231400	0.26657948	0.05505651	0.00749271	0.08948629	0.11451338	-0.02676702	0.07526604	0.16829677	-0.06017790	0.23260881	0.32012867	0.31695447	0.33039186	0.17193652	0.30261900	0.31915663	0.32839675	0.34955425	0.30774949	0.31926644	0.27644576	0.41450147	0.38399495	0.27503421	0.33999676	0.37440035	0.13397155	0.31931438	0.33088116	0.16920393	0.14837003	0.12667025	0.06369369	0.15018679	0.03552175	0.20794365	0.03111995	0.13604547	0.12739267	0.30729033	0.10009036	0.27636009	0.17371185	0.19908044	0.25123013	0.46524406	0.15407754	0.28603135	0.19151406	-0.01098495	0.07181891	0.22536725	0.03158529	0.29210407	0.30921957	0.33156765	0.14548594	0.38095532	0.31663324	-0.01051105	0.28053666	0.26690140	0.27418887	0.21969037	0.27980799	0.27890621	0.34743420	0.27453247	0.21429436	0.12193937	0.16905250	0.25194603	0.29418774	0.28242753	0.14422833	0.18387647	-0.03367095	0.12553901	0.14140543	0.14027459	0.24765751	0.00846965	0.24222728	0.25298863	0.15281406	0.23612196	0.24638127	0.20916488	0.27204479	0.13020547	0.08634979	-0.09460035	-0.06687919	0.08971573	0.26233048	-0.07614843	0.11353643	0.13623522	0.08387887	0.23597063	0.21573605	0.18577988	-0.02091543	0.28511677	0.10751546	0.24382726	0.21364599	0.37892008	0.33053556	0.30176450	0.22514215	0.20331414	0.20009042	0.10403232	0.04014621	0.16018950	0.02330719	0.11742613	0.22130118	0.13756144	0.05117226	0.19090900	0.20612124	0.14512157	-0.01169059	-0.01117787	0.02161399	0.02890796	0.00110975	0.18997721	0.18704216	0.05985732	0.13791135	-0.03651516	0.02879506	0.13390642	0.11760957	0.26036453	0.13723447	0.28847127	0.20046356	0.21960839	0.22895681	0.19194157	0.34425946	0.16582010	0.10346053	0.15450407	0.29206385	0.23093933	0.35270396	0.26327870	0.10846325	0.19995364	0.18530906	0.08198426	0.18597030	0.21032084	0.08761374	0.12366044	0.17802279	0.01303564	0.32410519	0.29868362	0.18979315	0.14333733	0.13422989	0.12590851	0.24703817	0.14362136	0.02216531	0.29344630	0.25833971	0.19278981	0.39028878	0.03520978	0.48599429	0.07513044	0.50842028	0.21721749	0.27543162	0.15483184	0.06174169	0.19316909	0.28107286	0.07715957	0.08562176	0.34974570	0.22862970	0.18861613	0.06700759	0.20131612	0.11209736	0.11857117	0.28237885	-0.01528116	-0.18517044	0.09888832	-0.09868295	0.11291013	0.10013525	-0.03619891	0.08259972	0.31185486	0.37785216	0.25372220	0.16530510	0.10800049	0.05410058	0.25042876	0.14337089	0.04287694	-0.16740838	0.13453427	0.19417149	0.11213051	-0.02864920	-0.04123628	0.05513865	0.55475632	0.42208930	0.55413213	0.26999461	0.21883873	0.61951466	0.44778337	0.29283501	0.38072063	0.37557966	0.38717062	0.39746486	0.40459694	0.48870187	0.10291494	0.20453470	0.46325420	0.62143962	0.64780967	0.47596832	0.37802094	1.17338425	0.43667965	0.40513498	0.24606193	0.43579063	0.39731721	0.28169286	0.53236358	0.45536628	0.30634450	0.37424403
region23	0.06728509	0.22976997	-0.11665160	0.14000785	0.24942547	0.26083862	0.29528540	0.07104058	0.30206511	-0.18657435	0.14441861	0.19641185	0.16069206	-0.05311061	-0.01401476	-0.07251541	-0.01334606	0.03861164	-0.09531361	0.05228121	-0.06001789	-0.02227909	0.16246946	-0.10993610	0.12436638	0.25179353	0.10333795	0.04134329	0.16939499	0.06829415	0.09323315	0.11170585	0.14640086	0.18972949	0.29303580	0.16092427	0.21377811	0.10646451	0.08236778	0.20587765	0.19162750	0.09343872	0.06476858	-0.03853546	-0.00230460	-0.01699896	0.11364572	0.12718078	0.14358791	0.20752369	-0.01792348	0.15255549	0.08977393	0.07072576	0.06237188	-0.11561654	-0.01618023	0.09552190	0.08224313	0.17377379	0.33069064	-0.10651934	0.16686217	-0.03593596	-0.01932940	0.09587926	0.14164117	0.07702945	0.00062007	-0.03201797	0.14619049	0.13227715	0.12684075	0.19579499	-0.00613035	0.23003244	0.13565342	0.26014262	0.15103736	0.13973574	0.09358733	0.11268707	0.12095897	0.10849542	0.01945673	0.11282825	0.09807105	0.00317069	0.15898152	0.02896583	0.06941461	0.10463217	0.08994172	-0.02917106	0.07873041	0.10224838	0.03308047	0.02572615	0.07400427	0.19592983	0.13604607	0.08462265	-0.10951015	0.02549407	0.09604736	-0.06420020	0.07654996	0.06895157	-0.00553849	0.13205309	0.07309221	0.05548203	-0.12333707	0.00922357	-0.00000310	-0.04733456	-0.03411858	0.33218367	0.23214705	0.18365183	-0.05668828	0.05778239	-0.13898205	-0.02046514	-0.01304241	0.07259482	-0.04332776	-0.06958622	0.04351812	0.03459869	-0.00211921	-0.06449082	0.11960942	-0.07483354	0.08383677	-0.07580224	-0.10307799	-0.02938758	-0.02056013	-0.04727304	-0.04303293	0.02244416	-0.09210398	-0.03121702	0.07393777	0.20978089	0.02793001	0.15017783	-0.01141272	0.07608487	-0.00801858	-0.02509791	0.03722246	0.08630816	0.11629121	0.09185685	0.05694841	0.00851073	0.05696809	0.11875383	-0.00565905	0.09245545	0.07332339	0.16493675	0.00874286	0.10217000	0.11949494	-0.00177733	0.02040294	-0.10681971	-0.07835670	-0.07230307	0.01052715	0.05342306	0.04145535	0.12854443	0.02478547	-0.10695461	-0.06390721	0.07417516	-0.03243466	-0.09828463	0.18972711	0.02803213	0.05848088	0.07798956	-0.05187630	-0.02061039	0.02412137	0.09052675	0.05818565	0.42630358	0.24784883	0.23153784	0.12254041	0.01573569	0.03771007	0.02734523	-0.08782343	0.08177756	0.02829312	-0.10266784	-0.00955518	0.07007726	0.09912885	0.04117238	0.20035213	0.25638928	0.25972645	-0.00968893	0.17057549	0.12350931	0.16210039	0.15453916	0.02702849	-0.11466420	0.05274335	-0.00694522	-0.06923994	0.00450183	0.01409905	-0.06475773	0.08154964	0.06883339	0.00591606	0.13949486	-0.02573618	0.05314695	0.02578086	0.14554024	0.24552113	0.13638892	0.03349414	0.07698056	0.21325519	0.06152667	0.20426794	0.10371510	0.11407511	0.04736348	0.16158572	0.21878013	0.06317028	0.01559929	0.01139378	-0.05051756	0.01179142	-0.01653522	0.10310946	-0.07211670	0.04099265	0.03046466	0.13227223	0.10783474	0.11671430	0.07081848	-0.01039604	0.11391390	0.37784591	0.09587377	0.05821290	0.05490948	-0.07371919	-0.00409423	0.16200907	0.08032224	0.21087926	0.15081358	0.17577230	0.07900120	0.19235499	0.12697946	0.02337568	0.15558584	0.05511596	0.16259983	0.04350698	0.10152092	0.13219988	0.14261644	0.11456568	0.06399962	0.06253106	-0.02789755	0.15954833	0.23009855	0.15255529	0.04811676	0.09046567	-0.06300366	0.06276949	0.05309107	0.10126577	0.13949871	-0.02303929	0.09405950	0.08797467	0.12924251	0.14108982	0.14522189	0.14404814	0.01399319	0.10476784	0.04403201	-0.04057081	-0.00281208	0.17289641	0.21629830	0.01494631	0.11088806	0.14104278	0.04335554	0.09660450	0.17662472	0.06906016	0.08388689	0.16876997	-0.06298160	0.11864466	0.00497332	0.03704044	0.02541366	0.20698938	0.13232796	0.07734509	0.03841551	-0.01221353	0.10685461	0.15320602	-0.03964895	-0.00631811	0.17055685	0.02757196	0.05942555	-0.01596956	0.11445008	0.12253542	0.11660540	0.02320915	-0.03978892	0.02110007	0.08016074	0.07831052	0.07991131	0.04175276	0.00059506	0.00162554	0.01292429	0.07276038	-0.01818884	0.04689384	0.00511253	0.18405954	0.05083729	0.17406748	0.11211603	0.09430437	0.08214659	0.13949551	0.07360467	-0.00628720	0.15396579	0.09450113	0.19147205	0.21092535	0.06996735	0.11220637	0.00295036	-0.07454472	0.14806345	0.12309899	0.09834944	-0.00490575	0.12702783	0.01734031	0.13063455	0.20592949	0.21369401	-0.05278815	0.08814912	0.01184268	0.25135303	0.09464611	0.02489380	0.04903127	0.05500884	0.00501052	0.09739461	0.20952021	0.27545087	0.15889834	0.30598381	0.17439771	0.17795336	0.12300424	-0.00964818	0.01055258	0.10832257	0.06220094	0.10047771	0.24642599	0.07181294	0.11259189	0.11014311	0.21016459	0.18713491	0.17474855	0.15721539	-0.00413016	-0.02875655	0.09963881	-0.02208270	0.17128000	0.01293024	0.02478824	-0.07977564	0.17265656	0.20618562	0.14534987	0.18895302	0.11153433	0.04245934	0.14952123	0.14637607	-0.08319779	-0.01899634	0.14086667	0.06961241	0.06070479	-0.02434496	0.07225659	0.05708507	0.36151862	0.14319445	0.26201086	0.40328215	0.29833027	0.44720473	0.45008399	0.31081756	0.23241406	0.33430380	0.24015529	0.20836291	0.26231169	0.40453432	0.25906743	0.35177278	0.27688878	0.27502850	0.21297349	0.45896687	0.51683144	0.43667965	1.22076500	0.37817822	0.08855304	0.21426266	0.10455448	0.19756631	0.28030627	0.16344901	0.07250485	0.25160653
region24	0.12314913	0.20116929	0.08814694	0.21237680	0.17791724	0.11448474	0.30679848	0.10650431	0.26465217	0.07878485	0.22745515	0.17845369	0.00300952	-0.09126676	0.11555275	-0.06708696	-0.03160883	0.06849504	0.01350526	0.05515547	0.10173086	0.07914256	0.28302337	0.04798972	0.13124056	0.16748505	0.01815666	-0.06306341	0.15854104	0.08938080	0.12125617	0.22681703	0.09770906	0.14960184	0.23389778	0.15772040	0.19643634	0.25502445	0.36807938	0.27471262	0.27750124	0.07125709	0.18882195	-0.04464355	0.13166577	0.28630141	0.03787207	0.15074573	0.01484380	0.16915614	0.06293877	0.11089779	0.11592613	0.09185635	0.07934158	-0.08417244	0.09733004	0.12607237	0.14337214	0.14147285	0.17190847	0.17544990	0.07359483	0.09679694	0.15243464	0.10638774	0.18927497	0.06915687	0.13861751	0.04299429	0.19741483	0.26122852	0.06014023	0.05228553	0.07876169	0.12223871	0.07317095	0.21220719	0.29253070	0.23860304	0.13117403	0.31664205	0.25268754	0.31360720	0.21180512	0.24622247	0.21582077	0.02400939	-0.02649616	-0.01005126	0.01233000	0.08870882	0.15359010	0.19431885	0.16934243	0.17136268	0.23402893	0.29418709	0.30253629	0.19919718	0.19055739	0.17918984	0.14496119	0.11327990	0.12414057	0.00030840	0.22996334	0.27632097	0.06441633	0.04724492	0.06578694	0.18273170	0.29614962	-0.01140969	-0.06212652	-0.05096580	0.08676307	0.23556454	0.02411060	-0.05739610	0.00314842	0.17036400	0.16679311	0.18308032	0.19156116	0.03605092	0.21484032	0.19091681	0.03485839	0.17373485	0.25168095	0.26878737	0.28466293	0.16939645	0.21507264	0.22671945	0.20262763	0.14554263	0.21769200	0.22431402	0.22337171	0.29058810	0.18718467	0.06438263	0.13834109	0.30175501	0.10367021	0.25093595	0.21244810	0.28756519	0.27779791	0.32942759	0.28178466	0.15761472	0.20657473	0.25583136	0.20896316	0.25216737	0.27685486	0.35171291	0.21705431	0.21708709	0.22296247	0.23450655	0.36665729	0.24702626	0.13808367	0.17807750	0.14218753	0.08206125	0.23071839	0.08231092	0.13413935	0.15304793	0.25812099	0.25475478	0.29087122	0.00650878	0.10844315	0.20904970	0.13651683	0.21865503	0.17449732	0.08423034	0.19743298	0.25071049	0.16091391	0.27934299	-0.01005353	0.08469542	0.09660342	0.18829317	0.11772385	-0.00504538	0.00510315	-0.08650697	0.22833501	0.17309015	0.10915042	0.23626162	0.16876149	0.15509607	0.22501015	0.06251343	0.11737926	0.39759052	0.20230776	0.21237541	0.23144614	0.09325248	0.17954266	0.24555335	0.02805941	-0.06998543	0.01032906	-0.01299292	-0.10943614	0.00086125	-0.08879742	0.07859175	0.10843526	0.07084760	0.16573175	0.09747715	0.08636802	0.16728948	0.02286069	0.19142350	0.12727394	0.05547503	0.17766097	0.23011367	0.11938640	0.17738871	0.21331157	0.16845493	0.11238969	0.21180157	0.23887189	-0.08255612	0.25113687	0.17704111	0.19197061	-0.01203525	0.04180931	-0.03024704	-0.00479176	0.02781611	0.08565208	0.00847292	0.17256414	0.04835595	0.13146228	0.10141173	0.16243296	0.08452877	0.07028578	0.06797179	0.32967140	0.18389708	0.25039571	0.12334972	0.08360851	0.24709954	0.23279490	0.09451152	0.27142657	0.15051911	0.17174780	0.15952460	0.20175181	0.17072844	0.11758689	0.04632682	0.09818313	0.15397353	0.08571133	0.05183255	0.18716980	0.16675427	0.20648387	0.20945106	0.14365098	0.10187554	0.22467446	0.19041758	0.18663653	0.23276903	-0.05327318	-0.06736627	0.05920609	0.00689650	-0.07106427	0.12845590	0.03460229	0.26614331	0.16494138	0.14872483	0.15563399	0.17429230	0.09750230	0.11200712	0.16116603	0.15298105	0.08331412	0.07994416	0.23214111	0.37295136	0.06640621	0.11686606	0.15299090	0.24024474	0.04731992	0.01684247	-0.01535226	-0.11631120	0.13145268	0.21034714	-0.07503557	0.05531412	-0.03736403	0.01254642	-0.03365638	0.16134667	0.09645365	-0.01468827	0.13014156	0.15151646	0.04042140	0.11643848	0.19745552	0.21141586	0.13141681	0.14652556	0.13175428	0.23284267	0.15943390	0.08102827	0.13697175	0.04851673	0.12622438	0.11535500	0.17232351	0.18907030	0.09496163	0.11110994	0.00634762	0.13579336	0.26224105	0.15419981	0.06345324	0.10137854	0.18839720	0.18765765	0.18959634	0.04452153	0.16398505	0.17324677	0.15379431	0.22688201	0.21484382	0.12222302	0.11906519	0.15211829	0.15789815	0.21388783	0.17519847	0.13580547	0.17488773	0.10416634	0.20726084	0.23671767	0.10099391	0.11955257	0.06759543	0.03135817	0.29202667	0.26130858	0.17117491	0.14321879	0.08680127	-0.02498113	0.17331689	0.13883650	0.21500785	0.20102263	0.02053979	0.11198437	0.04876535	0.21531975	-0.14233052	0.20865823	0.08680637	0.14896650	0.09140530	0.01469432	0.06327215	0.14679139	0.12421256	0.11080166	0.05880895	0.04570131	0.01444808	-0.11205692	0.14557304	0.05351318	0.11296478	0.18180236	-0.09923381	-0.12739595	0.07685560	-0.18917206	0.12332765	0.01730644	-0.12430968	0.05230137	-0.00679514	0.12053635	-0.01275564	-0.14426974	-0.08158108	0.06712000	0.15129838	0.05939747	-0.09218712	-0.14820046	0.08539174	0.00573022	0.06975604	-0.00918475	-0.07855201	-0.02022009	0.31108496	0.22997519	0.34664120	0.30952748	0.23739315	0.40960695	0.49932430	0.30846300	0.30020684	0.30563650	0.25650186	0.27037483	0.22490426	0.24877747	0.17858749	0.07504738	0.38187258	0.30402328	0.21954909	0.35497765	0.41797219	0.40513498	0.37817822	1.00630550	0.22633550	0.40572171	0.39450531	0.33052537	0.33076524	0.38230981	0.38180494	0.37133514
region25	0.40017107	0.31845306	0.15304951	0.32811659	0.22685603	0.18242169	0.42011598	0.12154698	0.25814922	0.21869040	0.25602410	0.17481172	0.21700162	0.18486431	0.32585149	0.20384658	0.10782539	0.28917530	0.28336832	0.16024219	0.25702151	0.14159988	0.22912624	0.35145863	0.13507219	0.19746604	0.02071390	-0.10460052	0.11554018	0.06020009	0.16732690	0.20875630	0.05947622	0.11470632	0.05578657	0.18682167	0.08769413	0.27071797	0.29518501	0.14493835	0.22345153	0.26555578	0.12425552	0.01484664	0.20704629	0.29786949	0.06095305	0.11525624	-0.02065883	0.12270950	0.08860038	0.15462663	0.19264462	0.11514209	0.02839422	-0.08511664	0.17659843	0.07325067	0.22801906	0.34938504	0.29710683	0.36172253	0.20638001	0.14636691	0.08361369	0.06884349	0.20427175	0.08912467	0.19986838	0.13187712	0.09802499	0.25191153	0.04866861	0.11993435	0.08022074	0.11418503	0.18613660	0.15322367	0.12996245	0.17677092	0.11325766	0.37889003	0.34738739	0.29215542	0.23450226	0.14558234	0.29014746	0.22253398	0.03536381	0.09809264	-0.02138002	0.02930751	0.04567373	0.20792935	0.06813433	0.14499201	0.18926707	0.25871239	0.28457741	0.17892192	0.22989312	0.13980375	0.22061766	0.01341058	0.15081118	0.07348492	0.04993761	0.38963494	0.09240499	0.06634290	0.01955032	0.16996703	0.26918779	0.07073708	0.03460814	0.04587468	0.08662925	-0.00093681	-0.00058610	-0.08277767	0.27964470	0.22181179	0.20638593	0.35039353	0.16821975	0.13620084	0.20996897	0.23644688	0.01526005	0.08658969	0.41217315	0.32505573	0.08292484	0.25656654	0.34152793	0.35478258	0.36414022	0.26864348	0.29360502	0.41668098	0.34877589	0.28646944	0.24265109	0.11897834	0.10756921	0.14550386	0.18803222	0.04459146	0.26894115	0.36533099	0.32927681	0.42976067	0.38596733	0.11129295	0.12678382	0.22025122	0.23492187	0.24120582	0.34146903	0.33565444	0.16185251	0.18086205	0.08344424	0.13245144	0.42755502	0.14194805	0.06971774	0.22227881	0.24838405	0.12111595	0.49743310	0.28647322	0.24707769	0.34631249	0.26598200	0.30239947	0.27193325	-0.04901200	0.19096699	0.21175215	0.14353939	0.44396126	0.18243319	0.02671104	0.21093546	0.25139947	0.28710441	0.34908637	0.22283359	0.11458768	0.28329895	0.13584962	0.17415339	0.06804392	0.04123170	0.16654059	0.30266391	0.29609844	0.16837105	0.20722400	0.34118859	0.19795625	0.32931947	0.17187735	0.16827953	0.26092221	0.36623257	0.29329019	0.31297243	0.33082949	0.28207239	0.17766563	0.23870626	0.01544747	0.17231450	0.21967400	0.02941776	0.09999802	0.08464853	0.08442916	0.22454950	0.11394262	0.26097124	0.21492051	0.15171476	0.10226524	0.20156218	0.11064760	0.33499640	-0.03573129	0.19112361	0.32249560	0.34040005	0.19739364	0.22541664	0.21138396	0.11653170	0.28115763	0.16203730	-0.02933908	0.22059677	0.03813323	0.20518205	0.16749022	0.16977351	0.19222147	0.04951816	0.08862954	0.14624305	0.03137150	0.23192822	0.09720215	0.09617830	0.05114711	0.19930243	0.05845658	0.15624708	0.13094571	0.32864732	0.25706228	0.36323291	0.30084029	0.13403389	0.28055043	0.13704433	0.10670167	0.18263834	0.06040807	0.14378320	0.14236663	0.23734273	0.24222617	0.36082921	0.12081167	0.17843463	0.23978749	0.21068309	0.19042668	0.13352927	0.20468456	0.35653359	0.27163660	0.16466257	0.04730299	0.08710647	0.12756279	0.14639687	0.22260997	0.02870839	0.01258871	0.22133491	0.10893202	-0.19885872	0.17382419	-0.05168286	0.19734744	0.12507294	0.14961409	0.08941424	0.16105137	0.03193016	0.13741834	-0.02942252	0.20662457	0.10193128	0.03402998	0.14799533	0.06229417	0.04722628	-0.10989778	0.08374295	0.15678355	-0.00068486	0.00672196	0.08674064	-0.16676352	0.05262761	0.02573538	0.03247866	0.15728466	-0.00072374	0.10220416	0.04535248	0.01252060	0.07710386	0.26752883	0.19565918	0.24464095	0.03054580	0.20625832	0.10310309	0.13630811	0.11789747	0.20234091	0.10997387	0.32170312	0.28720177	0.06325908	0.21139462	0.19732831	0.13010801	0.03366794	0.14248311	0.24808188	0.07766078	-0.02163919	-0.01266932	0.10426824	0.23726466	0.00294863	0.08223039	0.03569071	0.18471405	0.09046458	0.06416105	0.09973295	0.10590308	0.23307166	0.15291747	0.22749663	0.11170337	0.07471907	-0.01991722	0.12561745	0.05721534	0.16032478	0.14683364	0.14488070	0.03663156	0.01188761	0.07858298	0.11969407	-0.03688570	0.25677084	0.09813230	0.06219652	0.21098652	0.11773448	0.16772916	0.13815252	0.05208370	0.01953143	0.13393786	0.06985007	0.18316863	0.28337827	0.27917726	0.18422137	0.02425363	0.38112074	0.02526423	0.18156895	0.06496909	0.19281130	0.08060005	0.02787670	0.00979526	0.09326466	0.18352838	0.06015544	0.01346197	0.19554513	0.10007751	-0.04593684	0.36947641	0.05569094	0.11624565	0.19365833	-0.00963911	-0.06547771	0.14656986	-0.04606379	0.06316070	0.12070062	-0.11029870	0.13678820	0.11853535	0.15800973	0.03674085	0.03261601	0.16785138	-0.00090295	0.06776874	0.06561408	0.00814065	-0.02752118	-0.02005569	0.07514190	0.02531604	0.04161452	0.04339810	0.18945879	0.42872248	0.36774503	0.31877470	0.13481521	0.04457153	0.36083080	0.20816828	0.10585539	0.38848144	0.28870859	0.41014838	0.32664821	0.30441630	0.29304013	0.17853665	0.06780272	0.47500177	0.35923857	0.28182974	0.26556378	0.24353391	0.24606193	0.08855304	0.22633550	1.16234005	0.50643328	0.57987980	0.56236443	0.57495195	0.52181790	0.42608539	0.44503130
region26	0.33917811	0.32839401	0.25556319	0.47225987	0.35704205	0.17804933	0.50089238	0.06304071	0.25450173	0.24937009	0.25709165	0.21066669	0.13663098	0.00332882	0.29927777	0.04647940	0.04097712	0.20344018	0.21753311	0.04854529	0.27002332	0.09075011	0.27351504	0.25121504	0.07434631	0.31050171	0.13459867	0.01307337	0.11675417	0.12819050	0.12650040	0.19920867	0.23859994	0.22494290	0.18681915	0.21034297	0.12441932	0.33763066	0.34789232	0.19820787	0.28135996	0.16698561	0.21102866	-0.06268836	0.09437941	0.29883594	-0.10305135	0.01126962	-0.03225126	0.06108019	0.00958849	0.12843055	0.04854354	0.05820266	0.12415101	0.02135741	0.21330147	0.19213763	0.25300304	0.34058252	0.23068086	0.39361709	0.25080555	0.09998010	0.15667703	0.07656648	0.27928516	0.14861764	0.09087357	0.05883515	0.21874711	0.33943686	0.08489550	0.15059829	0.12709059	0.15920211	-0.02435334	0.13053853	0.23729978	0.27415100	0.23789828	0.40175233	0.30870277	0.20885245	0.21605390	0.13577108	0.17057912	0.04946825	-0.10703513	-0.04769810	-0.11088632	0.00632972	-0.00098417	0.05784601	0.06220773	0.13154601	0.30675928	0.18988950	0.21643293	0.26552766	0.28919518	0.17720403	0.18840252	0.04948756	-0.08380284	-0.11250777	0.25204281	0.27125914	0.17146677	0.01950783	0.08737525	0.30539159	0.29507280	0.10211103	0.03049819	0.07086198	0.13429092	0.20752680	0.09771269	-0.08230357	0.21675480	0.22635371	0.03897726	0.31928854	0.12898449	0.03320313	0.27303587	0.04223413	0.05182708	0.07635942	0.27150480	0.24824586	0.09954945	0.30859600	0.22504288	0.35971606	0.23637389	0.09735821	0.37457358	0.26892683	0.37351114	0.36700254	0.28210892	0.15826092	0.06774522	0.28314744	0.24442614	0.25179951	0.34942428	0.49604301	0.46508200	0.40352265	0.47873604	0.40525678	0.39527630	0.34678653	0.27680120	0.29621417	0.44542127	0.53773907	0.30263725	0.38556628	0.23567730	0.25851170	0.56032775	0.29341751	0.12198840	0.20247886	0.32339527	0.07388033	0.39892212	0.21076147	0.24879209	0.33566763	0.34781999	0.39519294	0.34297152	0.00441387	0.18295371	0.36296950	0.22878431	0.40367020	0.22425766	0.09090507	0.32377344	0.22908544	0.05553811	0.42630571	0.10709921	0.27431537	0.28681634	0.14758206	0.18460068	-0.02480612	-0.08254419	0.02554332	0.22983587	0.02630931	0.01508972	0.11599331	0.33713168	0.25485473	0.42091896	0.18332457	0.22062775	0.41912460	0.35175091	0.32974484	0.24144610	0.26211603	0.30799314	0.26350340	0.16136051	-0.03462079	0.02953802	0.16198246	-0.06419441	0.26008808	0.03168216	0.11160720	0.29311093	0.12729021	0.34259812	0.24534687	0.24710890	0.18217015	0.26508553	0.05672642	0.36012057	0.04902530	0.28048284	0.33830456	0.32498957	0.17104050	0.19410447	0.24808268	0.15558253	0.34810901	0.28700987	-0.00851388	0.34445764	0.17808152	0.13220436	0.05121896	-0.00238523	-0.07275923	-0.00972470	-0.12695504	0.07155293	0.00064357	0.09255764	-0.03646616	0.05066948	-0.04216563	0.08939339	0.05773292	0.18974712	0.16654520	0.34864564	0.35069829	0.42761460	0.13770265	0.09860800	0.36927252	0.25932363	0.15603010	0.17114113	0.25762169	0.27134747	0.07629476	0.26849138	0.25393944	0.24738075	0.04845142	0.11694302	0.28884396	0.20930974	0.10452518	0.24850409	0.30929742	0.24553272	0.30271474	0.04370700	-0.04894044	0.03230496	0.02678630	0.01793652	0.17591450	-0.01620903	-0.13961248	-0.05060517	-0.05510485	-0.16669589	0.04401178	-0.13822289	0.14598881	0.01697359	0.15291120	0.15142740	0.12857463	0.09114206	0.10844949	0.11698086	0.02619386	0.01417509	0.02676102	0.23697166	0.36490521	-0.03071567	-0.20312970	0.19649552	0.11409937	0.23180917	0.11205270	0.20297266	-0.00612253	0.20040243	0.19448816	0.08566781	0.14653588	0.19843635	0.26766669	0.15973899	0.22403449	0.27154095	0.13213144	0.13278761	0.13953916	0.21803884	0.18330448	0.15513522	0.24677394	-0.01378916	0.19908221	0.13253458	0.33448444	0.24837143	0.04099604	0.20430419	0.01671782	0.10302892	0.14551125	0.32020356	0.36151671	0.24556204	0.04967431	0.12916713	0.09111175	0.38793377	0.15315373	0.14736668	0.11469616	0.48669547	0.32312640	0.15796504	0.17835855	0.07854420	0.46225924	0.28324424	0.40792212	0.31368984	0.36542173	0.32480009	0.37195486	0.24418584	0.20693556	0.39104155	0.30323974	0.17504206	0.16722776	0.28649313	0.29891284	0.09009430	0.25122109	0.03332385	0.22146746	0.43935169	0.33665994	0.29057133	0.26850481	0.22498064	0.04507450	0.14071979	0.03305518	0.46098780	0.45508040	0.26444108	0.35804446	0.08896748	0.34915431	0.00021155	0.32175462	0.14300179	0.16810737	-0.00676845	-0.04968754	0.02090528	0.03621409	0.20974082	-0.01838507	0.10780888	0.16123862	0.14506438	-0.09450879	0.24335871	0.11031542	0.04115257	0.14181295	-0.07528713	-0.17172484	0.17485539	-0.22823781	-0.05577149	0.04489354	-0.08790533	0.11792425	0.19764659	0.16088757	0.10207431	-0.03462917	0.16906221	0.04795373	0.03522416	-0.00587386	0.00162567	-0.14142122	-0.07256814	0.03705342	-0.07330294	-0.01781513	-0.12147202	0.06820138	0.47217438	0.29009030	0.32874746	0.18492005	0.08742860	0.40961862	0.26876287	0.11911370	0.43713938	0.44071762	0.39381364	0.46231842	0.51936607	0.43549343	0.29741899	0.10193148	0.53705478	0.49714314	0.34987191	0.33513452	0.40250057	0.43579063	0.21426266	0.40572171	0.50643328	1.13883062	0.66089334	0.63520300	0.58748770	0.63754295	0.66412535	0.64647419
region27	0.43780814	0.30778897	0.35867282	0.41675883	0.13779100	0.14019895	0.39638969	0.07328313	0.20597221	0.12861854	0.24032303	0.11431641	0.09201509	0.17195329	0.34811931	0.21880737	0.04540628	0.21849788	0.17518329	0.07888885	0.19767869	0.09274160	0.18775561	0.23960399	0.21755145	0.30308151	0.05513371	-0.16242274	0.22248893	0.05484511	0.24008453	0.40344884	0.19395506	0.27188600	0.11206212	0.29504669	0.23479790	0.50127490	0.49188415	0.28634424	0.30372507	0.22071133	0.24665955	0.12254029	0.21929096	0.32102520	-0.07962413	0.13092911	0.12372048	0.04615922	0.06573962	0.13717022	0.17165422	0.21275519	0.14397623	-0.11885030	0.26313697	0.09918192	0.31502577	0.30515984	0.17653496	0.49072590	0.24453712	0.15951832	0.07365597	0.08069543	0.13445176	0.09455087	0.13259590	0.07682385	0.11022441	0.26356998	-0.01810128	0.11164005	0.12456968	0.14418087	0.04708984	0.10157145	0.14234352	0.22926159	0.35597824	0.53377644	0.47202357	0.40007214	0.28731598	0.17830873	0.17592849	0.03872084	-0.09332764	0.06370813	-0.08723632	0.00663255	0.12366411	0.20172542	0.09043834	0.15946968	0.23485483	0.38263429	0.38634559	0.27864881	0.18464501	0.19779304	0.19454880	-0.12723065	0.10921221	-0.02428893	0.06454879	0.47883361	0.22758401	-0.09870807	0.11196171	0.37964128	0.54690385	0.36449514	0.15367552	0.18990215	0.25120247	0.13994052	0.01079836	-0.13819734	0.22132187	0.25889175	0.02355260	0.37338057	0.14292041	-0.01149579	0.23565450	0.01897925	-0.11885927	0.07220542	0.39356345	0.39918186	0.09794918	0.32807535	0.32988602	0.43492219	0.25443432	0.10510025	0.38404304	0.31097690	0.50200978	0.37857173	0.45077872	0.17405652	-0.00351328	0.19643533	0.27170422	0.19387889	0.43813734	0.59292669	0.51766275	0.40505763	0.45200576	0.44644597	0.37665602	0.39645605	0.38243315	0.47307103	0.48344702	0.55209969	0.45999277	0.38877243	0.40475212	0.31895563	0.66386585	0.34923171	0.18480275	0.53733065	0.55304896	0.31023568	0.55455098	0.35587984	0.27839141	0.35792088	0.54493848	0.39412765	0.38663518	-0.06376407	0.19011423	0.44432275	0.16143170	0.54066211	0.21184515	-0.07877208	0.34650548	0.23786184	0.19550380	0.39948585	0.18946023	0.27499992	0.29338015	0.11932921	0.08721154	0.02232822	-0.09069006	0.03174882	0.33041037	0.20000094	0.14851561	0.15111403	0.43539620	0.33165010	0.56545170	0.22486877	0.15833311	0.41176668	0.47258855	0.35622349	0.26118808	0.40730655	0.32247323	0.21318007	0.23856188	0.09782634	0.24367156	0.27966595	-0.01917317	0.22746232	0.03038159	0.04981550	0.24879829	0.09117383	0.27628209	0.22605796	0.24316305	0.27381402	0.23224123	0.17909109	0.38116090	0.10631034	0.29840451	0.40103805	0.39060137	0.31418301	0.31023445	0.36908319	0.16886830	0.40034412	0.25903153	-0.01992079	0.48150097	0.15142910	0.28808654	0.12101992	0.23990839	0.11905339	0.06830983	-0.02771370	0.18871708	-0.01117744	0.15065471	0.01903748	0.22306962	-0.06225022	0.13573130	0.15667581	0.27341140	0.24202087	0.25895357	0.38218711	0.52081472	0.33581634	0.10317045	0.38862471	0.23215548	0.09733002	0.14178243	0.16724319	0.15770786	0.20636518	0.28906518	0.26573180	0.35503511	0.13084847	0.16878269	0.32474403	0.21483201	0.31179487	0.17176001	0.28104568	0.37960928	0.37653761	0.23065326	0.07715546	0.08222417	0.15554368	0.03040716	0.27857625	-0.02900579	-0.15072261	0.15710646	0.00222243	-0.23247589	0.15257025	-0.10430070	0.33365613	0.14918750	0.19935395	0.16166595	0.16453900	0.01642286	0.29870583	-0.00349916	0.13870172	-0.02699310	-0.03427479	0.16495709	0.25103122	-0.13536697	-0.21895871	0.17757052	0.14373439	0.15531226	0.02271571	0.16651593	-0.22598733	0.23819204	0.27834020	0.10763392	0.45227793	-0.03253527	0.36177856	0.08444516	0.23450139	0.17636671	0.24697628	0.16722089	0.28812960	0.03940980	0.17708555	0.10669232	0.09611752	0.02476985	0.18455575	0.19587921	0.47061173	0.19686162	-0.01841268	0.13088449	0.05090842	0.14360966	0.01721330	0.16120726	0.40864037	0.07773495	-0.08267738	-0.02382438	0.00712908	0.44272614	0.12677837	0.09504895	0.02885855	0.39613557	0.24804688	0.03122224	0.13700399	0.16979890	0.52199238	0.22862257	0.37774022	0.24619581	0.18714854	0.24496516	0.27820549	0.20786498	0.36964221	0.38160388	0.36309217	0.33621325	0.23671321	0.34834957	0.14765732	0.16796598	0.25802054	0.17305641	0.14077066	0.36703498	0.27785961	0.34989400	0.12143023	0.16913560	-0.05976043	0.04580258	-0.06767566	0.45091191	0.46252349	0.28980065	0.31110868	0.07436108	0.33625171	-0.04445564	0.32426987	0.09998502	0.22123108	0.13325309	-0.02399469	0.04878630	0.09516923	0.20786936	-0.06364671	0.14893325	0.20383916	0.18374098	-0.05787242	0.33448814	0.05271537	0.06566186	0.30837459	-0.03881096	-0.18761213	0.14191958	-0.10942771	0.05383900	0.18041027	-0.06754062	0.20973751	0.24349085	0.31183114	0.09865875	-0.12463611	0.21370253	0.02964748	0.07114080	0.10755285	0.07316692	-0.08875146	0.04894088	0.11703195	0.07660398	0.11967085	0.00679814	0.05738158	0.47560133	0.38675365	0.41377830	0.17136383	0.06719386	0.46146365	0.24489763	0.10368384	0.49711977	0.34460082	0.43620866	0.38431775	0.38261798	0.38418525	0.19343464	0.13189697	0.55401059	0.56532568	0.41740679	0.35888569	0.34298641	0.39731721	0.10455448	0.39450531	0.57987980	0.66089334	1.18128577	0.73130903	0.75339371	0.72799775	0.72354260	0.68413424
region28	0.43766747	0.35820829	0.35401232	0.40670870	0.20712890	0.13937087	0.43467984	-0.01824233	0.15698440	0.08944214	0.14351837	0.07107385	0.10160323	0.04034387	0.33060326	0.08073118	0.05962069	0.16142711	0.14633472	0.00212511	0.17570569	0.03087049	0.18855271	0.18463109	0.03930646	0.24036361	0.00884913	-0.13599774	0.15427395	-0.03906403	0.05659666	0.18143005	0.10291163	0.14656478	0.10791464	0.16417845	0.06048580	0.50847908	0.43848663	0.19068595	0.18393728	0.12933910	0.18457019	0.03383399	0.11138402	0.30168602	-0.17636002	0.01045698	0.06196754	0.03588180	-0.04213934	0.06554310	0.05029755	0.11043462	0.05823501	-0.10614160	0.18798374	0.05750320	0.22158171	0.41523182	0.12445126	0.51315587	0.27383971	0.19373151	0.07794599	0.04161437	0.24825689	0.14318974	0.04813498	0.15633216	0.13856511	0.24885804	0.02654999	0.08066973	0.16167946	0.12820006	0.01362985	0.03024308	0.09062385	0.10952244	0.29121282	0.43366282	0.45574659	0.31594144	0.21705994	0.07158510	0.14876552	0.01751699	-0.23926472	-0.02550320	-0.17491568	-0.08893823	-0.05527037	0.09580306	0.04325590	-0.02929007	0.23217026	0.23272330	0.26763305	0.20648585	0.03125461	0.10098642	0.22941247	-0.22152639	-0.04557233	-0.06703137	0.18277677	0.40364572	0.25224476	0.00975137	0.16901544	0.28579670	0.43044802	0.15310004	0.10108736	0.07992359	0.16599992	0.16443531	0.13865868	-0.06120811	0.22648662	0.36618233	-0.00597169	0.38507226	0.12599326	0.05825183	0.22134882	0.08831417	-0.13983117	0.08989602	0.42513929	0.35746363	0.06105440	0.42220487	0.35827441	0.41730478	0.27264695	0.14475232	0.46096603	0.41180403	0.53235016	0.33475111	0.34709105	0.05624153	-0.09061621	0.19806504	0.19527914	0.04502650	0.47257614	0.63229037	0.51455833	0.49600222	0.51132453	0.41838174	0.36467233	0.42074574	0.30451828	0.39333992	0.45357044	0.49148903	0.42358977	0.36138629	0.27526127	0.25912061	0.69490950	0.23505700	0.19924771	0.31611256	0.45369403	0.16790009	0.55124321	0.25810904	0.32748742	0.37827254	0.50740020	0.48834817	0.37932349	0.00309303	0.24765159	0.37470487	0.21124221	0.54741679	0.13917985	0.03087512	0.33510807	0.22481553	0.15133152	0.50795338	0.18397411	0.32079986	0.29028205	0.13114093	0.14947007	0.01799093	-0.16716916	0.00904661	0.21374059	0.11056622	0.04958102	0.03680191	0.31759631	0.33817578	0.45618012	0.25056844	0.27857757	0.48608082	0.42710113	0.22654991	0.19615823	0.21782588	0.18913909	0.11058531	0.15481759	0.02168051	0.19955207	0.25619583	-0.06978037	0.19718199	-0.03225618	0.01475688	0.20121589	0.08444515	0.21413967	0.22506527	0.22626537	0.13606260	0.17238896	0.02850856	0.32635263	-0.01508499	0.22298650	0.26826701	0.25540806	0.19204292	0.15286067	0.28095523	0.09725317	0.26074383	0.19302944	-0.05256731	0.39887714	0.10893479	0.22322180	0.04599546	0.10662377	-0.02487077	-0.00771350	-0.04782747	0.11857051	-0.05066785	0.10457304	-0.03597735	0.06012484	-0.07545919	0.12567528	0.13131994	0.19519812	0.14042076	0.24965591	0.45032839	0.39747746	0.20681869	0.07557980	0.33016480	0.20943455	0.07832287	0.09410086	0.06600236	0.10532833	0.04925915	0.17291790	0.19355097	0.35605051	0.03684199	0.06305243	0.28206561	0.11059346	0.05776633	0.13258405	0.14485959	0.25318219	0.31294889	0.10033019	-0.09665175	-0.10072405	0.03322885	-0.09178190	0.17420453	-0.11167674	-0.25763539	-0.02133113	-0.10982003	-0.29611508	-0.02398022	-0.18682315	0.14996264	0.04429802	0.04194402	0.05226615	-0.02341258	-0.08470559	0.14211731	-0.04633618	-0.03322410	-0.06652112	-0.02826297	0.13192958	0.14630035	-0.15120930	-0.35133723	0.08416149	0.01127072	0.13325538	0.00373518	0.19736110	-0.13030091	0.13671159	0.32281587	0.10902169	0.17174281	-0.04617407	0.16898344	0.09974650	0.25221882	0.20501375	0.21877836	0.08042629	0.17453512	0.09320549	0.23475890	0.07217520	0.14095451	-0.04792048	0.16518451	0.19057033	0.35801491	0.28262085	-0.13162216	0.07514085	-0.04569710	0.01030031	0.03075720	0.19901930	0.41296149	0.18660926	0.02208554	0.03460181	-0.03455678	0.30706443	0.04401910	-0.00755700	-0.10183281	0.41552182	0.25839985	-0.02483179	0.02952439	0.09963435	0.34873340	0.21912221	0.40195178	0.17716175	0.20516775	0.26658743	0.27921621	0.19016982	0.26102904	0.35241604	0.37390256	0.17836589	0.17198065	0.24943939	0.11141078	-0.05504849	0.20959899	0.11838220	0.13093721	0.29109660	0.38408140	0.31738603	0.17330758	0.21930533	-0.03590416	0.00980197	-0.07030396	0.45651528	0.45878685	0.33011596	0.29971103	0.12680219	0.24645717	-0.02089367	0.16961940	0.01280081	0.07554963	-0.00745357	-0.14576555	-0.17600085	-0.06187278	0.14271425	-0.16782105	0.05877674	0.13405881	0.12525667	-0.05672185	0.39769397	0.09992985	0.04910293	0.20520310	-0.09777350	-0.17214632	0.16121291	-0.23770947	-0.01073269	0.09738680	-0.14269802	0.12875686	0.12887419	0.18093024	0.04061663	-0.10704765	0.27149931	0.02369669	-0.00837055	0.04292823	-0.00723016	-0.12187985	-0.02928584	0.01533061	-0.09199657	0.04712047	-0.06113975	-0.00187442	0.43116904	0.26625121	0.28323207	0.20535783	0.01913540	0.31040570	0.26666383	0.09633291	0.46811477	0.36285606	0.32730778	0.31869901	0.40821437	0.39528265	0.30633109	0.21590364	0.55217045	0.40090900	0.23983831	0.35464569	0.39420901	0.28169286	0.19756631	0.33052537	0.56236443	0.63520300	0.73130903	1.10370194	0.69957009	0.66648893	0.66563723	0.58434789
region29	0.41447788	0.47149490	0.30163755	0.38829544	0.22588002	0.20191132	0.46986150	-0.00952536	0.24978197	0.07405452	0.23633978	0.11824561	0.21069227	0.19617540	0.30321969	0.27200435	0.16561116	0.26197177	0.13755035	0.11308316	0.16375426	0.05239030	0.14729274	0.20586836	0.16272324	0.33510373	0.01712618	-0.17417566	0.22452557	0.00888102	0.24487167	0.30095575	0.13714461	0.18895610	0.12017982	0.30748053	0.21717185	0.46091868	0.37408756	0.20214489	0.30305876	0.28280690	0.27324636	0.14705526	0.22302123	0.23579090	0.00289745	0.14923061	0.14984184	0.16797788	0.11496611	0.20730038	0.18421225	0.16932191	0.10973142	-0.11291076	0.18623273	0.08772091	0.26007652	0.40367770	0.34548941	0.37230788	0.30242681	0.15483054	0.02566650	0.06942348	0.12595292	0.07678599	-0.00393939	-0.00880156	0.10079521	0.22551726	-0.00135149	0.13379844	-0.00360412	0.14125043	0.05695451	0.04425603	0.10000875	0.14561547	0.31851580	0.39389791	0.37479923	0.31868592	0.18600804	0.14942562	0.15070852	-0.00139354	-0.04865037	0.13244963	-0.12692613	-0.02220472	0.07920216	0.03112424	0.09749459	0.03088990	0.17119889	0.25644970	0.31167953	0.34746492	0.02587819	0.12763511	0.11139105	-0.18483389	0.00531987	-0.09754251	0.05274271	0.43143955	0.17976793	0.10266456	0.15511031	0.35089247	0.45152570	0.22501047	0.17516686	0.14852797	0.20898794	0.21834070	0.18822606	-0.06742111	0.16484418	0.26446197	-0.14630795	0.29024590	-0.06570728	0.04827839	0.00580242	-0.03314179	-0.17893366	0.01943234	0.33286858	0.40898075	-0.02182323	0.17281764	0.31157001	0.32547443	0.09182495	0.00813026	0.36421411	0.25645755	0.43933092	0.24452894	0.38762450	0.17996790	-0.00633178	0.22487955	0.20675560	0.01907483	0.45082009	0.61967002	0.53267420	0.35371880	0.43581682	0.49315911	0.47873903	0.44588870	0.29931043	0.43876578	0.48330505	0.53102847	0.48165865	0.38043699	0.37933864	0.35881757	0.60896481	0.28964429	0.29533661	0.45023569	0.50086443	0.30104958	0.44148131	0.29249730	0.33314986	0.38491342	0.57272904	0.46615523	0.33292737	0.01708666	0.25272157	0.31855544	0.24746066	0.46209172	0.34958261	0.00708574	0.38988100	0.23008202	0.11149503	0.48810506	0.30694589	0.39429668	0.46288242	0.23136722	0.39855027	0.14673543	0.01303266	0.07428560	0.27649809	0.09587343	0.00229346	0.15158867	0.35559722	0.16068482	0.43112512	0.18047683	0.17821757	0.36129802	0.49093262	0.35758019	0.21871758	0.29882134	0.34416120	0.17727616	0.29705060	0.22251166	0.24889774	0.26486653	0.10796739	0.21586795	-0.02317750	0.06282767	0.22833539	0.02612124	0.21898338	0.22569722	0.24002186	0.17641354	0.18846766	0.20815357	0.39028698	0.14016792	0.29752512	0.27043081	0.38563090	0.25851996	0.24848256	0.40997826	0.20427955	0.33804662	0.32291689	0.11679496	0.38229183	0.08087245	0.22623920	0.12649406	0.18862707	0.08570975	0.07273799	0.07770927	0.21936627	0.03354829	0.19069065	0.06949919	0.23415036	0.00899037	0.18498381	0.11861945	0.24113166	0.20945440	0.30980245	0.31727992	0.41409314	0.20212164	-0.04073301	0.24086760	0.15057226	0.02894640	0.16219861	0.11009400	0.16904448	0.02838521	0.32746250	0.27646532	0.20569304	0.15639865	0.09776021	0.18247175	0.17162727	0.13654102	0.16918672	0.24488375	0.31440022	0.21497936	0.11214612	-0.09778025	0.04747038	0.18510910	-0.02750850	0.11092756	-0.02877027	-0.20655352	0.09380101	0.01915008	-0.22380623	0.08981142	-0.22748633	0.20203400	0.14381769	0.08100174	0.18026366	0.08837078	0.06569976	0.15447409	-0.13111754	-0.00202872	-0.18126559	-0.18681569	0.08219819	0.16357318	-0.23023025	-0.31301958	0.11401801	-0.02366524	0.13859509	0.10905503	0.20692639	-0.15391595	0.29326058	0.24905141	0.14748836	0.30140594	0.07060141	0.29200244	0.11821922	0.31737572	0.12246661	0.17916156	0.02152481	0.10028712	0.11934658	0.06521515	0.01170137	0.04585513	-0.10191083	0.10314538	0.16373723	0.31987933	0.22577451	-0.17406608	-0.07798481	-0.10548498	-0.01867734	-0.07786154	0.16276272	0.34828133	0.08377779	0.04592265	-0.07117063	-0.11996246	0.24039250	0.06459607	0.12426875	-0.02966073	0.49858366	0.19699392	-0.00091212	0.20120411	0.08150972	0.45161741	0.25452108	0.26487061	0.14870028	0.33467062	0.33856223	0.43499221	0.26515267	0.24336981	0.40643385	0.37256319	0.14887029	0.27375996	0.40716599	0.01572964	0.01077205	0.23084243	0.10685055	0.23007789	0.35219152	0.34299913	0.27732856	0.17164790	0.20130947	0.13785336	0.05289363	-0.13653511	0.51526929	0.50563918	0.33811095	0.43437517	0.09225482	0.38058910	0.07439898	0.47407990	0.19145219	0.23657102	0.09802495	-0.18719115	-0.07458170	0.01209194	0.16394746	-0.12713283	0.23023507	0.26784824	0.16096168	0.01054562	0.35705921	0.10095364	0.04323458	0.24028309	-0.02368723	-0.13222429	0.29570519	-0.07891747	0.00966424	0.12687418	-0.09580480	0.10047526	0.24641010	0.28033250	0.08269931	-0.02934931	0.21052828	0.07882915	0.00971475	0.12977000	0.03828829	-0.10731988	0.06789381	0.11443101	-0.04648452	0.00342773	-0.04821762	0.01274041	0.49483305	0.40756468	0.45245927	0.23626604	0.13502828	0.49090594	0.35820915	0.18592526	0.53029203	0.45163033	0.44673475	0.41517650	0.49069690	0.54302307	0.28635557	0.26981839	0.57324892	0.57610627	0.41529772	0.41658021	0.35209524	0.53236358	0.28030627	0.33076524	0.57495195	0.58748770	0.75339371	0.69957009	1.18993744	0.76544258	0.63499260	0.61232071
region30	0.53488080	0.47882675	0.38272433	0.49163847	0.30122665	0.27475157	0.54302938	0.05712731	0.22431021	0.23128911	0.17781986	0.08445318	0.20304481	0.18141657	0.39925943	0.13806766	0.13636301	0.16867202	0.19197167	0.04789905	0.14628148	0.07172513	0.13988254	0.15841309	0.18804662	0.25769619	0.01593666	-0.17505467	0.23835177	0.01094117	0.03515297	0.19327866	0.17156814	0.17390319	0.11406630	0.17192939	0.02646938	0.37500969	0.34478888	0.29644696	0.19624125	0.18370472	0.21802835	0.09922658	0.22261351	0.40904936	-0.05833761	0.06737012	0.09032559	0.02470005	0.10595983	0.17945482	0.14939081	0.15987912	0.06808727	-0.05571360	0.16408802	0.05861665	0.21020659	0.48056675	0.24772838	0.59887638	0.37706716	0.29929136	0.00928438	-0.04804944	0.14042942	0.13318141	0.09110563	0.02975818	0.10279917	0.21147224	0.06462136	0.16327846	0.13974033	0.20990420	0.01377413	0.01606787	0.14716960	0.26593602	0.31191670	0.40613196	0.40118691	0.31028851	0.20754612	0.20749318	0.21812779	0.09823405	-0.09636894	0.11452986	-0.09354145	0.03430468	0.13220586	0.16273195	0.13638737	0.11084843	0.23958606	0.34968154	0.33251371	0.20454175	0.12787093	0.30392807	0.25827593	-0.15986778	0.00354514	-0.09698845	0.14246326	0.36449098	0.33017575	0.11587812	0.17426540	0.28504148	0.44088842	0.14428217	0.07093363	0.14485890	0.22270076	0.17142465	0.16365587	-0.09973826	0.14300180	0.17671411	0.04206403	0.37277544	0.05096325	-0.01612214	0.18333062	0.06676810	-0.14332972	0.01767072	0.27890238	0.30671064	0.08140312	0.35603717	0.25564891	0.36357039	0.19577489	0.03779101	0.36064173	0.28106973	0.48157595	0.39345966	0.37804637	0.04216276	-0.03487828	0.24956274	0.20606367	0.06361785	0.38001440	0.57968993	0.50596978	0.43348878	0.39595166	0.48125900	0.35274379	0.32758606	0.34360307	0.43408317	0.39602752	0.52437615	0.42988883	0.29051770	0.35756446	0.27372159	0.68756004	0.28841643	0.31562988	0.30718171	0.45851765	0.28497112	0.43965021	0.22322382	0.39872748	0.39484791	0.58269741	0.51423773	0.48628805	0.05445164	0.21427208	0.41750385	0.24027479	0.43841482	0.29415048	0.09431463	0.38992608	0.33573617	0.15524189	0.40855678	0.22413942	0.31981091	0.30270636	0.12903256	0.13404246	-0.04230522	-0.08461834	0.08706582	0.27655183	0.13222155	0.03556570	0.29397251	0.41740956	0.27775603	0.60533668	0.27448270	0.24197214	0.44295105	0.50066449	0.34897860	0.23149358	0.40719061	0.31727456	0.19339471	0.24385215	-0.00581933	0.32709140	0.31707500	-0.03870629	0.22678111	0.08288138	-0.00278003	0.22071455	0.07594562	0.26236340	0.12707420	0.24445231	0.17904977	0.09406470	0.11420587	0.26683462	-0.05444724	0.16749295	0.22545109	0.24891175	0.14580623	0.10843684	0.24620296	0.04774620	0.27897296	0.23687997	-0.08091518	0.42444016	0.14908832	0.22697956	0.19933674	0.13622588	-0.05893329	0.01036988	-0.00723877	0.18979892	0.00441368	0.12952921	0.00489452	0.16590608	-0.15608659	0.09595790	0.15130715	0.18569582	0.14639436	0.27487768	0.39355048	0.47868222	0.23322686	0.02545777	0.26321032	0.20998836	0.01795177	0.19360505	0.17375753	0.16719480	0.09683973	0.26883425	0.25475424	0.24806618	-0.00341991	0.06931571	0.17321303	0.14963430	0.14796809	0.22078778	0.26519599	0.31060890	0.29985525	0.05314467	0.03981974	0.08567715	0.07360797	0.00768701	0.24548129	0.07119972	-0.04759553	0.07638227	0.02560674	-0.17160957	0.17289388	-0.12105281	0.28787891	0.07216076	0.14179982	0.17830765	0.20466070	-0.00483568	0.29404454	0.02579902	0.08521408	-0.02849673	-0.09882294	0.23129895	0.30340611	-0.12666609	-0.22205291	0.12906986	0.06573787	0.20397256	0.12384805	0.17770752	-0.14446077	0.15728547	0.32077849	0.15291218	0.17961715	0.14594635	0.25104711	0.05333226	0.38796879	0.14641171	0.11689053	-0.02102874	0.05375141	0.00459949	0.13822339	0.11200753	0.08226834	-0.07090553	0.16549859	0.20536744	0.35592270	0.24517776	-0.09445631	0.02607339	0.01659234	0.02623044	0.03769586	0.23832577	0.35142641	0.06402823	0.15566833	0.03326540	0.03979926	0.31283481	0.17498277	-0.05581435	0.01035295	0.37401816	0.24934651	0.04209867	0.14125261	0.04645363	0.36200966	0.22964053	0.31407039	0.24362441	0.23241512	0.31049986	0.26157714	0.22490010	0.32017611	0.37558527	0.32393389	0.26938447	0.16531722	0.32494448	0.11891152	0.15078695	0.18873294	0.10932484	0.16161578	0.43533373	0.30707641	0.32988319	0.22078774	0.32907267	0.11330013	0.18379552	0.04886462	0.44581572	0.38494661	0.27685626	0.26357140	0.09246180	0.27090843	0.04412508	0.26328183	0.05758235	0.16178725	-0.02740642	-0.14976707	0.10109529	0.09340078	0.14605534	-0.01087117	0.06646145	0.17577429	0.11099733	-0.09279661	0.32397822	0.07684169	-0.05727745	0.20602408	-0.07319827	-0.19255318	0.23236567	-0.23637000	0.00589136	0.10750696	-0.13072110	0.12687765	0.11338380	0.14450703	0.07403475	-0.09622719	0.20078903	0.01096905	0.00745243	0.04241966	0.10141923	-0.17969316	-0.06219801	0.11649662	-0.09471860	-0.02079829	-0.07907480	0.01057851	0.51476763	0.23599636	0.31866645	0.07211139	0.17940486	0.30541647	0.26717227	0.16963765	0.49194072	0.33371367	0.48232032	0.42702290	0.49679532	0.49323803	0.37366808	0.27370064	0.57979518	0.49457725	0.35795568	0.36821091	0.43463941	0.45536628	0.16344901	0.38230981	0.52181790	0.63754295	0.72799775	0.66648893	0.76544258	1.25055465	0.87112296	0.65042952
region31	0.52425604	0.34968438	0.39683594	0.46001875	0.28714325	0.22127287	0.45719066	0.05685246	0.17536419	0.30340473	0.14456094	0.04418568	0.14339262	0.16023264	0.35007514	0.13870072	0.10553168	0.14676053	0.19779268	0.01901670	0.17965579	0.09601853	0.13132118	0.20096523	0.18708184	0.23096799	0.01926987	-0.16538878	0.18443418	0.04074893	-0.02454479	0.14703184	0.15620665	0.12869117	0.03802882	0.03575254	-0.02476467	0.35367658	0.32685610	0.22397339	0.17491073	0.03014566	0.19704095	0.14123699	0.28630233	0.36308064	-0.03566575	0.12100511	0.04539055	0.02409095	0.12734380	0.18343049	0.11052535	0.08380549	0.13449147	-0.00905679	0.24484464	0.03431422	0.26133162	0.36604183	0.17426747	0.60630213	0.22205156	0.28850246	0.03937000	-0.01310721	0.13431458	0.17928095	0.08291595	0.03194147	0.04999322	0.15015504	0.10487842	0.12100175	0.12635970	0.12765911	-0.00592909	-0.04167810	0.09385700	0.18145706	0.30459210	0.39156678	0.36680572	0.24496685	0.22421925	0.21955595	0.17876758	0.05052396	-0.13497480	0.09632932	-0.03146424	0.09155527	0.10427981	0.16515168	0.16228644	0.15373849	0.16986363	0.37536359	0.29604445	0.15301117	0.22869552	0.24551630	0.27826336	-0.10317823	0.00538988	-0.07903941	0.25744578	0.41713986	0.39014173	0.07874428	0.24778812	0.34958736	0.50298625	0.23150912	0.11073572	0.24329333	0.21637418	0.23124992	0.09540810	-0.08309490	0.20508577	0.20721525	0.08442430	0.36398928	0.12400076	-0.05866719	0.25784273	0.12219902	-0.05419457	0.06643050	0.34713105	0.37104773	0.12581645	0.46770026	0.27992425	0.42932558	0.31319736	0.08146656	0.40486769	0.37951520	0.58695672	0.51437372	0.45595095	0.03821343	-0.04460693	0.16564672	0.20702569	0.13230719	0.44886599	0.62165291	0.49690952	0.47333790	0.44597394	0.41814927	0.33601771	0.30938065	0.34646586	0.42741948	0.38502378	0.45207294	0.39190910	0.31620027	0.41293908	0.32228694	0.78659326	0.38136623	0.23645395	0.40837992	0.50941525	0.18166958	0.46699336	0.27210615	0.36325525	0.37771501	0.58179699	0.49555663	0.51746761	0.05743178	0.22296319	0.45820047	0.22693351	0.51127381	0.24554804	0.10381517	0.42021097	0.30474524	0.19801092	0.40276033	0.12726838	0.23725004	0.19135240	0.03531151	0.02581696	-0.06670157	-0.12268255	0.08884091	0.27175980	0.11552951	0.13429412	0.19533329	0.36117706	0.37440528	0.55432913	0.29788885	0.28635043	0.46623853	0.45891691	0.27948459	0.17880424	0.38501974	0.23430551	0.20353256	0.16056240	-0.07853823	0.23049839	0.29989212	-0.03436742	0.24031292	0.04034473	0.05081414	0.23190431	0.11614091	0.25285522	0.10729555	0.22176786	0.17785683	0.10834912	0.06742267	0.25733248	-0.10604991	0.18709963	0.16252130	0.14820924	0.11477701	-0.01339595	0.15058770	-0.03822773	0.27443922	0.18735596	-0.21531653	0.42857688	0.12639855	0.12785409	0.13974363	0.15460989	0.00012218	0.08365116	0.00486264	0.15416873	0.04919214	0.14335935	0.01291765	0.17187923	-0.09924579	0.08141048	0.12494344	0.26166057	0.11487928	0.19312543	0.34820420	0.36673700	0.14864135	0.05558536	0.30477076	0.15586955	0.02960676	0.14848192	0.15249520	0.11980608	0.04857377	0.20142915	0.17653946	0.28024908	-0.03083812	-0.01877247	0.09056509	0.07525898	-0.00870172	0.10031502	0.20195327	0.25429214	0.27906368	0.01907459	0.05581041	0.05273693	0.05740930	-0.08556009	0.25459633	-0.04976234	-0.13288016	0.01079232	0.01131556	-0.12170602	0.16275894	-0.13184186	0.25993937	-0.03018680	0.09355246	0.06665487	0.07711812	0.02120095	0.18387228	0.07617873	0.04666541	0.02388311	-0.00877125	0.27674433	0.28230041	-0.11887617	-0.23512115	0.22483951	0.14481885	0.25244086	0.04039011	0.24126889	-0.10509464	0.21387458	0.28381197	0.18130664	0.24535611	0.12746154	0.36218524	0.10176941	0.40332624	0.08861953	0.03873065	0.00793954	0.01343123	-0.02965142	0.24373215	0.14546177	0.11533449	-0.05801863	0.15523097	0.22485890	0.45225325	0.20935195	-0.08914288	0.09862435	0.02030073	0.02925227	0.07108109	0.26365314	0.40398367	0.15123746	0.07736820	0.02335809	0.07728891	0.40893486	0.21864369	-0.08416441	-0.05408860	0.27151477	0.15301043	-0.03894650	0.04577582	0.05766056	0.46876263	0.23942081	0.39099712	0.29512915	0.24957218	0.20845461	0.14019779	0.18089965	0.29068807	0.33285184	0.28680977	0.33903887	0.19265165	0.33864122	0.28045967	0.20794004	0.15404852	0.13919373	0.21896401	0.44591457	0.36124583	0.36078258	0.21109567	0.35693350	0.02465032	0.15465170	0.01152932	0.42212890	0.30110148	0.21747337	0.13561259	0.06556176	0.23255725	0.03051749	0.12068214	-0.01511266	0.08685548	-0.03173408	-0.11189916	0.06182200	0.02361889	0.17122028	-0.07188910	0.10056148	0.12153582	0.17199132	-0.09521190	0.31420114	0.12531393	0.02084288	0.29550083	-0.03483746	-0.09602524	0.14829085	-0.26160698	-0.05308254	0.12315329	0.00896151	0.14688729	0.17606181	0.05944530	0.09803833	-0.12328580	0.18981913	0.11425284	0.04722226	0.12661325	0.11858223	-0.12222084	-0.01687407	-0.02576567	-0.08790840	0.08495461	-0.03672735	0.02307194	0.40482204	0.18912778	0.23244579	0.10833473	0.16230874	0.24706654	0.29205777	0.05696824	0.48351013	0.26479258	0.39340155	0.42810859	0.50069028	0.40270457	0.35838223	0.16163056	0.49015596	0.40519042	0.25770199	0.30134450	0.40936827	0.30634450	0.07250485	0.38180494	0.42608539	0.66412535	0.72354260	0.66563723	0.63499260	0.87112296	1.25479687	0.65415012
region32	0.33924091	0.35771863	0.17876527	0.32586210	0.18831304	0.11567484	0.41922149	-0.05604552	0.22393505	0.11607292	0.26011327	0.21255917	0.08703378	-0.02572874	0.34381709	0.05957425	0.00509263	0.19610457	0.17452697	0.00501294	0.19764367	0.03619708	0.21606422	0.07245295	0.15187263	0.27002173	0.05982868	-0.15750550	0.13856506	0.05352959	0.17336048	0.26581511	0.12081680	0.16390269	0.18785787	0.14506283	0.15707550	0.39066491	0.36227559	0.22106337	0.27639064	0.11074848	0.23982448	0.08133984	0.16292324	0.32572942	-0.09971785	0.04050768	0.14925372	0.09912722	0.10047682	0.15203343	0.08197727	0.06387393	0.17884266	0.01756928	0.25552437	0.13926434	0.25112335	0.32698310	0.11381268	0.43000328	0.16017299	0.05194667	-0.02839771	-0.01818467	0.18492396	0.16487672	0.03133661	-0.02172365	0.03783479	0.20715694	0.00122305	0.08252905	-0.00052871	0.15722334	-0.01888539	0.10635032	0.14410814	0.26838504	0.25578192	0.32342477	0.30721883	0.25331668	0.14484587	0.07771808	0.07560835	-0.02876396	-0.14543980	-0.02210646	-0.12751957	0.04548070	0.01916960	0.05877977	0.04650177	0.15684098	0.19915469	0.23589594	0.25719114	0.20395682	0.17267899	0.14135159	0.18072653	-0.12941414	-0.05925036	-0.14996785	0.15763787	0.36745326	0.26992980	-0.02934813	0.18369965	0.24749658	0.40914417	0.35908932	0.13222334	0.08578205	0.29988378	0.15651882	-0.00572188	-0.18584011	0.10289632	0.17246409	-0.08899527	0.24475521	0.11925997	-0.03376781	0.11503647	-0.02998550	-0.03680973	0.00241770	0.22531483	0.26460335	0.11171687	0.24938632	0.29505064	0.35305632	0.16951934	0.03404643	0.27740433	0.20031012	0.40335284	0.32383830	0.28537792	0.09362813	-0.03242281	0.15748661	0.30265031	0.18458886	0.33800574	0.58412908	0.45837107	0.35942235	0.43339654	0.47643293	0.44293246	0.39368127	0.35639341	0.34888206	0.41676157	0.46343616	0.39843535	0.43655036	0.31657774	0.32154744	0.57605820	0.30607252	0.19532102	0.39616820	0.39840441	0.18833519	0.38253291	0.16600596	0.19620482	0.27507236	0.44811705	0.45505418	0.34847527	-0.02992488	0.11987587	0.32407848	0.21712342	0.35911206	0.21054289	0.00190413	0.27554912	0.17194882	0.03278221	0.33817228	0.12149094	0.29510092	0.26872125	0.24268469	0.09189344	-0.05176383	-0.15155727	-0.01370566	0.26894869	0.08170856	0.02940365	0.09690236	0.26926619	0.26840858	0.45558290	0.20244101	0.21505529	0.46111912	0.37593771	0.35009666	0.22253378	0.34095549	0.28796350	0.27584132	0.21637503	-0.03415232	0.09196624	0.23247060	-0.08731370	0.30940329	-0.02566331	0.08392622	0.28609874	0.10887288	0.34001609	0.20437919	0.20104737	0.19864179	0.13406384	0.10551760	0.28731566	0.01709023	0.28417653	0.18130816	0.29262851	0.26192540	0.11513834	0.25572673	0.18257942	0.30918778	0.26929542	-0.07627198	0.42305417	0.16763817	0.18942431	0.08885602	0.12226328	0.01275653	0.07579082	0.01217238	0.06865076	0.04873640	0.12094507	0.01739522	0.17465762	-0.05690246	0.11397871	0.20474217	0.27565601	0.24424207	0.25256900	0.38504263	0.44930263	0.08238222	0.02759724	0.28615867	0.16316960	0.03336627	0.08002274	0.23411954	0.13627585	-0.00785050	0.30410952	0.13658475	0.25604645	0.10620346	0.00450848	0.15276800	0.04813942	0.08043054	0.11672044	0.24407219	0.26703679	0.20904512	0.00102071	-0.06776914	0.05414442	0.08880240	-0.05522840	0.17774381	0.02235256	-0.06708492	-0.00025605	0.00826672	-0.09175980	0.11270043	-0.14656971	0.20954443	0.08310714	0.14137584	0.15723550	0.10938555	-0.02284307	0.10361696	0.06152004	0.01859439	-0.09835554	-0.05776663	0.20831426	0.32143686	-0.07370321	-0.23419947	0.22151523	0.09516454	0.17732240	0.10006655	0.18796421	-0.08966810	0.10626750	0.27835835	0.20344793	0.31608047	0.05660500	0.26158795	0.01780017	0.18040926	0.16519761	0.03488780	-0.00369373	0.04116857	0.11264959	0.13180481	0.14404695	0.11487046	-0.04832116	0.14006668	0.20556057	0.38895687	0.14282222	-0.04861434	0.09603417	-0.07642721	0.04977031	0.10076177	0.26889397	0.34540427	0.12108519	0.04616510	0.01234715	-0.01320594	0.31747871	0.10120314	-0.01016179	-0.00448873	0.43250545	0.20156424	0.01568957	0.15594512	0.12834987	0.50780831	0.24767740	0.41157452	0.28443402	0.34979398	0.35945938	0.31649872	0.29154653	0.29052142	0.42552063	0.39492132	0.30542506	0.23408956	0.30185704	0.21654453	0.19549966	0.16510629	0.05530402	0.12970551	0.41040663	0.39016406	0.27407122	0.24518704	0.15206745	0.02604237	0.03546765	-0.07673368	0.45656454	0.41646964	0.22797610	0.30509377	0.22833915	0.27719733	0.00466082	0.37256012	0.07864375	0.13149558	0.02584291	-0.07817387	0.01501936	0.04162978	0.16482307	-0.08619121	0.04704547	0.15405648	0.00505925	-0.15839861	0.25584442	0.03198392	0.12724638	0.23783649	-0.07615950	-0.13344534	0.09306681	-0.12071516	-0.02168941	0.00989326	-0.09525074	0.08731070	0.09208905	0.14041722	-0.04022366	-0.15571621	0.16292803	0.08084080	0.13421705	0.10922121	0.01190141	-0.03953630	0.05996690	0.01530180	0.00801011	0.01730087	-0.06635788	0.08692125	0.50051847	0.26526694	0.30469785	0.14288686	0.23441316	0.40417935	0.25191962	0.19970859	0.47206463	0.37790171	0.40972464	0.38695104	0.42776243	0.55233818	0.27537217	0.28027835	0.54312184	0.42495634	0.36288526	0.31628183	0.40786235	0.37424403	0.25160653	0.37133514	0.44503130	0.64647419	0.68413424	0.58434789	0.61232071	0.65042952	0.65415012	1.13374107
